0 0
1 1
2 2
3 3
4 11
5 12
6 13
7 14
8 15
9 16
10 17
11 31
12 32
13 33
14 34
15 35
16 36
17 37
18 38
19 39
20 40
21 41
22 42
23 51
24 52
25 53
26 54
27 55
28 56
29 57
30 58
31 59
32 60
33 61
34 62
35 71
36 72
37 73
38 74
39 75
40 76
41 77
42 78
43 79
44 80
45 81
46 82
47 83
48 91
49 92
50 93
51 94
52 95
53 96
54 97
55 98
56 99
57 100
58 101
59 102
60 103
61 104
62 111
63 112
64 113
65 114
66 115
67 116
68 117
69 118
70 119
71 120
72 121
73 122
74 123
75 124
76 131
77 132
78 133
79 134
80 135
81 136
82 137
83 138
84 139
85 151
86 152
87 153
88 154
89 155
90 156
91 157
92 158
93 159
94 160
95 161
96 162
97 171
98 172
99 173
100 174
101 175
102 176
103 177
104 178
105 179
106 180
107 191
108 192
109 193
110 194
111 195
112 196
113 197
114 198
115 199
116 200
117 211
118 212
119 213
120 214
121 215
122 216
123 217
124 218
125 219
126 220
127 221
128 222
129 231
130 232
131 233
132 234
133 235
134 236
135 237
136 238
137 239
138 240
139 241
140 242
141 251
142 252
143 253
144 254
145 255
146 256
147 257
148 258
149 259
150 260
151 261
152 262
153 271
154 272
155 273
156 274
157 275
158 276
159 277
160 278
161 279
162 280
163 281
164 282
165 283
166 291
167 292
168 293
169 294
170 295
171 296
172 297
173 298
174 299
175 300
176 301
177 311
178 312
179 313
180 314
181 315
182 316
183 317
184 318
185 331
186 332
187 333
188 334
189 335
190 336
191 337
192 338
193 339
194 351
195 352
196 353
197 354
198 355
199 356
200 357
201 358
202 359
203 371
204 372
205 373
206 374
207 375
208 376
209 377
210 378
211 379
212 380
213 381
214 391
215 392
216 393
217 394
218 395
219 396
220 397
221 398
222 399
223 400
224 401
225 411
226 412
227 413
228 414
229 415
230 416
231 417
232 418
233 419
234 420
235 431
236 432
237 433
238 434
239 435
240 436
241 437
242 438
243 439
244 440
245 441
246 442
247 443
248 444
249 445
250 451
251 452
252 453
253 454
254 455
255 456
256 457
257 458
258 459
259 460
260 461
261 462
262 463
263 464
264 465
265 466
266 471
267 472
268 473
269 474
270 475
271 476
272 477
273 478
274 479
275 480
276 481
277 482
278 491
279 492
280 493
281 494
282 495
283 496
284 497
285 498
286 499
287 500
288 501
289 502
290 511
291 512
292 513
293 514
294 515
295 516
296 517
297 518
298 519
299 520
300 521
301 531
302 532
303 533
304 534
305 535
306 536
307 537
308 538
309 539
310 540
311 551
312 552
313 553
314 554
315 555
316 556
317 557
318 558
319 559
320 560
321 561
322 562
323 571
324 572
325 573
326 574
327 575
328 576
329 577
330 578
331 579
332 580
333 581
334 591
335 592
336 593
337 594
338 595
339 596
340 597
341 598
342 599
343 600
344 601
345 602
346 603
347 604
348 605
349 606
350 611
351 612
352 613
353 614
354 615
355 616
356 617
357 618
358 619
359 620
360 621
361 622
362 623
363 624
364 625
365 626
366 631
367 632
368 633
369 634
370 635
371 636
372 637
373 651
374 652
375 671
376 672
377 673
378 674
379 675
380 676
381 691
382 692
383 693
384 694
385 695
386 696
387 697
388 698
389 699
390 700
391 701
392 702
393 703
394 711
395 712
396 713
397 714
398 715
399 716
400 717
401 718
402 719
403 720
404 721
405 722
406 723
407 731
408 732
409 733
410 734
411 735
412 736
413 737
414 738
415 739
416 740
417 741
418 742
419 743
420 744
421 745
422 746
423 747
424 751
425 752
426 753
427 754
428 755
429 756
430 757
431 758
432 759
433 760
434 761
435 762
436 763
437 764
438 765
439 771
440 772
441 773
442 774
443 775
444 776
445 777
446 791
447 792
448 793
449 794
450 795
451 796
452 797
453 798
454 799
455 811
456 812
457 813
458 814
459 815
460 816
461 817
462 818
463 819
464 820
465 821
466 822
467 831
468 832
469 833
470 834
471 835
472 836
473 837
474 838
475 839
476 851
477 852
478 853
479 854
480 855
481 856
482 857
483 858
484 859
485 860
486 861
487 862
488 863
489 864
490 871
491 872
492 873
493 874
494 875
495 876
496 877
497 878
498 879
499 880
500 881
501 882
502 891
503 892
504 893
505 894
506 895
507 896
508 897
509 898
510 899
511 900
512 901
513 902
514 903
515 911
516 912
517 913
518 914
519 915
520 916
521 917
522 918
523 919
524 920
525 921
526 922
527 923
528 931
529 932
530 933
531 934
532 935
533 936
534 937
535 938
536 939
537 940
538 941
539 951
540 952
541 953
542 954
543 955
544 956
545 957
546 958
547 959
548 960
549 961
550 962
551 971
552 972
553 973
554 974
555 975
556 976
557 977
558 978
559 979
560 980
561 981
562 982
563 983
564 991
565 992
566 993
567 994
568 995
569 996
570 997
571 998
572 999
573 1000
574 1001
575 1002
576 1003
577 1004
578 1005
579 1011
580 1012
581 1013
582 1014
583 1015
584 1016
585 1017
586 1018
587 1019
588 1020
589 1021
590 1022
591 1031
592 1032
593 1033
594 1034
595 1035
596 1036
597 1037
598 1038
599 1039
600 1040
601 1041
602 1042
603 1043
604 1051
605 1052
606 1053
607 1054
608 1055
609 1056
610 1057
611 1058
612 1059
613 1060
614 1061
615 1062
616 1063
617 1071
618 1072
619 1073
620 1074
621 1075
622 1076
623 1077
624 1078
625 1079
626 1080
627 1081
628 1082
629 1091
630 1092
631 1093
632 1094
633 1095
634 1096
635 1097
636 1098
637 1099
638 1100
639 1101
640 1102
641 1103
642 1104
643 1105
644 1106
645 1111
646 1112
647 1113
648 1114
649 1115
650 1116
651 1117
652 1118
653 1119
654 1120
655 1121
656 1122
657 1123
658 1124
659 1131
660 1132
661 1133
662 1134
663 1135
664 1136
665 1137
666 1138
667 1139
668 1140
669 1141
670 1142
671 1143
672 1144
673 1151
674 1152
675 1153
676 1154
677 1155
678 1156
679 1157
680 1158
681 1159
682 1160
683 1171
684 1172
685 1173
686 1174
687 1175
688 1176
689 1177
690 1178
691 1179
692 1180
693 1181
694 1182
695 1191
696 1192
697 1193
698 1194
699 1195
700 1196
701 1197
702 1198
703 1199
704 1200
705 1211
706 1212
707 1213
708 1214
709 1215
710 1216
711 1217
712 1218
713 1219
714 1231
715 1232
716 1233
717 1234
718 1235
719 1236
720 1237
721 1238
722 1239
723 1240
724 1241
725 1242
726 1251
727 1252
728 1253
729 1254
730 1255
731 1256
732 1257
733 1258
734 1259
735 1260
736 1261
737 1262
738 1263
739 1271
740 1272
741 1273
742 1274
743 1275
744 1276
745 1277
746 1278
747 1279
748 1280
749 1281
750 1282
751 1283
752 1291
753 1292
754 1293
755 1294
756 1295
757 1296
758 1297
759 1311
760 1312
761 1313
762 1314
763 1315
764 1316
765 1317
766 1318
767 1319
768 1320
769 1321
770 1322
771 1331
772 1332
773 1333
774 1334
775 1335
776 1336
777 1337
778 1338
779 1339
780 1340
781 1341
782 1342
783 1343
784 1351
785 1352
786 1353
787 1354
788 1355
789 1356
790 1357
791 1358
792 1359
793 1371
794 1372
795 1373
796 1374
797 1375
798 1376
799 1377
800 1378
801 1379
802 1380
803 1381
804 1382
805 1391
806 1392
807 1393
808 1394
809 1395
810 1396
811 1397
812 1398
813 1399
814 1400
815 1411
816 1412
817 1413
818 1414
819 1415
820 1416
821 1417
822 1418
823 1419
824 1431
825 1432
826 1433
827 1434
828 1435
829 1436
830 1437
831 1438
832 1451
833 1452
834 1453
835 1454
836 1455
837 1456
838 1457
839 1471
840 1472
841 1473
842 1474
843 1475
844 1476
845 1491
846 1492
847 1493
848 1494
849 1495
850 1496
851 1497
852 1498
853 1499
854 1511
855 1512
856 1513
857 1514
858 1515
859 1516
860 1517
861 1518
862 1531
863 1532
864 1551
865 1552
866 1553
867 1554
868 1555
869 1556
870 1557
871 1558
872 1571
873 1572
874 1573
875 1574
876 1575
877 1576
878 1577
879 1578
880 1579
881 1580
882 1581
883 1591
884 1592
885 1593
886 1594
887 1595
888 1596
889 1597
890 1611
891 1612
892 1613
893 1614
894 1615
895 1631
896 1632
897 1633
898 1634
899 1635
900 1636
901 1637
902 1638
903 1639
904 1651
905 1652
906 1653
907 1654
908 1655
909 1656
910 1657
911 1658
912 1671
913 1672
914 1673
915 1674
916 1675
917 1676
918 1677
919 1678
920 1691
921 1692
922 1693
923 1694
924 1711
925 1712
926 1713
927 1731
928 1732
929 1733
930 1734
