0 0
1 1
2 2
3 3
4 4
5 5
6 6
7 7
8 8
9 9
10 10
11 22
12 23
13 24
14 25
15 26
16 27
17 28
18 29
19 30
20 31
21 32
22 33
23 34
24 35
25 36
26 37
27 38
28 42
29 43
30 44
31 45
32 46
33 47
34 48
35 49
36 50
37 51
38 52
39 53
40 54
41 55
42 56
43 57
44 58
45 59
46 62
47 63
48 64
49 65
50 66
51 67
52 68
53 69
54 70
55 71
56 72
57 73
58 74
59 75
60 76
61 77
62 78
63 79
64 82
65 83
66 84
67 85
68 86
69 87
70 88
71 89
72 90
73 91
74 92
75 93
76 94
77 95
78 96
79 102
80 103
81 104
82 105
83 106
84 107
85 108
86 109
87 110
88 111
89 112
90 113
91 114
92 115
93 116
94 117
95 118
96 119
97 122
98 123
99 124
100 125
101 126
102 127
103 128
104 129
105 130
106 131
107 132
108 133
109 134
110 135
111 136
112 137
113 138
114 139
115 140
116 141
117 142
118 143
119 144
120 145
121 146
122 147
123 148
124 149
125 150
126 151
127 152
128 153
129 154
130 155
131 156
132 157
133 158
134 162
135 163
136 164
137 165
138 166
139 167
140 168
141 169
142 170
143 171
144 172
145 173
146 174
147 175
148 176
149 177
150 178
151 179
152 180
153 182
154 183
155 184
156 185
157 186
158 187
159 188
160 189
161 190
162 191
163 192
164 193
165 194
166 195
167 196
168 197
169 198
170 199
171 202
172 203
173 204
174 205
175 206
176 207
177 208
178 209
179 210
180 211
181 212
182 213
183 214
184 215
185 216
186 217
187 222
188 223
189 224
190 225
191 226
192 227
193 228
194 229
195 230
196 231
197 232
198 233
199 234
200 235
201 236
202 237
203 238
204 242
205 243
206 244
207 245
208 246
209 247
210 248
211 249
212 250
213 251
214 252
215 253
216 254
217 255
218 256
219 262
220 263
221 264
222 265
223 266
224 267
225 268
226 269
227 270
228 271
229 272
230 273
231 274
232 275
233 276
234 277
235 278
236 282
237 283
238 284
239 285
240 286
241 287
242 288
243 289
244 290
245 291
246 292
247 293
248 294
249 295
250 302
251 303
252 304
253 305
254 306
255 307
256 308
257 309
258 310
259 311
260 312
261 313
262 314
263 315
264 316
265 317
266 318
267 319
268 320
269 322
270 323
271 324
272 325
273 326
274 327
275 328
276 329
277 330
278 331
279 332
280 333
281 334
282 335
283 336
284 337
285 338
286 339
287 342
288 343
289 344
290 345
291 346
292 347
293 348
294 349
295 350
296 351
297 352
298 353
299 354
300 355
301 356
302 357
303 358
304 359
305 360
306 362
307 363
308 364
309 365
310 366
311 367
312 368
313 369
314 370
315 371
316 372
317 373
318 374
319 375
320 376
321 382
322 383
323 384
324 385
325 386
326 387
327 388
328 389
329 390
330 391
331 392
332 393
333 394
334 395
335 402
336 403
337 404
338 405
339 406
340 407
341 408
342 409
343 410
344 411
345 412
346 413
347 414
348 415
349 416
350 417
351 418
352 422
353 423
354 424
355 425
356 426
357 427
358 428
359 429
360 430
361 431
362 432
363 433
364 434
365 435
366 436
367 442
368 443
369 444
370 445
371 446
372 447
373 448
374 449
375 450
376 451
377 452
378 453
379 454
380 455
381 456
382 457
383 458
384 462
385 463
386 464
387 465
388 466
389 467
390 468
391 469
392 470
393 471
394 472
395 482
396 483
397 484
398 485
399 486
400 487
401 488
402 489
403 490
404 491
405 492
406 493
407 494
408 495
409 502
410 503
411 504
412 505
413 522
414 523
415 524
416 525
417 526
418 527
419 528
420 529
421 530
422 542
423 543
424 544
425 545
426 546
427 547
428 548
429 549
430 550
431 551
432 552
433 553
434 554
435 555
436 556
437 562
438 563
439 564
440 565
441 566
442 567
443 568
