0 0
1 1
2 2
3 3
4 4
5 5
6 6
7 7
8 10
9 11
10 12
11 13
12 14
13 15
14 16
15 17
16 18
17 19
18 20
19 21
20 22
21 23
22 24
23 25
24 26
25 27
30 28
31 29
32 30
33 31
34 32
35 33
36 34
37 35
38 38
39 39
40 40
41 41
42 42
43 43
44 44
45 45
46 46
47 47
48 48
50 49
51 50
52 51
53 52
54 53
55 54
56 55
57 56
58 57
59 58
61 59
62 60
63 61
64 62
65 63
66 64
67 65
68 66
69 68
70 69
71 70
72 71
73 72
74 73
75 74
76 75
80 76
81 77
82 78
83 79
84 80
85 81
86 82
87 83
88 87
89 88
90 89
91 90
92 91
93 92
94 100
95 101
96 102
97 103
98 104
99 105
100 106
101 107
102 108
103 109
104 110
105 111
106 115
107 116
108 117
109 118
110 119
111 120
112 121
113 122
114 130
115 131
116 132
117 133
118 134
119 135
120 136
121 137
122 138
123 139
124 144
125 145
126 146
127 147
128 148
129 149
130 150
131 151
132 152
133 158
134 159
135 160
136 161
137 162
138 163
139 164
140 165
141 166
142 167
143 168
144 173
145 174
146 175
147 176
148 177
149 178
150 179
151 180
152 181
153 182
154 183
155 184
156 185
157 186
158 187
159 188
160 189
161 190
162 191
163 192
164 193
165 194
166 195
167 196
168 197
169 198
170 201
171 202
172 203
173 204
174 205
175 206
176 207
177 208
178 209
179 212
180 213
181 214
182 215
183 216
184 217
185 218
186 219
187 220
188 221
189 222
190 225
191 226
192 227
193 228
194 229
195 230
196 231
197 232
198 233
199 234
200 235
202 236
203 237
204 238
205 239
206 240
207 241
208 242
209 243
210 248
211 249
212 250
213 251
214 252
215 253
216 254
217 255
218 256
219 258
220 259
221 260
222 261
223 262
224 263
225 264
226 265
227 266
228 270
229 271
230 272
231 273
232 274
233 275
234 276
235 277
236 278
237 279
238 280
239 281
240 282
241 283
242 284
243 285
244 286
245 287
246 288
247 289
248 290
249 292
250 293
251 294
252 295
253 296
254 297
255 298
256 299
257 300
258 301
259 303
260 304
261 305
262 306
263 307
264 308
265 309
266 310
267 311
268 312
270 313
271 314
272 315
273 316
274 317
275 318
276 319
277 320
278 321
279 322
280 323
281 324
283 325
284 326
285 327
286 328
287 329
288 330
289 331
290 332
291 336
292 337
293 338
294 339
295 340
296 341
297 342
298 343
299 344
300 345
301 346
302 347
306 348
307 349
308 350
309 351
310 352
311 353
312 354
313 355
314 356
315 357
316 358
317 359
318 360
319 361
320 362
321 363
322 364
323 365
324 366
325 367
326 368
327 369
328 370
329 371
330 372
331 373
332 374
333 375
334 376
335 377
336 378
337 379
338 380
339 381
340 382
341 383
342 384
343 385
344 386
345 387
346 388
347 390
348 391
349 392
350 393
351 394
352 395
353 396
354 397
355 398
356 399
357 400
358 401
359 402
360 403
361 404
362 405
363 406
364 407
365 412
366 413
367 414
368 415
369 416
370 417
371 418
372 419
373 420
374 425
375 426
376 427
377 428
378 429
379 430
380 431
381 432
382 433
383 434
384 438
385 439
386 440
387 441
388 442
389 443
390 444
391 445
392 446
393 447
394 449
395 450
396 451
397 452
398 453
399 454
400 455
401 456
402 461
403 462
404 463
405 464
406 465
407 466
408 467
409 468
410 469
411 470
412 471
413 472
414 473
415 474
416 475
417 476
418 477
419 478
420 479
421 480
422 481
423 482
424 483
427 484
428 485
429 486
430 487
431 488
432 489
433 490
434 491
435 492
436 495
437 496
438 497
439 498
440 499
441 500
442 501
443 502
444 507
445 508
446 509
447 510
448 511
449 512
450 513
451 514
452 515
453 516
454 517
455 518
456 519
457 520
458 521
459 522
460 523
461 524
462 525
463 526
464 527
465 528
466 529
467 530
468 531
469 532
470 533
471 534
472 535
473 536
474 537
477 538
478 539
479 540
480 541
481 542
482 543
483 544
484 545
485 546
489 547
490 548
491 549
492 550
493 551
494 555
495 556
496 557
497 558
498 559
499 560
500 561
501 562
502 563
503 564
504 565
505 566
506 567
507 568
508 569
509 570
510 571
514 572
515 573
516 574
517 575
518 576
519 577
520 578
521 579
522 580
523 581
524 582
525 583
526 584
527 585
528 586
529 587
530 590
531 591
532 592
533 593
534 594
535 595
536 596
537 597
538 598
539 599
542 600
543 601
544 602
545 603
546 604
547 605
548 606
549 607
550 608
551 609
552 610
553 611
554 614
555 615
556 616
557 617
558 618
559 619
560 620
561 621
562 622
563 623
564 624
565 625
566 628
567 629
568 630
569 631
570 632
571 633
572 634
573 635
574 636
575 641
576 642
577 643
578 644
579 645
580 646
581 647
582 648
583 649
584 650
585 651
586 655
587 656
588 657
589 658
590 659
591 660
592 661
593 662
594 663
595 664
596 665
597 666
598 669
599 670
600 671
601 672
602 673
603 674
604 675
605 676
606 677
607 678
608 679
609 680
610 681
611 684
612 685
613 686
614 687
615 688
616 689
617 690
618 691
619 692
620 693
621 694
622 695
623 696
628 697
629 698
630 699
631 700
632 701
633 702
634 703
635 704
636 705
637 706
638 707
639 708
640 709
641 711
642 712
643 713
644 714
645 715
646 716
647 717
648 718
649 719
650 720
651 721
652 722
653 723
654 725
655 726
656 727
657 728
658 729
659 730
660 731
661 732
662 733
663 734
664 735
665 736
666 737
667 738
669 739
670 740
671 741
672 742
673 743
674 744
675 745
676 746
677 747
678 748
679 749
680 752
681 753
682 754
683 755
684 756
685 757
686 758
687 759
688 760
689 761
690 762
691 766
692 767
693 768
694 769
695 770
696 771
697 772
698 773
699 774
700 775
701 776
702 777
703 779
704 780
705 781
706 782
707 783
708 784
709 785
710 786
711 787
712 790
713 791
714 792
715 793
716 794
717 795
718 796
719 797
720 801
721 802
722 803
723 804
724 805
725 806
726 807
727 808
728 809
729 810
730 811
731 812
732 813
733 814
734 815
735 816
736 817
737 818
738 819
739 820
740 821
741 823
742 824
743 825
744 826
745 827
746 828
747 829
748 830
749 831
750 832
751 833
753 834
754 835
755 836
756 837
757 838
758 839
759 840
760 841
761 842
762 843
763 844
764 845
