0 0
1 1
2 5
3 6
4 7
5 8
6 9
7 10
8 11
9 12
10 13
12 14
13 15
14 16
15 17
16 18
17 19
18 20
19 21
22 22
23 23
24 24
25 25
26 26
27 27
28 28
29 29
31 30
32 31
33 32
34 33
35 34
36 35
37 38
38 39
39 40
40 41
41 42
42 43
43 44
46 45
47 46
48 47
49 48
50 49
51 50
52 51
53 52
55 53
56 54
57 55
58 56
59 57
60 58
61 59
62 61
63 62
64 63
65 64
66 65
67 66
68 67
69 68
70 70
71 71
72 72
73 73
74 74
75 75
76 76
77 77
78 78
79 79
80 80
81 81
82 82
83 83
84 84
85 85
88 86
89 87
90 88
91 89
92 90
93 94
94 95
95 96
96 97
97 98
98 99
99 100
104 101
105 102
106 103
107 104
108 105
109 109
110 110
111 111
112 112
113 113
114 114
115 115
116 116
118 117
119 118
120 119
121 120
122 121
123 122
124 124
125 125
126 126
127 127
128 128
129 129
130 130
131 131
134 132
135 133
136 134
137 135
138 136
139 137
140 138
141 139
142 140
143 141
144 142
145 143
146 144
147 145
148 146
149 147
150 148
151 149
152 150
153 151
154 156
155 157
156 158
157 159
158 160
159 161
160 162
164 163
165 164
166 165
167 166
168 167
169 168
170 169
171 170
172 171
173 172
174 173
175 174
176 175
177 176
178 177
181 178
182 179
183 180
184 181
185 182
186 183
187 186
188 187
189 188
190 189
191 190
192 191
193 192
196 193
197 194
198 195
199 200
200 201
201 202
202 203
203 204
204 205
205 206
206 207
211 208
212 209
213 210
214 211
215 212
216 213
217 214
218 215
219 216
220 217
221 220
222 221
223 222
224 223
225 224
226 225
227 226
228 227
229 228
230 229
231 232
232 233
233 234
234 235
235 236
236 237
237 238
238 239
239 240
240 241
241 244
242 245
243 246
244 247
245 248
246 249
247 250
248 251
249 252
250 253
252 254
253 255
254 256
255 257
256 258
257 259
258 260
259 261
260 262
261 263
262 264
266 265
267 266
268 267
269 268
270 269
271 275
272 276
273 277
274 278
275 279
276 280
277 281
278 282
279 283
281 284
282 285
283 286
284 287
285 288
286 289
287 290
288 291
289 292
290 295
291 296
292 297
293 298
294 299
295 300
296 301
297 302
298 303
299 304
300 305
301 306
302 307
303 308
304 309
305 310
306 311
307 312
308 313
309 314
310 315
311 316
312 317
313 318
314 319
315 320
316 321
317 322
318 323
319 327
320 328
321 329
322 330
323 331
324 332
325 333
326 334
327 335
331 336
332 337
333 338
334 339
335 340
336 341
337 342
338 343
339 344
340 345
342 346
343 347
344 348
345 349
346 350
347 351
348 352
349 353
350 354
351 355
352 356
355 357
356 358
357 359
358 360
359 361
360 362
361 363
362 364
363 365
364 367
365 368
366 369
367 370
368 371
369 372
370 373
371 374
372 375
373 376
375 377
376 378
377 379
378 380
379 381
380 382
381 383
382 384
383 385
384 386
385 387
386 388
387 389
388 390
389 391
390 392
391 393
392 394
393 395
394 396
395 397
396 399
397 400
398 401
399 402
400 403
401 404
402 405
403 406
404 411
405 412
406 413
407 414
408 415
409 416
410 417
411 418
412 419
413 420
414 421
419 422
420 423
421 424
422 425
423 426
424 427
425 428
426 429
427 430
428 431
429 432
430 433
433 434
434 435
435 436
436 437
437 438
438 439
439 440
440 446
441 447
442 448
443 449
444 450
445 451
446 452
447 453
448 454
449 458
450 459
451 460
452 461
453 462
454 463
455 464
456 465
457 466
458 467
459 470
460 471
461 472
462 473
463 474
464 475
465 476
466 477
467 478
468 482
469 483
470 484
471 485
472 486
473 487
474 488
475 489
476 490
477 491
478 492
479 493
481 494
482 495
483 496
484 497
485 498
486 499
487 500
488 501
489 506
490 507
491 508
492 509
493 510
494 511
495 512
496 513
497 514
498 518
499 519
500 520
501 521
502 522
503 523
504 524
505 531
506 532
507 533
508 534
509 535
510 536
511 537
512 538
513 543
514 544
515 545
516 546
517 547
518 548
519 549
520 550
521 555
522 556
523 557
524 558
525 559
526 560
527 561
528 562
529 563
530 568
531 569
532 570
533 571
534 572
535 573
536 574
537 575
538 576
539 577
540 578
541 579
542 582
543 583
544 584
545 585
546 586
547 587
548 588
549 589
550 590
551 591
552 595
553 596
554 597
555 598
556 599
557 600
558 601
559 602
560 603
561 604
562 605
563 606
564 607
565 608
566 609
567 610
568 611
569 612
570 613
571 614
572 615
573 616
574 618
575 619
576 620
577 621
578 622
579 623
580 624
581 625
582 626
583 627
584 628
585 629
586 630
587 631
588 632
589 633
590 634
591 635
592 636
593 637
594 638
595 639
599 640
600 641
601 642
602 643
603 644
604 645
605 646
606 647
607 650
608 651
609 652
610 653
611 654
612 655
613 656
614 657
615 658
616 659
617 660
618 661
619 662
620 663
621 664
622 665
623 666
624 667
625 668
626 669
627 670
628 671
629 672
630 673
631 674
632 675
633 676
634 677
635 678
636 679
638 680
639 681
640 682
641 683
642 684
643 685
644 686
645 690
646 691
647 692
648 693
649 694
650 695
651 696
652 697
653 698
654 699
655 700
656 701
657 702
658 703
659 710
660 711
661 712
662 713
663 714
664 715
665 716
666 717
667 718
668 719
670 720
671 721
672 722
673 723
674 724
675 725
676 726
677 727
678 728
679 729
680 730
681 731
682 732
683 733
684 734
685 735
686 736
687 737
688 738
689 741
690 742
691 743
692 744
693 745
694 751
695 752
696 753
697 754
698 755
699 756
700 757
701 758
702 759
703 760
704 761
709 762
710 763
711 764
712 765
713 766
714 767
715 768
716 771
717 772
718 773
719 774
720 775
721 776
722 777
723 778
724 779
725 780
726 781
727 782
728 783
729 784
730 785
731 786
732 787
733 788
734 789
736 790
737 791
738 792
739 793
740 794
741 795
742 796
743 797
744 800
745 801
746 802
747 803
748 804
749 805
750 806
751 807
752 808
753 809
760 810
761 811
762 812
763 813
764 814
765 815
766 816
767 817
768 818
769 819
772 820
773 821
774 822
775 823
776 824
777 825
778 826
779 830
780 831
781 832
782 833
783 834
784 835
785 836
786 837
787 838
788 841
789 842
790 843
791 844
792 845
793 846
794 847
795 848
796 849
797 850
798 851
799 852
800 853
801 854
802 855
803 856
804 857
805 858
806 859
807 860
808 862
809 863
810 864
811 865
812 866
813 867
814 868
815 869
816 870
817 873
818 874
819 875
820 876
821 877
822 878
823 879
824 880
825 881
826 882
827 884
828 885
829 886
830 887
831 888
832 889
833 890
834 891
835 892
836 893
838 894
839 895
840 896
841 897
842 898
843 899
844 900
845 901
846 902
847 903
848 904
849 905
850 906
851 907
852 908
853 909
854 910
855 911
856 912
857 913
858 914
859 915
860 916
861 917
862 918
863 919
864 920
865 921
866 922
867 923
870 924
871 925
872 926
873 927
874 928
875 929
876 930
877 931
878 932
879 933
880 934
881 935
882 936
883 937
884 938
885 939
886 940
887 941
888 942
889 943
892 944
893 945
894 946
895 947
896 948
897 949
898 950
899 952
900 953
901 954
902 955
903 956
904 957
905 958
906 959
911 960
912 961
913 962
914 963
915 964
916 966
917 967
918 968
919 969
920 970
921 971
922 972
923 973
924 974
925 975
926 976
927 977
928 979
929 980
930 981
931 982
932 983
933 984
934 986
935 987
936 988
937 989
938 990
939 991
942 992
943 993
944 994
945 995
946 996
947 997
948 998
949 999
950 1000
951 1001
952 1004
953 1005
954 1006
955 1007
956 1008
959 1009
960 1010
961 1011
962 1012
963 1013
964 1014
965 1015
967 1016
968 1017
969 1018
970 1019
971 1020
972 1021
973 1022
974 1023
975 1024
976 1025
977 1026
978 1027
979 1028
980 1029
981 1032
982 1033
983 1034
984 1035
985 1036
986 1037
987 1038
988 1039
989 1040
994 1041
995 1042
996 1043
997 1044
998 1045
999 1046
1000 1049
1001 1050
1002 1051
1003 1052
1004 1053
1005 1054
1006 1055
1008 1056
1009 1057
1010 1058
1011 1062
1012 1063
1013 1064
1014 1065
1015 1066
1016 1067
1018 1068
1019 1069
1020 1070
1021 1071
1022 1072
1023 1073
1025 1074
1026 1075
1027 1076
1028 1077
1029 1080
1030 1081
1031 1082
1032 1083
1033 1084
1034 1085
1035 1086
1036 1087
1037 1088
1038 1089
1039 1090
1042 1091
1043 1092
1044 1093
1045 1094
1046 1095
1047 1096
