0 3
1 4
2 5
3 6
4 7
5 8
6 23
7 24
8 25
9 26
10 27
11 28
12 29
13 30
14 31
15 32
16 33
17 34
18 35
19 36
20 37
21 43
22 44
23 45
24 46
25 47
26 48
27 49
28 50
29 51
30 52
31 53
32 54
33 55
34 56
35 57
36 58
37 59
38 60
39 61
40 62
41 63
42 64
43 65
44 66
45 67
46 68
47 69
48 70
49 71
50 72
51 73
52 74
53 75
54 76
55 77
56 78
57 79
58 80
59 83
60 84
61 85
62 86
63 87
64 88
65 89
66 90
67 91
68 92
69 93
70 94
71 95
72 96
73 97
74 103
75 104
76 105
77 106
78 107
79 108
80 109
81 110
82 111
83 112
84 113
85 114
86 115
87 116
88 123
89 124
90 125
91 126
92 127
93 128
94 129
95 130
96 131
97 132
98 133
99 134
100 135
101 136
102 137
103 138
104 139
105 140
106 143
107 144
108 145
109 146
110 147
111 148
112 149
113 150
114 151
115 152
116 153
117 154
118 155
119 156
120 157
121 158
122 163
123 164
124 165
125 166
126 167
127 168
128 169
129 170
130 171
131 172
132 173
133 174
134 175
135 176
136 177
137 178
138 179
139 180
140 181
141 183
142 184
143 185
144 186
145 187
146 188
147 189
148 190
149 191
150 192
151 193
152 194
153 195
154 196
155 197
156 198
157 199
158 200
159 203
160 204
161 205
162 206
163 207
164 208
165 209
166 210
167 211
168 212
169 213
170 214
171 215
172 216
173 217
174 218
175 223
176 224
177 225
178 226
179 227
180 228
181 229
182 230
183 231
184 232
185 233
186 234
187 235
188 236
189 237
190 238
191 239
192 240
193 241
194 243
195 244
196 245
197 246
198 247
199 248
200 249
201 250
202 251
203 252
204 253
205 254
206 255
207 256
208 257
209 258
210 263
211 264
212 265
213 266
214 267
215 268
216 269
217 270
218 271
219 272
220 283
221 284
222 285
223 286
224 287
225 288
226 289
227 290
228 291
229 292
230 293
231 294
232 295
233 296
234 303
235 304
236 305
237 306
238 307
239 308
240 309
241 310
242 311
243 312
244 313
245 314
246 315
247 316
248 317
249 323
250 324
251 325
252 326
253 327
254 328
255 329
256 330
257 331
258 332
259 333
260 334
261 335
262 336
263 337
264 338
265 339
266 340
267 341
268 342
269 343
270 344
271 345
272 346
273 347
274 348
275 349
276 350
277 351
278 352
279 353
280 354
281 355
282 356
283 357
284 358
285 359
286 360
287 361
288 362
289 363
290 364
291 365
292 366
293 367
294 368
295 369
296 370
297 371
298 372
299 373
300 374
301 375
302 376
303 377
304 378
305 379
306 380
307 383
308 384
309 385
310 386
311 387
312 388
313 389
314 390
315 391
316 392
317 393
318 394
319 395
320 396
321 397
322 398
323 399
324 400
325 401
326 403
327 404
328 405
329 406
330 407
331 408
332 409
333 410
334 411
335 412
336 413
337 414
338 415
339 416
340 417
341 418
342 419
343 420
344 423
345 424
346 425
347 426
348 427
349 428
350 429
351 430
352 431
353 432
354 433
355 434
356 435
357 436
358 437
359 438
360 439
361 440
362 441
363 443
364 444
365 445
366 446
367 447
368 448
369 449
370 450
371 451
372 452
373 453
374 454
375 455
376 456
377 457
378 458
379 459
380 460
381 463
382 464
383 465
384 466
385 467
386 468
387 469
388 470
389 471
390 472
391 473
392 474
393 475
394 476
395 477
396 478
397 479
398 480
399 483
400 484
401 485
402 486
403 487
404 488
405 489
406 490
407 491
408 492
409 493
410 494
411 495
412 496
413 497
414 498
415 503
416 504
417 505
418 506
419 507
420 508
421 509
422 510
423 511
424 512
425 513
426 514
427 523
428 524
429 525
430 526
431 527
432 528
433 529
434 530
435 531
436 532
437 533
438 534
439 535
440 536
441 537
442 538
443 539
444 543
445 544
446 545
447 546
448 547
449 548
450 549
451 550
452 551
453 552
454 553
455 554
456 555
457 556
458 557
459 558
460 559
461 563
462 564
463 565
464 566
465 567
466 568
467 569
468 570
469 571
470 572
471 573
472 574
473 575
474 576
475 577
476 578
477 583
478 584
479 585
480 586
481 587
482 588
483 589
484 590
485 591
486 592
487 593
488 594
489 595
490 596
491 597
492 598
493 599
494 600
495 603
496 604
497 605
498 606
499 607
500 608
501 609
502 610
503 611
504 612
505 613
506 614
507 615
508 616
509 617
510 623
511 624
512 625
513 626
514 627
515 628
516 629
517 630
518 631
519 632
520 633
521 634
522 635
523 636
524 637
525 638
526 643
527 644
528 645
529 646
530 647
531 648
532 649
533 650
534 651
535 652
536 653
537 654
538 655
539 656
540 657
541 658
542 659
543 663
544 664
545 665
546 666
547 667
548 668
549 669
550 670
551 671
552 672
553 673
554 674
555 675
556 676
557 683
558 684
559 685
560 686
561 687
562 688
563 689
564 690
565 691
566 692
567 693
568 694
569 695
570 696
571 703
572 704
573 705
574 706
575 707
576 708
577 709
578 710
579 711
580 712
581 713
582 714
583 715
584 716
585 717
586 723
587 724
588 725
589 726
590 727
591 728
592 729
593 730
594 731
595 732
596 733
597 734
598 735
599 736
600 737
601 738
602 743
603 744
604 745
605 746
606 747
607 748
608 749
609 750
610 751
611 752
612 753
613 754
614 755
615 756
616 757
617 763
618 764
619 765
620 766
621 767
622 768
623 769
624 770
625 771
626 772
627 773
628 774
629 775
630 776
631 783
632 784
633 785
634 786
635 787
636 788
637 789
638 790
639 791
640 792
641 793
642 794
643 795
644 796
645 803
646 804
647 805
648 806
649 807
650 808
651 809
652 810
653 811
654 812
655 813
656 814
657 815
658 816
659 817
660 818
661 823
662 824
663 825
664 826
665 827
666 828
667 829
668 830
669 831
670 832
671 833
672 834
673 843
674 844
675 845
676 846
677 847
678 848
679 849
680 850
681 851
682 852
683 853
684 854
685 855
686 856
687 857
688 858
689 859
690 863
691 864
692 865
693 866
694 867
695 868
696 869
697 870
698 871
699 872
700 883
701 884
702 885
703 886
704 887
705 888
706 889
707 890
708 891
709 892
710 893
711 894
712 895
713 903
714 904
715 905
716 906
717 907
718 908
719 909
720 910
721 911
722 912
723 913
724 914
725 915
726 916
727 917
728 918
729 919
730 920
731 923
732 924
733 925
734 926
735 927
736 928
737 929
738 930
739 931
740 932
741 933
742 934
743 935
744 936
745 943
746 944
747 945
748 946
749 947
750 948
751 949
752 950
753 951
754 952
755 953
756 954
757 955
758 956
759 957
760 958
761 959
762 960
763 961
764 963
765 964
766 965
767 966
768 967
769 968
770 969
771 970
772 971
773 972
774 973
775 974
776 975
777 983
778 984
779 985
780 986
781 987
782 988
783 989
784 990
785 991
786 992
787 993
788 994
789 1003
790 1004
791 1005
792 1006
793 1007
794 1008
795 1009
796 1010
797 1011
798 1012
799 1013
800 1014
801 1015
802 1023
803 1024
804 1025
805 1026
806 1027
807 1028
808 1029
809 1030
810 1031
811 1032
812 1033
813 1034
814 1035
815 1036
816 1037
817 1043
818 1044
819 1045
820 1046
821 1047
822 1048
823 1049
824 1050
825 1051
826 1052
827 1053
828 1054
829 1055
830 1056
831 1057
832 1058
833 1063
834 1064
835 1065
836 1066
837 1067
838 1068
839 1069
840 1070
841 1071
842 1072
843 1073
844 1074
845 1075
846 1083
847 1084
848 1085
849 1086
850 1087
851 1088
852 1089
853 1090
854 1091
855 1092
856 1093
857 1094
858 1095
859 1096
860 1097
861 1103
862 1104
863 1105
864 1106
865 1107
866 1108
867 1109
868 1110
869 1111
870 1112
871 1113
872 1114
873 1115
874 1116
875 1117
876 1118
877 1119
878 1120
879 1123
880 1124
881 1125
882 1126
883 1127
884 1128
885 1129
886 1130
887 1131
888 1132
889 1133
890 1134
891 1135
892 1136
893 1137
894 1138
895 1139
896 1143
897 1144
898 1145
899 1146
900 1147
901 1148
902 1149
903 1150
904 1151
905 1152
906 1153
907 1154
908 1155
909 1156
910 1157
911 1158
912 1163
913 1164
914 1165
915 1166
916 1167
917 1168
918 1169
919 1170
920 1171
921 1172
922 1173
923 1174
924 1175
925 1176
926 1177
927 1178
928 1183
929 1184
930 1185
931 1186
932 1187
933 1188
934 1189
935 1190
936 1191
937 1192
938 1193
939 1194
940 1195
941 1196
942 1197
943 1198
944 1199
945 1203
946 1204
947 1205
948 1206
949 1207
950 1208
951 1209
952 1210
953 1211
954 1212
955 1213
956 1214
957 1215
958 1216
959 1217
960 1218
961 1219
962 1220
963 1221
964 1223
965 1224
966 1225
967 1226
968 1227
969 1228
970 1229
971 1230
972 1231
973 1232
974 1233
975 1234
976 1235
977 1236
978 1237
979 1238
980 1239
981 1240
982 1243
983 1244
984 1245
985 1246
986 1247
987 1248
988 1249
989 1250
990 1251
991 1252
992 1253
993 1254
994 1255
995 1263
996 1264
997 1265
998 1266
999 1267
1000 1268
1001 1269
1002 1270
1003 1271
1004 1272
1005 1273
1006 1274
1007 1275
1008 1276
1009 1277
1010 1278
1011 1279
1012 1280
1013 1283
1014 1284
1015 1285
1016 1286
1017 1287
1018 1288
1019 1289
1020 1290
1021 1291
1022 1292
1023 1293
1024 1294
1025 1295
1026 1296
1027 1297
1028 1298
1029 1299
1030 1303
1031 1304
1032 1305
1033 1306
1034 1307
1035 1308
1036 1309
1037 1310
1038 1311
1039 1312
1040 1313
1041 1314
1042 1315
1043 1316
1044 1317
1045 1318
1046 1319
1047 1320
1048 1323
1049 1324
1050 1325
1051 1326
1052 1327
1053 1328
1054 1329
1055 1330
1056 1331
1057 1332
1058 1333
1059 1334
1060 1335
1061 1336
1062 1337
1063 1338
1064 1339
1065 1343
1066 1344
1067 1345
1068 1346
1069 1347
1070 1348
1071 1349
1072 1350
1073 1351
1074 1352
1075 1353
1076 1354
1077 1355
1078 1356
1079 1357
1080 1363
1081 1364
1082 1365
1083 1366
1084 1367
1085 1368
1086 1369
1087 1370
1088 1371
1089 1372
1090 1373
1091 1383
1092 1384
1093 1385
1094 1386
1095 1387
1096 1388
1097 1389
1098 1390
1099 1391
1100 1392
1101 1393
1102 1394
1103 1395
1104 1396
1105 1397
1106 1398
1107 1403
1108 1404
1109 1405
1110 1406
1111 1407
1112 1408
1113 1409
1114 1410
1115 1411
1116 1412
1117 1413
1118 1414
1119 1415
1120 1416
1121 1417
1122 1418
1123 1423
1124 1424
1125 1425
1126 1426
1127 1427
1128 1428
1129 1429
1130 1430
1131 1431
1132 1432
1133 1433
1134 1434
1135 1435
1136 1436
1137 1437
1138 1438
1139 1443
1140 1444
1141 1445
1142 1446
1143 1447
1144 1448
1145 1449
1146 1450
1147 1451
1148 1452
1149 1453
1150 1454
1151 1455
1152 1456
1153 1457
1154 1458
1155 1463
1156 1464
1157 1465
1158 1466
1159 1467
1160 1468
1161 1469
1162 1470
1163 1471
1164 1472
1165 1473
1166 1474
1167 1475
1168 1476
1169 1477
1170 1478
1171 1479
1172 1480
1173 1481
1174 1483
1175 1484
1176 1485
1177 1486
1178 1487
1179 1488
1180 1489
1181 1490
1182 1491
1183 1492
1184 1493
1185 1494
1186 1495
1187 1496
1188 1497
1189 1498
1190 1503
1191 1504
1192 1505
1193 1506
1194 1507
1195 1508
1196 1509
1197 1510
1198 1511
1199 1512
1200 1513
1201 1514
1202 1515
1203 1516
1204 1517
1205 1518
1206 1523
1207 1524
1208 1525
1209 1526
1210 1527
1211 1528
1212 1529
1213 1530
1214 1531
1215 1532
1216 1533
1217 1534
1218 1535
1219 1536
1220 1537
1221 1538
1222 1539
1223 1540
1224 1541
1225 1543
1226 1544
1227 1545
1228 1546
1229 1547
1230 1548
1231 1549
1232 1550
1233 1551
1234 1552
1235 1553
1236 1554
1237 1555
1238 1556
1239 1557
1240 1558
1241 1563
1242 1564
1243 1565
1244 1566
1245 1567
1246 1568
1247 1569
1248 1570
1249 1571
1250 1572
1251 1573
1252 1574
1253 1575
1254 1576
1255 1577
1256 1578
1257 1579
1258 1580
1259 1583
1260 1584
1261 1585
1262 1586
1263 1587
1264 1588
1265 1589
1266 1590
1267 1591
1268 1592
1269 1593
1270 1594
1271 1595
1272 1596
1273 1597
1274 1598
1275 1599
1276 1600
1277 1601
1278 1603
1279 1604
1280 1605
1281 1606
1282 1607
1283 1608
1284 1609
1285 1610
1286 1611
1287 1612
1288 1613
1289 1614
1290 1615
1291 1616
1292 1617
1293 1618
1294 1619
1295 1623
1296 1624
1297 1625
1298 1626
1299 1627
1300 1628
1301 1629
1302 1630
1303 1631
1304 1632
1305 1633
1306 1634
1307 1635
1308 1636
1309 1637
1310 1638
1311 1639
1312 1640
1313 1643
1314 1644
1315 1645
1316 1646
1317 1647
1318 1648
1319 1649
1320 1650
1321 1651
1322 1652
1323 1653
1324 1654
1325 1655
1326 1656
1327 1657
1328 1663
1329 1664
1330 1665
1331 1666
1332 1667
1333 1668
1334 1669
1335 1670
1336 1671
1337 1672
1338 1673
1339 1674
1340 1675
1341 1676
1342 1677
1343 1678
1344 1679
1345 1683
1346 1684
1347 1685
1348 1686
1349 1687
1350 1688
1351 1689
1352 1690
1353 1691
1354 1692
1355 1693
1356 1694
1357 1695
1358 1696
1359 1703
1360 1704
1361 1705
1362 1706
1363 1707
1364 1708
1365 1709
1366 1710
1367 1711
1368 1712
1369 1713
1370 1714
1371 1715
1372 1716
1373 1717
1374 1718
1375 1719
1376 1720
1377 1721
1378 1723
1379 1724
1380 1725
1381 1726
1382 1727
1383 1728
1384 1729
1385 1730
1386 1731
1387 1732
1388 1733
1389 1734
1390 1735
1391 1736
1392 1737
1393 1743
1394 1744
1395 1745
1396 1746
1397 1747
1398 1748
1399 1749
1400 1750
1401 1751
1402 1752
1403 1753
1404 1754
1405 1755
1406 1756
1407 1757
1408 1758
1409 1759
1410 1760
1411 1761
1412 1763
1413 1764
1414 1765
1415 1766
1416 1767
1417 1768
1418 1769
1419 1770
1420 1771
1421 1772
1422 1773
1423 1774
1424 1775
1425 1776
1426 1777
1427 1783
1428 1784
1429 1785
1430 1786
1431 1787
1432 1788
1433 1789
1434 1790
1435 1791
1436 1792
1437 1793
1438 1794
1439 1795
1440 1796
1441 1797
1442 1798
1443 1799
1444 1803
1445 1804
1446 1805
1447 1806
1448 1807
1449 1808
1450 1809
1451 1810
1452 1811
1453 1812
1454 1813
1455 1814
1456 1815
1457 1816
1458 1823
1459 1824
1460 1825
1461 1826
1462 1827
1463 1828
1464 1829
1465 1830
1466 1831
1467 1832
1468 1833
1469 1834
1470 1835
1471 1836
1472 1843
1473 1844
1474 1845
1475 1846
1476 1847
1477 1848
1478 1849
1479 1850
1480 1851
1481 1852
1482 1853
1483 1854
1484 1855
1485 1856
1486 1857
1487 1858
1488 1863
1489 1864
1490 1865
1491 1866
1492 1867
1493 1868
1494 1869
1495 1870
1496 1871
1497 1872
1498 1873
1499 1874
1500 1875
1501 1876
1502 1877
1503 1878
1504 1883
1505 1884
1506 1885
1507 1886
1508 1887
1509 1888
1510 1889
1511 1890
1512 1891
1513 1892
1514 1893
1515 1894
1516 1895
1517 1896
1518 1897
1519 1898
1520 1903
1521 1904
1522 1905
1523 1906
1524 1907
1525 1908
1526 1909
1527 1910
1528 1911
1529 1912
1530 1913
1531 1914
1532 1915
1533 1916
1534 1917
1535 1918
1536 1923
1537 1924
1538 1925
1539 1926
1540 1927
1541 1928
1542 1929
1543 1930
1544 1931
1545 1932
1546 1933
1547 1934
1548 1935
1549 1936
1550 1937
1551 1938
1552 1939
1553 1943
1554 1944
1555 1945
1556 1946
1557 1947
1558 1948
1559 1949
1560 1950
1561 1951
1562 1952
1563 1953
1564 1954
1565 1955
1566 1956
1567 1957
1568 1958
1569 1959
1570 1963
1571 1964
1572 1965
1573 1966
1574 1967
1575 1968
1576 1969
1577 1970
1578 1971
1579 1972
1580 1973
1581 1974
1582 1975
1583 1976
1584 1983
1585 1984
1586 1985
1587 1986
1588 1987
1589 1988
1590 1989
1591 1990
1592 1991
1593 1992
1594 1993
1595 1994
1596 1995
1597 1996
1598 1997
1599 1998
1600 2003
1601 2004
1602 2005
1603 2006
1604 2007
1605 2008
1606 2009
1607 2010
1608 2011
1609 2012
1610 2013
1611 2014
1612 2015
1613 2016
1614 2017
1615 2018
1616 2019
1617 2020
1618 2023
1619 2024
1620 2025
1621 2026
1622 2027
1623 2028
1624 2029
1625 2030
1626 2031
1627 2032
1628 2033
1629 2034
1630 2035
1631 2043
1632 2044
1633 2045
1634 2046
1635 2047
1636 2048
1637 2049
1638 2050
1639 2051
1640 2052
1641 2053
1642 2054
1643 2055
1644 2056
1645 2057
1646 2058
1647 2063
1648 2064
1649 2065
1650 2066
1651 2067
1652 2068
1653 2069
1654 2070
1655 2071
1656 2072
1657 2073
1658 2074
1659 2083
1660 2084
1661 2085
1662 2086
1663 2087
1664 2088
1665 2089
1666 2090
1667 2091
1668 2092
1669 2093
1670 2094
1671 2095
1672 2096
1673 2097
1674 2098
1675 2103
1676 2104
1677 2105
1678 2106
1679 2107
1680 2108
1681 2109
1682 2110
1683 2111
1684 2112
1685 2113
1686 2114
1687 2115
1688 2123
1689 2124
1690 2125
1691 2126
1692 2127
1693 2128
1694 2129
1695 2130
1696 2131
1697 2132
1698 2133
1699 2134
1700 2135
1701 2136
1702 2137
1703 2143
1704 2144
1705 2145
1706 2146
1707 2147
1708 2148
1709 2149
1710 2150
1711 2151
1712 2152
1713 2153
1714 2154
1715 2155
1716 2156
1717 2157
1718 2158
1719 2163
1720 2164
1721 2165
1722 2166
1723 2167
1724 2168
1725 2169
1726 2170
1727 2171
1728 2172
1729 2173
1730 2174
1731 2175
1732 2176
1733 2177
1734 2178
1735 2183
1736 2184
1737 2185
1738 2186
1739 2187
1740 2188
1741 2189
1742 2190
1743 2191
1744 2192
1745 2193
1746 2194
1747 2195
1748 2196
1749 2197
1750 2198
1751 2203
1752 2204
1753 2205
1754 2206
1755 2207
1756 2208
1757 2209
1758 2210
1759 2211
1760 2212
1761 2213
1762 2214
1763 2215
1764 2216
1765 2217
1766 2223
1767 2224
1768 2225
1769 2226
1770 2227
1771 2228
1772 2229
1773 2230
1774 2231
1775 2232
1776 2233
1777 2234
1778 2235
1779 2236
1780 2237
1781 2238
1782 2243
1783 2244
1784 2245
1785 2246
1786 2247
1787 2248
1788 2249
1789 2250
1790 2251
1791 2252
1792 2253
1793 2254
1794 2255
1795 2256
1796 2257
1797 2258
1798 2259
1799 2260
1800 2261
1801 2263
1802 2264
1803 2265
1804 2266
1805 2267
1806 2268
1807 2269
1808 2270
1809 2271
1810 2272
1811 2273
1812 2274
1813 2275
1814 2276
1815 2277
1816 2283
1817 2284
1818 2285
1819 2286
1820 2287
1821 2288
1822 2289
1823 2290
1824 2291
1825 2292
1826 2293
1827 2294
1828 2295
1829 2296
1830 2297
1831 2298
1832 2299
1833 2300
1834 2303
1835 2304
1836 2305
1837 2306
1838 2307
1839 2308
1840 2309
1841 2310
1842 2311
1843 2312
1844 2313
1845 2314
1846 2315
1847 2316
1848 2317
1849 2318
1850 2323
1851 2324
1852 2325
1853 2326
1854 2327
1855 2328
1856 2329
1857 2330
1858 2331
1859 2332
1860 2333
1861 2334
1862 2335
1863 2336
1864 2337
1865 2338
1866 2339
1867 2340
1868 2341
1869 2343
1870 2344
1871 2345
1872 2346
1873 2347
1874 2348
1875 2349
1876 2350
1877 2351
1878 2352
1879 2363
1880 2364
1881 2365
1882 2366
1883 2367
1884 2368
1885 2369
1886 2370
1887 2371
1888 2372
1889 2373
1890 2374
1891 2375
1892 2376
1893 2377
1894 2378
1895 2379
1896 2380
1897 2381
1898 2383
1899 2384
1900 2385
1901 2386
1902 2387
1903 2388
1904 2389
1905 2390
1906 2391
1907 2392
1908 2393
1909 2394
1910 2395
1911 2396
1912 2397
1913 2398
1914 2399
1915 2400
1916 2401
1917 2402
1918 2403
1919 2404
1920 2405
1921 2406
1922 2407
1923 2408
1924 2409
1925 2410
1926 2411
1927 2412
1928 2413
1929 2414
1930 2415
1931 2416
1932 2417
1933 2418
1934 2419
1935 2420
1936 2423
1937 2424
1938 2425
1939 2426
1940 2427
1941 2428
1942 2429
1943 2430
1944 2431
1945 2432
1946 2433
1947 2434
1948 2435
1949 2436
1950 2437
1951 2443
1952 2444
1953 2445
1954 2446
1955 2447
1956 2448
1957 2449
1958 2450
1959 2451
1960 2452
1961 2453
1962 2454
1963 2455
1964 2456
1965 2457
1966 2458
1967 2459
1968 2463
1969 2464
1970 2465
1971 2466
1972 2467
1973 2468
1974 2469
1975 2470
1976 2471
1977 2472
1978 2473
1979 2474
1980 2475
1981 2476
1982 2477
1983 2478
1984 2479
1985 2480
1986 2483
1987 2484
1988 2485
1989 2486
1990 2487
1991 2488
1992 2489
1993 2490
1994 2491
1995 2492
1996 2493
1997 2494
1998 2495
1999 2496
2000 2497
2001 2498
2002 2499
2003 2503
2004 2504
2005 2505
2006 2506
2007 2507
2008 2508
2009 2509
2010 2510
2011 2511
2012 2512
2013 2513
2014 2514
2015 2515
2016 2516
2017 2517
2018 2518
2019 2519
2020 2523
2021 2524
2022 2525
2023 2526
2024 2527
2025 2528
2026 2529
2027 2530
2028 2531
2029 2532
2030 2533
2031 2534
2032 2535
2033 2536
2034 2537
2035 2538
2036 2539
2037 2540
2038 2543
2039 2544
2040 2545
2041 2546
2042 2547
2043 2548
2044 2549
2045 2550
2046 2551
2047 2552
2048 2553
2049 2554
2050 2555
2051 2556
2052 2557
2053 2558
2054 2563
2055 2564
2056 2565
2057 2566
2058 2567
2059 2568
2060 2569
2061 2570
2062 2571
2063 2572
2064 2573
2065 2574
2066 2575
2067 2576
2068 2577
2069 2583
2070 2584
2071 2585
2072 2586
2073 2587
2074 2588
2075 2589
2076 2590
2077 2591
2078 2592
2079 2593
2080 2603
2081 2604
2082 2605
2083 2606
2084 2607
2085 2608
2086 2609
2087 2610
2088 2611
2089 2612
2090 2613
2091 2614
2092 2623
2093 2624
2094 2625
2095 2626
2096 2627
2097 2628
2098 2629
2099 2630
2100 2631
2101 2632
2102 2633
2103 2634
2104 2635
2105 2636
2106 2637
2107 2638
2108 2639
2109 2640
2110 2641
2111 2643
2112 2644
2113 2645
2114 2646
2115 2647
2116 2648
2117 2649
2118 2650
2119 2651
2120 2652
2121 2653
2122 2654
2123 2655
2124 2656
2125 2657
2126 2658
2127 2659
2128 2663
2129 2664
2130 2665
2131 2666
2132 2667
2133 2668
2134 2669
2135 2670
2136 2671
2137 2672
2138 2673
2139 2674
2140 2675
2141 2676
2142 2677
2143 2678
2144 2683
2145 2684
2146 2685
2147 2686
2148 2687
2149 2688
2150 2689
2151 2690
2152 2691
2153 2692
2154 2693
2155 2694
2156 2695
2157 2703
2158 2704
2159 2705
2160 2706
2161 2707
2162 2708
2163 2709
2164 2710
2165 2711
2166 2712
2167 2713
2168 2714
2169 2715
2170 2716
2171 2717
2172 2718
2173 2719
2174 2723
2175 2724
2176 2725
2177 2726
2178 2727
2179 2728
2180 2729
2181 2730
2182 2731
2183 2732
2184 2733
2185 2734
2186 2735
2187 2736
2188 2737
2189 2738
2190 2739
2191 2740
2192 2741
2193 2743
2194 2744
2195 2745
2196 2746
2197 2747
2198 2748
2199 2749
2200 2750
2201 2751
2202 2752
2203 2753
2204 2754
2205 2755
2206 2756
2207 2757
2208 2758
2209 2759
2210 2760
2211 2763
2212 2764
2213 2765
2214 2766
2215 2767
2216 2768
2217 2769
2218 2770
2219 2771
2220 2772
2221 2773
2222 2774
2223 2775
2224 2776
2225 2777
2226 2778
2227 2783
2228 2784
2229 2785
2230 2786
2231 2787
2232 2788
2233 2789
2234 2790
2235 2791
2236 2792
2237 2793
2238 2794
2239 2803
2240 2804
2241 2805
2242 2806
2243 2807
2244 2808
2245 2809
2246 2810
2247 2811
2248 2812
2249 2813
2250 2814
2251 2815
2252 2816
2253 2817
2254 2818
2255 2819
2256 2820
2257 2821
2258 2823
2259 2824
2260 2825
2261 2826
2262 2827
2263 2828
2264 2829
2265 2830
2266 2831
2267 2832
2268 2833
2269 2834
2270 2835
2271 2836
2272 2837
2273 2838
2274 2839
2275 2840
2276 2843
2277 2844
2278 2845
2279 2846
2280 2847
2281 2848
2282 2849
2283 2850
2284 2851
2285 2852
2286 2853
2287 2854
2288 2855
2289 2856
2290 2857
2291 2858
2292 2859
2293 2860
2294 2861
2295 2863
2296 2864
2297 2865
2298 2866
2299 2867
2300 2868
2301 2869
2302 2870
2303 2871
2304 2872
2305 2873
2306 2874
2307 2875
2308 2876
2309 2877
2310 2878
2311 2879
2312 2880
2313 2881
2314 2883
2315 2884
2316 2885
2317 2886
2318 2887
2319 2888
2320 2889
2321 2890
2322 2891
2323 2892
2324 2893
2325 2894
2326 2895
2327 2896
2328 2897
2329 2903
2330 2904
2331 2905
2332 2906
2333 2907
2334 2908
2335 2909
2336 2910
2337 2911
2338 2912
2339 2913
2340 2914
2341 2915
2342 2916
2343 2917
2344 2918
2345 2919
2346 2920
2347 2923
2348 2924
2349 2925
2350 2926
2351 2927
2352 2928
2353 2929
2354 2930
2355 2931
2356 2932
2357 2933
2358 2934
2359 2935
2360 2936
2361 2937
2362 2938
2363 2939
2364 2940
2365 2943
2366 2944
2367 2945
2368 2946
2369 2947
2370 2948
2371 2949
2372 2950
2373 2951
2374 2952
2375 2953
2376 2954
2377 2955
2378 2956
2379 2957
2380 2958
2381 2959
2382 2960
2383 2963
2384 2964
2385 2965
2386 2966
2387 2967
2388 2968
2389 2969
2390 2970
2391 2971
2392 2972
2393 2973
2394 2974
2395 2975
2396 2976
2397 2977
2398 2978
2399 2979
2400 2983
2401 2984
2402 2985
2403 2986
2404 2987
2405 2988
2406 2989
2407 2990
2408 2991
2409 2992
2410 2993
2411 2994
2412 2995
2413 2996
2414 3003
2415 3004
2416 3005
2417 3006
2418 3007
2419 3008
2420 3009
2421 3010
2422 3011
2423 3012
2424 3013
2425 3014
2426 3015
2427 3016
2428 3023
2429 3024
2430 3025
2431 3026
2432 3027
2433 3028
2434 3029
2435 3030
2436 3031
2437 3032
2438 3033
2439 3034
2440 3035
2441 3036
2442 3043
2443 3044
2444 3045
2445 3046
2446 3047
2447 3048
2448 3049
2449 3050
2450 3051
2451 3052
2452 3053
2453 3054
2454 3055
2455 3056
2456 3057
2457 3058
2458 3063
2459 3064
2460 3065
2461 3066
2462 3067
2463 3068
2464 3069
2465 3070
2466 3071
2467 3072
2468 3073
2469 3074
2470 3075
2471 3076
2472 3077
2473 3078
2474 3079
2475 3083
2476 3084
2477 3085
2478 3086
2479 3087
2480 3088
2481 3089
2482 3090
2483 3091
2484 3092
2485 3093
2486 3094
2487 3095
2488 3096
2489 3097
2490 3098
2491 3103
2492 3104
2493 3105
2494 3106
2495 3107
2496 3108
2497 3109
2498 3110
2499 3111
2500 3112
2501 3113
2502 3114
2503 3115
2504 3116
2505 3117
2506 3118
2507 3123
2508 3124
2509 3125
2510 3126
2511 3127
2512 3128
2513 3129
2514 3130
2515 3131
2516 3132
2517 3133
2518 3134
2519 3135
2520 3136
2521 3137
2522 3138
2523 3143
2524 3144
2525 3145
2526 3146
2527 3147
2528 3148
2529 3149
2530 3150
2531 3151
2532 3152
2533 3153
2534 3154
2535 3155
2536 3156
2537 3157
2538 3158
2539 3159
2540 3160
2541 3163
2542 3164
2543 3165
2544 3166
2545 3167
2546 3168
2547 3169
2548 3170
2549 3171
2550 3172
2551 3173
2552 3174
2553 3175
2554 3176
2555 3177
2556 3178
2557 3183
2558 3184
2559 3185
2560 3186
2561 3187
2562 3188
2563 3189
2564 3190
2565 3191
2566 3192
2567 3193
2568 3194
2569 3195
2570 3196
2571 3197
2572 3198
2573 3199
2574 3200
2575 3203
2576 3204
2577 3205
2578 3206
2579 3207
2580 3208
2581 3209
2582 3210
2583 3211
2584 3212
2585 3213
2586 3214
2587 3215
2588 3216
2589 3217
2590 3218
2591 3219
2592 3220
2593 3221
2594 3223
2595 3224
2596 3225
2597 3226
2598 3227
2599 3228
2600 3229
2601 3230
2602 3231
2603 3232
2604 3233
2605 3234
2606 3235
2607 3236
2608 3237
2609 3238
2610 3239
2611 3243
2612 3244
2613 3245
2614 3246
2615 3247
2616 3248
2617 3249
2618 3250
2619 3251
2620 3252
2621 3253
2622 3254
2623 3255
2624 3256
2625 3257
2626 3263
2627 3264
2628 3265
2629 3266
2630 3267
2631 3268
2632 3269
2633 3270
2634 3271
2635 3272
2636 3273
2637 3274
2638 3275
2639 3276
2640 3277
2641 3283
2642 3284
2643 3285
2644 3286
2645 3287
2646 3288
2647 3289
2648 3290
2649 3291
2650 3292
2651 3293
2652 3294
2653 3295
2654 3296
2655 3297
2656 3298
2657 3299
2658 3303
2659 3304
2660 3305
2661 3306
2662 3307
2663 3308
2664 3309
2665 3310
2666 3311
2667 3312
2668 3313
2669 3314
2670 3315
2671 3316
2672 3317
2673 3318
2674 3323
2675 3324
2676 3325
2677 3326
2678 3327
2679 3328
2680 3329
2681 3330
2682 3331
2683 3332
2684 3333
2685 3334
2686 3343
2687 3344
2688 3345
2689 3346
2690 3347
2691 3348
2692 3349
2693 3350
2694 3351
2695 3352
2696 3353
2697 3354
2698 3355
2699 3363
2700 3364
2701 3365
2702 3366
2703 3367
2704 3368
2705 3369
2706 3370
2707 3371
2708 3372
2709 3373
2710 3374
2711 3375
2712 3376
2713 3377
2714 3378
2715 3379
2716 3383
2717 3384
2718 3385
2719 3386
2720 3387
2721 3388
2722 3389
2723 3390
2724 3391
2725 3392
2726 3403
2727 3404
2728 3405
2729 3406
2730 3407
2731 3408
2732 3409
2733 3410
2734 3411
2735 3412
2736 3413
2737 3414
2738 3415
2739 3416
2740 3417
2741 3418
2742 3419
2743 3423
2744 3424
2745 3425
2746 3426
2747 3427
2748 3428
2749 3429
2750 3430
2751 3431
2752 3432
2753 3433
2754 3434
2755 3435
2756 3436
2757 3437
2758 3438
2759 3439
2760 3440
2761 3441
2762 3443
2763 3444
2764 3445
2765 3446
2766 3447
2767 3448
2768 3449
2769 3450
2770 3451
2771 3452
2772 3453
2773 3454
2774 3455
2775 3456
2776 3457
2777 3458
2778 3459
2779 3460
2780 3463
2781 3464
2782 3465
2783 3466
2784 3467
2785 3468
2786 3469
2787 3470
2788 3471
2789 3472
2790 3473
2791 3474
2792 3475
2793 3476
2794 3477
2795 3478
2796 3479
2797 3483
2798 3484
2799 3485
2800 3486
2801 3487
2802 3488
2803 3489
2804 3490
2805 3491
2806 3492
2807 3493
2808 3494
2809 3495
2810 3496
2811 3497
2812 3498
2813 3499
2814 3500
2815 3501
2816 3503
2817 3504
2818 3505
2819 3506
2820 3507
2821 3508
2822 3509
2823 3510
2824 3511
2825 3512
2826 3513
2827 3514
2828 3515
2829 3516
2830 3517
2831 3518
2832 3519
2833 3520
2834 3521
2835 3523
2836 3524
2837 3525
2838 3526
2839 3527
2840 3528
2841 3529
2842 3530
2843 3531
2844 3532
2845 3533
2846 3534
2847 3535
2848 3536
2849 3537
2850 3538
2851 3539
2852 3543
2853 3544
2854 3545
2855 3546
2856 3547
2857 3548
2858 3549
2859 3550
2860 3551
2861 3552
2862 3553
2863 3554
2864 3555
2865 3556
2866 3557
2867 3563
2868 3564
2869 3565
2870 3566
2871 3567
2872 3568
2873 3569
2874 3570
2875 3571
2876 3572
2877 3573
2878 3574
2879 3575
2880 3576
2881 3577
2882 3578
2883 3579
2884 3580
2885 3581
2886 3583
2887 3584
2888 3585
2889 3586
2890 3587
2891 3588
2892 3589
2893 3590
2894 3591
2895 3592
2896 3593
2897 3594
2898 3595
2899 3596
2900 3597
2901 3598
2902 3599
2903 3600
2904 3601
2905 3603
2906 3604
2907 3605
2908 3606
2909 3607
2910 3608
2911 3609
2912 3610
2913 3611
2914 3612
2915 3613
2916 3614
2917 3623
2918 3624
2919 3625
2920 3626
2921 3627
2922 3628
2923 3629
2924 3630
2925 3631
2926 3632
2927 3633
2928 3634
2929 3635
2930 3636
2931 3637
2932 3643
2933 3644
2934 3645
2935 3646
2936 3647
2937 3648
2938 3649
2939 3650
2940 3651
2941 3652
2942 3653
2943 3654
2944 3655
2945 3663
2946 3664
2947 3665
2948 3666
2949 3667
2950 3668
2951 3669
2952 3670
2953 3671
2954 3672
2955 3673
2956 3674
2957 3675
2958 3683
2959 3684
2960 3685
2961 3686
2962 3687
2963 3688
2964 3689
2965 3690
2966 3691
2967 3692
2968 3693
2969 3694
2970 3695
2971 3696
2972 3697
2973 3698
2974 3699
2975 3703
2976 3704
2977 3705
2978 3706
2979 3707
2980 3708
2981 3709
2982 3710
2983 3711
2984 3712
2985 3713
2986 3714
2987 3715
2988 3716
2989 3717
2990 3718
2991 3723
2992 3724
2993 3725
2994 3726
2995 3727
2996 3728
2997 3729
2998 3730
2999 3731
3000 3732
3001 3733
3002 3734
3003 3735
3004 3736
3005 3737
3006 3743
3007 3744
3008 3745
3009 3746
3010 3747
3011 3748
3012 3749
3013 3750
3014 3751
3015 3752
3016 3753
3017 3754
3018 3755
3019 3756
3020 3763
3021 3764
3022 3765
3023 3766
3024 3767
3025 3768
3026 3769
3027 3770
3028 3771
3029 3772
3030 3773
3031 3774
3032 3775
3033 3776
3034 3783
3035 3784
3036 3785
3037 3786
3038 3787
3039 3788
3040 3789
3041 3790
3042 3791
3043 3792
3044 3793
3045 3794
3046 3795
3047 3796
3048 3797
3049 3803
3050 3804
3051 3805
3052 3806
3053 3807
3054 3808
3055 3809
3056 3810
3057 3811
3058 3812
3059 3813
3060 3814
3061 3815
3062 3823
3063 3824
3064 3825
3065 3826
3066 3827
3067 3828
3068 3829
3069 3830
3070 3831
3071 3832
3072 3833
3073 3834
3074 3835
3075 3836
3076 3837
3077 3838
3078 3839
3079 3843
3080 3844
3081 3845
3082 3846
3083 3847
3084 3848
3085 3849
3086 3850
3087 3851
3088 3852
3089 3853
3090 3863
3091 3864
3092 3865
3093 3866
3094 3867
3095 3868
3096 3869
3097 3870
3098 3871
3099 3872
3100 3873
3101 3874
3102 3875
3103 3883
3104 3884
3105 3885
3106 3886
3107 3887
3108 3888
3109 3889
3110 3890
3111 3891
3112 3892
3113 3893
3114 3894
3115 3895
3116 3896
3117 3897
3118 3898
3119 3899
3120 3900
3121 3903
3122 3904
3123 3905
3124 3906
3125 3907
3126 3908
