0 0
1 1
2 3
3 4
4 5
5 6
6 7
7 8
8 9
9 10
10 11
11 12
12 13
13 14
14 15
15 16
16 17
17 18
18 19
19 20
23 21
24 22
25 23
26 24
27 25
28 26
29 27
30 28
31 30
32 31
33 32
34 33
35 34
36 35
37 36
38 37
39 38
41 39
42 40
43 41
44 42
45 43
46 44
47 45
48 46
50 47
51 48
52 49
53 50
54 51
55 54
56 55
57 56
58 57
59 58
60 59
61 60
62 61
67 62
68 63
69 64
70 65
71 66
72 67
73 70
74 71
75 72
76 73
77 74
78 75
79 77
80 78
81 79
82 80
83 81
84 82
85 83
86 84
88 85
89 86
90 87
91 88
92 89
93 90
94 93
95 94
96 95
97 96
98 97
99 98
100 99
103 100
104 101
105 102
106 103
107 104
108 105
109 107
110 108
111 109
112 110
113 111
114 112
115 113
116 114
117 115
118 116
119 117
120 118
121 119
122 120
123 121
124 122
125 123
126 124
127 128
128 129
129 130
130 131
131 132
132 133
136 134
137 135
138 136
139 137
140 138
141 139
142 140
144 141
145 142
146 143
147 144
148 145
149 148
150 149
151 150
152 151
153 152
154 153
158 154
159 155
160 156
161 157
162 158
163 160
164 161
165 162
166 163
167 164
168 165
169 167
170 168
171 169
172 170
173 171
174 173
175 174
176 175
177 176
178 177
179 178
180 179
182 180
183 181
184 182
185 183
186 184
187 185
188 186
191 187
192 188
193 189
194 190
195 191
196 194
197 195
198 196
199 197
200 198
201 199
204 200
205 201
206 202
207 203
208 207
209 208
210 209
211 210
212 211
213 212
217 213
218 214
219 215
220 216
221 220
222 221
223 222
224 223
225 224
226 225
230 226
231 227
232 228
233 233
234 234
235 235
236 236
237 237
238 238
241 239
242 240
243 241
244 242
245 243
246 244
247 245
248 246
249 247
250 248
251 249
252 252
253 253
254 254
255 255
256 256
257 257
261 258
262 259
263 260
264 261
265 262
266 264
267 265
268 266
269 267
270 268
271 269
272 270
274 271
275 272
276 273
277 274
278 275
279 276
280 277
281 278
282 279
283 280
284 281
285 282
286 283
289 284
290 285
291 286
292 287
293 290
294 291
295 292
296 293
297 294
298 295
299 296
300 297
301 298
302 299
303 300
304 301
305 302
307 303
308 304
309 305
310 306
311 309
312 310
313 311
314 312
315 313
316 314
317 315
321 316
322 317
323 318
324 321
325 322
326 323
327 324
328 325
329 326
330 327
333 328
334 329
335 330
336 334
337 335
338 336
339 337
340 338
341 339
342 340
343 341
344 342
345 343
346 344
347 345
350 346
351 347
352 348
353 349
354 350
355 351
356 352
357 353
358 354
359 359
360 360
361 361
362 362
363 363
364 364
366 365
367 366
368 367
369 368
370 369
371 370
372 371
373 372
374 373
375 374
376 375
377 376
378 377
383 378
384 379
385 380
386 381
387 382
388 384
389 385
390 386
391 387
392 388
393 390
394 391
395 392
396 393
397 394
398 395
400 396
401 397
402 398
403 399
404 400
405 401
407 402
408 403
409 404
410 405
411 408
412 409
413 410
414 411
415 412
416 413
418 414
419 415
420 416
421 417
422 418
423 420
424 421
425 422
426 423
427 424
428 425
430 426
431 427
432 428
433 432
434 433
435 434
436 435
437 436
439 437
440 438
441 439
442 440
443 441
444 442
446 443
447 448
448 449
449 450
456 451
457 452
458 453
459 456
460 457
461 458
462 459
463 461
464 462
465 463
466 464
468 465
469 466
470 467
471 470
472 471
473 472
474 473
477 474
478 475
479 476
480 477
481 478
483 479
484 480
485 481
486 482
487 483
488 484
489 488
490 489
491 490
492 491
493 492
495 493
496 494
497 495
498 496
499 497
500 498
502 499
503 500
504 501
505 502
506 503
507 504
508 505
509 506
510 507
511 508
512 509
513 510
514 513
515 514
516 515
517 516
518 517
519 518
520 519
521 520
525 521
526 522
527 523
528 524
529 525
530 526
531 528
532 529
533 530
534 531
535 532
536 533
537 535
538 536
539 537
540 538
541 539
542 540
543 541
544 542
545 543
546 544
547 545
548 546
549 547
550 548
551 549
552 550
553 551
554 552
555 553
556 555
557 556
558 557
559 558
560 559
561 560
562 561
563 562
564 563
565 564
566 565
567 566
572 567
573 568
574 572
575 573
576 574
577 575
578 576
579 577
580 578
582 579
583 580
584 581
585 582
586 583
587 584
588 585
589 586
590 587
591 588
592 589
593 590
594 591
595 592
596 593
597 594
598 595
599 596
600 597
601 598
602 601
603 602
604 603
605 604
606 605
607 606
612 607
613 608
614 609
615 613
616 614
617 615
618 616
619 617
620 618
621 619
622 620
625 621
626 622
627 623
628 624
629 625
630 626
631 627
632 628
633 630
634 631
635 632
636 633
637 634
638 635
639 636
640 637
641 638
642 639
643 640
644 641
645 642
646 643
647 644
648 645
649 646
650 647
651 648
654 649
655 650
656 651
657 652
658 653
659 659
660 660
661 661
662 662
663 663
664 664
665 665
666 666
667 667
668 668
670 669
671 670
672 671
673 672
674 673
675 674
676 675
677 676
678 677
679 678
680 679
682 680
683 681
684 682
685 683
686 684
687 685
688 686
689 687
690 688
692 689
693 690
694 691
695 692
696 693
697 694
698 695
699 696
700 697
702 698
703 699
704 700
705 701
706 702
707 703
708 707
709 708
710 709
711 710
712 711
713 712
714 713
715 714
716 716
717 717
718 718
719 719
720 720
721 721
722 722
723 723
724 724
725 725
726 726
727 727
728 728
729 729
730 730
731 731
732 732
733 733
734 734
739 735
740 736
741 737
742 738
743 739
744 740
745 741
746 742
747 743
748 744
749 745
750 746
751 747
752 748
753 749
754 750
755 751
756 752
757 756
758 757
759 758
760 759
761 760
762 761
763 762
764 763
765 764
766 765
767 766
768 767
769 768
770 769
772 770
773 771
774 772
775 773
776 774
777 775
778 776
779 777
780 778
781 779
782 780
783 781
784 785
785 786
786 787
787 788
788 789
789 790
790 791
791 792
792 793
793 794
794 801
795 802
796 803
797 804
798 805
799 806
800 807
801 808
802 809
803 810
804 811
805 812
806 813
807 817
808 818
809 819
810 820
811 821
812 822
813 823
814 824
815 825
816 826
817 827
818 828
819 829
820 833
821 834
822 835
823 836
824 837
825 838
826 839
827 840
828 841
829 842
830 843
831 844
832 848
833 849
834 850
835 851
836 852
837 853
838 854
839 855
840 856
841 857
842 858
843 864
844 865
845 866
846 867
847 868
848 869
849 870
850 871
851 872
852 873
853 879
854 880
855 881
856 882
857 883
858 884
859 885
860 886
861 887
862 888
863 889
864 890
865 894
866 895
867 896
868 897
869 898
870 899
871 900
872 901
873 902
874 903
875 904
876 909
877 910
878 911
879 912
880 913
881 914
882 915
883 916
884 917
885 918
886 919
887 924
888 925
889 926
890 927
891 928
892 929
893 930
894 931
895 932
896 933
897 937
898 938
899 939
900 940
901 941
902 942
903 943
904 944
905 945
906 949
907 950
908 951
909 952
910 953
911 954
912 955
916 956
917 957
918 958
919 959
920 960
921 961
922 962
923 963
924 964
926 965
927 966
928 967
929 968
930 969
931 970
934 971
935 972
936 973
937 974
938 975
939 976
940 978
941 979
942 980
943 981
944 982
945 983
946 984
947 985
948 986
949 987
950 988
951 989
952 990
953 991
955 992
956 993
957 994
958 995
959 996
960 997
961 999
962 1000
963 1001
964 1002
965 1003
966 1004
967 1005
968 1006
969 1007
970 1008
971 1009
972 1010
973 1011
974 1012
975 1013
976 1014
977 1015
980 1016
981 1017
982 1018
983 1019
984 1020
985 1021
986 1024
987 1025
988 1026
989 1027
990 1028
991 1029
992 1030
993 1031
994 1032
995 1033
998 1034
999 1035
1000 1036
1001 1037
1002 1038
1003 1039
1004 1043
1005 1044
1006 1045
1007 1046
1008 1047
1009 1048
1010 1049
1011 1050
1012 1051
1013 1052
1014 1053
1015 1054
1016 1055
1017 1056
1018 1057
1019 1058
1020 1059
1021 1060
1022 1061
1023 1062
1024 1063
1025 1064
1026 1065
1027 1066
1028 1067
1029 1068
1030 1069
1031 1070
1032 1075
1033 1076
1034 1077
1035 1078
1036 1079
1037 1080
1038 1081
1039 1082
1040 1083
1041 1084
1042 1085
1043 1087
1044 1088
1045 1089
1046 1090
1047 1091
1048 1092
1049 1093
1050 1094
1051 1095
1052 1096
1053 1097
1057 1098
1058 1099
1059 1100
1060 1101
1061 1102
1062 1103
1063 1104
1064 1105
1065 1106
1066 1107
1067 1108
1071 1109
1072 1110
1073 1111
1074 1112
1075 1113
1076 1114
1077 1115
1078 1116
1079 1117
1080 1118
1081 1119
1083 1120
1084 1121
1085 1122
1086 1123
1087 1124
1088 1125
1089 1126
1090 1129
1091 1130
1092 1131
1093 1132
1094 1133
1095 1134
1096 1135
1097 1136
1098 1137
1099 1138
1100 1139
1101 1140
1102 1141
1103 1142
1104 1143
1105 1144
1106 1145
1107 1146
1108 1147
1109 1148
1110 1149
1113 1150
1114 1151
1115 1152
1116 1153
1117 1154
1118 1155
1119 1156
1120 1157
1122 1158
1123 1159
1124 1160
1125 1161
1126 1165
1127 1166
1128 1167
1129 1168
1130 1169
1131 1170
1132 1171
1135 1172
1136 1173
1137 1174
1138 1175
1139 1176
1140 1177
1141 1178
1143 1179
1144 1180
1145 1181
1146 1182
1147 1183
1148 1185
1149 1186
1150 1187
1151 1188
1152 1189
1153 1190
1154 1191
1155 1192
1156 1193
1157 1194
1158 1195
1159 1199
1160 1200
1161 1201
1162 1202
1163 1203
1164 1204
1165 1205
1166 1206
1167 1207
1168 1208
1169 1209
1170 1210
1171 1211
1174 1212
1175 1213
1176 1214
1177 1215
1178 1216
1179 1217
1180 1218
1181 1219
1182 1220
1183 1221
1186 1222
1187 1223
1188 1224
1189 1225
1190 1226
1191 1227
1192 1228
1193 1229
1194 1231
1195 1232
1196 1233
1197 1234
1198 1235
1199 1236
1200 1237
1201 1238
1202 1241
1203 1242
1204 1243
1205 1244
1206 1245
1207 1246
1208 1247
1209 1248
1210 1249
1212 1250
1213 1251
1214 1252
1215 1253
1216 1254
1217 1255
1218 1256
1219 1257
1220 1258
1221 1259
1222 1260
1223 1261
1224 1262
1225 1263
1226 1264
1227 1265
1228 1266
1231 1267
1232 1268
1233 1269
1234 1270
1235 1271
1236 1272
1237 1273
1238 1274
1239 1276
1240 1277
1241 1278
1242 1279
1243 1280
1244 1281
1245 1282
1246 1283
1247 1284
1248 1285
1249 1286
1250 1287
1251 1288
1252 1289
1253 1290
1254 1291
1255 1292
1256 1295
1257 1296
1258 1297
1259 1298
1260 1299
1261 1300
1262 1301
1263 1302
1264 1303
1265 1304
1267 1305
1268 1306
1269 1307
1270 1308
1271 1309
1272 1310
1273 1311
1274 1312
1275 1313
1276 1314
1277 1315
1278 1316
1279 1317
1280 1318
1281 1319
1282 1320
1283 1321
1284 1322
1285 1323
1286 1324
1287 1325
1288 1326
1289 1327
1290 1328
1291 1329
1292 1330
1293 1331
1294 1332
1298 1333
1299 1334
1300 1335
1301 1336
1302 1337
1303 1338
1304 1339
1305 1343
1306 1344
1307 1345
1308 1346
1309 1347
1310 1348
1311 1349
1312 1350
1313 1351
1314 1352
1315 1353
1316 1354
1317 1355
1318 1356
1319 1357
1320 1358
1321 1359
1322 1360
1323 1361
1325 1362
1326 1363
1327 1364
1328 1365
1329 1366
1330 1367
1331 1371
1332 1372
1333 1373
1334 1374
1335 1375
1336 1376
1337 1377
1338 1378
1339 1379
1340 1380
1345 1381
1346 1382
1347 1383
1348 1384
1349 1385
1350 1386
1351 1387
1352 1389
1353 1390
1354 1391
1355 1392
1356 1393
1357 1394
1358 1395
1359 1396
1360 1397
1361 1398
1362 1399
1363 1400
1364 1401
1365 1402
1366 1403
1367 1404
1368 1405
1369 1406
1370 1407
1371 1408
1372 1409
1373 1410
1374 1411
1375 1412
1376 1413
1379 1414
1380 1415
1381 1416
1382 1417
1383 1418
1384 1422
1385 1423
1386 1424
1387 1425
1388 1426
1389 1427
1390 1428
1391 1429
1392 1430
1393 1431
1394 1432
1395 1433
1396 1434
1397 1435
1398 1436
1399 1438
1400 1439
1401 1440
1402 1441
1403 1442
1404 1443
1405 1444
1406 1445
1411 1446
1412 1447
1413 1448
1414 1449
1415 1450
1416 1454
1417 1455
1418 1456
1419 1457
1420 1458
1421 1459
1422 1460
1423 1462
1424 1463
1425 1464
1426 1465
1427 1466
1428 1467
1429 1468
1430 1469
1431 1470
1432 1471
1433 1472
1434 1473
1435 1474
1436 1475
1439 1476
1440 1477
1441 1478
1442 1479
1443 1480
1444 1481
1445 1484
1446 1485
1447 1486
1448 1487
1449 1488
1450 1489
1451 1490
1452 1491
1453 1492
1454 1493
1455 1494
1458 1495
1459 1496
1460 1497
1461 1498
1462 1501
1463 1502
1464 1503
1465 1504
1466 1505
1469 1506
1470 1507
1471 1508
1472 1509
1473 1511
1474 1512
1475 1513
1476 1514
1477 1515
1480 1516
1481 1517
1482 1518
1483 1521
1484 1522
1485 1523
1486 1524
1488 1525
1489 1526
1490 1527
1491 1528
1492 1529
1493 1530
1494 1531
1495 1532
1496 1533
1498 1534
1499 1535
1500 1536
1501 1537
1502 1539
1503 1540
1504 1541
1505 1542
1506 1544
1507 1545
1508 1546
1509 1547
1510 1548
1511 1549
1512 1550
1513 1551
1514 1552
1515 1553
1516 1554
1517 1555
1518 1556
1519 1557
1520 1558
1521 1559
1522 1560
1525 1561
1526 1562
1527 1563
1528 1567
1529 1568
1530 1569
1531 1570
1532 1571
1533 1572
1534 1573
1535 1574
1536 1575
1537 1576
1538 1577
1539 1578
1540 1579
1541 1580
1542 1581
1543 1582
1544 1583
1546 1584
1547 1585
1548 1586
1549 1587
1550 1589
1551 1590
1552 1591
1553 1592
1554 1593
1555 1594
1556 1595
1557 1596
1558 1597
1559 1598
1560 1599
1561 1600
1563 1601
1564 1602
1565 1603
1566 1604
1567 1605
1568 1606
1569 1607
1572 1608
1573 1609
1574 1610
1575 1611
1576 1614
1577 1615
1578 1616
1579 1617
1580 1618
1581 1619
1582 1620
1583 1621
1584 1622
1585 1623
1586 1624
1587 1625
1588 1626
1589 1627
1590 1628
1592 1629
1593 1630
1594 1631
1595 1632
1596 1633
1597 1634
1598 1635
1599 1636
1600 1637
1601 1638
1602 1639
1603 1640
1604 1641
1605 1642
1606 1643
1607 1644
1609 1645
1610 1646
1611 1647
1612 1648
1613 1649
1614 1650
1615 1651
1616 1652
1617 1653
1618 1654
1619 1655
1620 1657
1621 1658
1622 1659
1623 1660
1624 1661
1625 1662
1626 1663
1627 1664
1628 1665
1629 1666
1630 1667
1631 1669
1632 1670
1633 1671
1634 1672
1635 1673
1636 1674
1637 1675
1638 1676
1639 1677
1640 1678
1641 1679
1643 1680
1644 1681
1645 1682
1646 1683
1647 1684
1648 1685
1649 1686
1650 1687
1651 1688
1652 1689
1653 1692
1654 1693
1655 1694
1656 1695
1657 1696
1658 1697
1659 1698
1660 1699
1661 1700
1662 1701
1663 1703
1664 1704
1665 1705
1666 1706
1667 1707
1668 1708
1669 1709
1670 1710
1671 1711
1672 1712
1675 1713
1676 1714
1677 1715
1678 1716
1679 1717
1680 1718
1681 1719
1682 1720
1683 1721
1684 1722
1685 1723
1687 1724
1688 1725
1689 1726
1690 1727
1691 1728
1692 1729
1693 1730
1694 1731
1695 1735
1696 1736
1697 1737
1698 1738
1699 1739
1700 1740
1701 1741
1702 1742
1703 1743
1704 1744
1705 1745
1708 1746
1709 1747
1710 1748
1711 1749
1712 1750
1713 1751
1714 1752
1715 1753
1716 1754
1717 1755
1718 1756
1719 1757
1722 1758
1723 1759
1724 1760
1725 1761
1726 1762
1727 1763
1728 1764
1729 1765
1730 1766
1731 1767
1732 1768
1733 1771
1734 1772
1735 1773
1736 1774
1737 1775
1738 1776
1739 1777
1740 1778
1741 1779
1742 1780
1743 1781
1744 1782
1746 1783
1747 1784
1748 1785
1749 1786
1750 1787
1751 1788
1752 1789
1753 1790
1754 1791
1755 1792
1756 1794
1757 1795
1758 1796
1759 1797
1760 1798
1761 1799
1762 1800
1763 1801
1764 1806
1765 1807
1766 1808
1767 1809
1768 1810
1769 1811
1770 1812
1771 1813
1772 1814
1773 1815
1774 1816
1775 1817
1776 1818
1777 1819
1778 1820
1779 1821
1780 1822
1781 1823
1782 1824
1783 1825
1784 1826
1785 1827
1786 1828
1787 1829
1788 1830
1789 1831
1790 1832
1791 1833
1792 1834
1793 1835
1794 1836
1795 1837
1796 1838
1800 1839
1801 1840
1802 1841
1803 1842
1804 1843
1805 1844
1806 1845
1807 1846
1808 1847
1809 1848
1810 1849
1812 1850
1813 1851
1814 1852
1815 1853
1816 1854
1817 1855
1818 1856
1819 1857
1820 1858
1821 1860
1822 1861
1823 1862
1824 1863
1825 1864
1826 1865
1827 1866
1828 1867
1829 1868
1830 1869
1831 1870
1833 1871
1834 1872
1835 1873
1836 1874
1837 1875
1838 1876
1839 1877
1840 1878
1841 1879
1842 1880
1843 1881
1844 1882
1845 1883
1846 1884
1847 1885
1848 1886
1849 1887
1850 1888
1851 1889
1852 1892
1853 1893
1854 1894
1855 1895
1856 1896
1857 1897
1858 1898
1859 1899
1860 1900
1861 1901
1865 1902
1866 1903
1867 1904
1868 1905
1869 1906
1870 1907
1871 1908
1872 1909
1873 1910
1874 1911
1875 1912
1876 1913
1877 1914
1880 1915
1881 1916
1882 1917
1883 1921
1884 1922
1885 1923
1886 1924
1887 1925
1888 1926
1889 1928
1890 1929
1891 1930
1892 1931
1893 1932
1894 1933
1897 1934
1898 1935
1899 1936
1900 1937
1901 1938
1902 1939
1903 1940
1904 1941
1905 1942
1906 1943
1907 1945
1908 1946
1909 1947
1910 1948
1911 1949
1913 1950
1914 1951
1915 1952
1916 1955
1917 1956
1918 1957
1919 1958
1920 1959
1921 1960
1922 1961
1923 1962
1924 1963
1925 1965
1926 1966
1927 1967
1928 1968
1929 1969
1931 1970
1932 1971
1933 1972
1934 1973
1935 1974
1937 1975
1938 1976
1939 1977
1940 1978
1941 1979
1942 1980
1943 1981
1944 1982
1946 1983
1947 1984
1948 1985
1949 1987
1950 1988
1951 1989
1952 1990
1954 1991
1955 1992
1956 1993
1957 1994
1958 1996
1959 1997
1960 1998
1961 1999
1963 2000
1964 2001
1965 2002
1966 2003
1968 2004
1969 2005
1970 2006
1971 2007
1972 2008
1973 2009
1975 2010
1976 2011
1977 2012
1978 2017
1979 2018
1980 2019
1981 2020
1982 2021
1983 2022
1986 2023
1987 2024
1988 2025
1989 2026
1990 2027
1991 2028
1992 2029
1993 2030
1994 2031
1995 2032
1996 2033
1997 2034
1998 2035
1999 2037
2000 2038
2001 2039
2002 2040
2003 2041
2004 2042
2008 2043
2009 2044
2010 2045
2011 2046
2012 2047
2013 2049
2014 2050
2015 2051
2016 2052
2017 2053
2018 2054
2019 2056
2020 2057
2021 2058
2022 2059
2023 2060
2024 2062
2025 2063
2026 2064
2027 2065
2028 2066
2029 2067
2032 2068
2033 2069
2034 2070
2035 2071
2036 2072
2037 2075
2038 2076
2039 2077
2040 2078
2041 2079
2042 2080
2045 2081
2046 2082
2047 2083
2048 2084
2049 2085
2050 2086
2051 2087
2052 2088
2053 2089
2054 2090
2055 2091
2056 2093
2057 2094
2058 2095
2059 2096
2060 2097
2061 2098
2062 2099
2063 2100
2064 2101
2065 2102
2066 2103
2067 2104
2068 2105
2069 2106
2070 2107
2071 2108
2072 2109
2073 2110
2074 2111
2075 2112
2077 2113
2078 2114
2079 2115
2080 2116
2081 2119
2082 2120
2083 2121
2084 2122
2085 2123
2086 2124
2087 2125
2091 2126
2092 2127
2093 2128
2094 2129
2095 2130
2096 2132
2097 2133
2098 2134
2099 2135
2100 2136
2101 2137
2102 2139
2103 2140
2104 2141
2105 2142
2106 2143
2107 2144
2108 2145
2109 2146
2110 2147
2111 2148
2112 2149
2113 2150
2115 2151
2116 2152
2117 2153
2118 2154
2119 2155
2120 2158
2121 2159
2122 2160
2123 2161
2124 2162
2125 2163
2127 2164
2128 2165
2129 2166
2130 2167
2131 2168
2132 2169
2133 2170
2134 2171
2135 2172
2136 2173
2137 2174
2138 2177
2139 2178
2140 2179
2141 2180
2142 2181
2143 2182
2146 2183
2147 2184
2148 2185
2149 2186
2150 2188
2151 2189
2152 2190
2153 2191
2154 2192
2155 2194
2156 2195
2157 2196
2158 2197
2159 2198
2162 2199
2163 2200
2164 2201
2165 2202
2166 2203
2167 2204
2168 2205
2169 2206
2170 2207
2171 2208
2172 2209
2173 2210
2174 2211
2175 2212
2176 2213
2177 2214
2178 2216
2179 2217
2180 2218
2181 2219
2182 2220
2183 2221
2184 2223
2185 2224
2186 2225
2187 2226
2188 2227
2189 2228
2192 2229
2193 2230
2194 2231
2195 2232
2196 2233
2197 2234
2198 2235
2199 2236
2200 2237
2201 2238
2202 2241
2203 2242
2204 2243
2205 2244
2206 2245
2208 2246
2209 2247
2210 2248
2211 2249
2212 2250
2213 2251
2214 2252
2215 2253
2216 2254
2217 2255
2218 2258
2219 2259
2220 2260
2221 2261
2223 2262
2224 2263
2225 2264
2226 2265
2229 2266
2230 2267
2231 2268
2232 2269
2233 2270
2234 2271
2235 2273
2236 2274
2237 2275
2238 2276
2239 2278
2240 2279
2241 2280
2244 2281
2245 2282
2246 2285
2247 2286
2248 2287
2249 2288
2251 2289
2252 2290
2253 2291
2254 2293
2255 2294
2256 2295
2257 2296
2259 2297
2260 2298
2261 2299
2262 2300
2263 2301
2264 2302
2265 2303
2266 2304
2267 2305
2268 2306
2271 2307
2272 2308
2273 2309
2274 2310
2275 2313
2276 2314
2277 2315
2278 2316
2279 2318
2280 2319
2281 2320
2282 2321
2283 2322
2287 2323
2288 2324
2289 2325
2290 2326
2291 2327
2292 2330
2293 2331
2294 2332
2295 2333
2296 2334
2297 2335
2298 2336
2299 2337
2300 2338
2301 2339
2302 2340
2303 2341
2304 2342
2305 2343
2306 2344
2307 2345
2308 2346
2309 2347
2310 2348
2311 2349
2312 2350
2313 2351
2314 2352
2316 2353
2317 2354
2318 2355
2319 2356
2320 2357
2321 2358
2322 2359
2323 2360
2324 2361
2325 2362
2326 2363
2328 2364
2329 2365
2330 2366
2331 2367
2332 2368
2333 2369
2334 2370
2335 2371
2336 2374
2337 2375
2338 2376
2339 2377
2340 2378
2341 2379
2342 2380
2343 2381
2344 2382
2345 2383
2348 2384
2349 2385
2350 2386
2351 2387
2352 2388
2353 2389
2354 2390
2355 2391
2356 2394
2357 2395
2358 2396
2359 2397
2360 2398
2361 2399
2362 2400
2364 2401
2365 2402
2366 2403
2367 2404
2368 2405
2369 2407
2370 2408
2371 2409
2372 2410
2373 2411
2374 2412
2375 2413
2378 2414
2379 2415
2380 2416
2381 2419
2382 2420
2383 2421
2384 2422
2385 2423
2386 2424
2390 2425
2391 2426
2392 2427
2393 2431
2394 2432
2395 2433
2396 2434
2397 2435
2401 2436
2402 2437
2403 2438
2404 2442
2405 2443
2406 2444
2407 2445
2408 2446
2409 2447
2410 2448
2412 2449
2413 2450
2414 2451
2415 2452
2416 2453
2417 2454
2418 2456
2419 2457
2420 2458
2421 2459
2422 2460
2423 2461
2424 2462
2425 2463
2426 2464
2427 2465
2428 2466
2429 2467
2430 2468
2431 2469
2432 2470
2433 2471
2434 2472
2435 2473
2437 2474
2438 2475
2439 2476
2440 2477
2441 2478
2442 2479
2443 2480
2444 2481
2445 2484
2446 2485
2447 2486
2448 2487
2449 2488
2450 2489
2451 2490
2452 2491
2453 2492
2454 2493
2457 2494
2458 2495
2459 2496
2460 2497
2461 2498
2462 2499
2463 2500
2464 2501
2465 2502
2466 2503
2468 2504
2469 2505
2470 2506
2471 2507
2472 2508
2473 2509
2474 2510
2475 2513
2476 2514
2477 2515
2478 2516
2479 2517
2480 2518
2481 2519
2482 2520
2484 2521
2485 2522
2486 2523
2487 2524
2488 2525
2489 2526
2490 2527
2491 2528
2493 2529
2494 2530
2495 2531
2496 2532
2497 2533
2498 2534
2499 2535
2500 2537
2501 2538
2502 2539
2503 2540
2504 2541
2505 2542
2506 2543
2507 2544
2510 2545
2511 2546
2512 2547
2513 2548
2514 2549
2515 2550
2516 2551
2517 2553
2518 2554
2519 2555
2520 2556
2521 2557
2522 2558
2523 2560
2524 2561
2525 2562
2526 2563
2527 2564
2528 2565
2529 2566
2530 2568
2531 2569
2532 2570
2533 2571
2534 2572
2535 2573
2536 2574
2537 2575
2538 2576
2539 2577
2540 2578
2541 2579
2542 2580
2543 2581
2544 2582
2545 2583
2548 2584
2549 2585
2550 2586
2551 2587
2552 2591
2553 2592
2554 2593
2555 2594
2556 2595
2557 2596
2558 2597
2561 2598
2562 2599
2563 2600
2564 2603
2565 2604
2566 2605
2567 2606
2568 2607
2569 2609
2570 2610
2571 2611
2572 2612
2573 2613
2574 2614
2578 2615
2579 2616
2580 2617
2581 2618
2582 2620
2583 2621
2584 2622
2585 2623
2586 2624
2587 2625
2591 2626
2592 2627
2593 2628
2594 2632
2595 2633
2596 2634
2597 2635
2598 2636
2599 2637
2601 2638
2602 2639
2603 2640
2604 2641
2605 2644
2606 2645
2607 2646
2608 2647
2609 2648
2610 2649
2613 2650
2614 2651
2615 2652
2616 2653
2617 2654
2618 2655
2621 2656
2622 2657
2623 2658
2624 2662
2625 2663
2626 2664
2627 2665
2628 2666
2629 2667
2630 2669
2631 2670
2632 2671
2633 2672
2634 2673
2635 2674
2639 2675
2640 2676
2641 2677
2642 2678
2643 2679
2644 2681
2645 2682
2646 2683
2647 2684
2648 2685
2649 2686
2650 2687
2652 2688
2653 2689
2654 2690
2655 2691
2656 2692
2657 2693
2658 2694
2659 2695
2660 2697
2661 2698
2662 2699
2663 2700
2664 2701
2665 2702
2666 2703
2667 2704
2668 2705
2669 2706
2670 2707
2671 2708
2672 2709
2673 2710
2674 2711
2675 2712
2676 2713
2677 2714
2678 2715
2681 2716
2682 2717
2683 2718
2684 2719
2685 2720
2686 2725
2687 2726
2688 2727
2689 2728
2690 2729
2691 2730
2692 2731
2693 2732
2694 2733
2697 2734
2698 2735
2699 2736
2700 2737
2701 2738
2702 2739
2703 2740
2704 2741
2705 2742
2706 2743
2708 2744
2709 2745
2710 2746
2711 2747
2712 2748
2713 2752
2714 2753
2715 2754
2716 2755
2717 2756
2718 2757
2719 2758
2720 2759
2721 2760
2722 2761
2723 2762
2724 2763
2725 2764
2726 2765
2727 2766
2728 2767
2729 2768
2730 2769
2734 2770
2735 2771
2736 2772
2737 2773
2738 2774
2739 2775
2740 2778
2741 2779
2742 2780
2743 2781
2744 2782
2745 2783
2746 2784
2747 2785
2748 2786
2751 2787
2752 2788
2753 2789
2754 2790
2755 2791
2756 2792
2757 2793
2758 2794
2759 2795
2760 2796
2761 2797
2762 2798
2763 2799
2764 2800
2765 2801
2766 2802
2767 2803
2768 2804
2769 2805
2770 2806
2771 2807
2772 2808
2773 2809
2774 2810
2775 2811
2776 2812
2777 2815
2778 2816
2779 2817
2780 2818
2781 2819
2782 2820
2783 2821
2784 2822
2785 2823
2786 2824
2787 2825
2788 2826
2789 2827
2790 2828
2791 2829
2792 2830
2793 2831
2795 2832
2796 2833
2797 2834
2798 2835
2799 2836
2800 2837
2801 2838
2802 2839
2803 2840
2804 2841
2806 2842
2807 2843
2808 2844
2809 2845
2810 2846
2811 2847
2812 2848
2813 2849
2814 2850
2815 2851
2816 2852
2817 2853
2818 2854
2819 2855
2820 2856
2821 2859
2822 2860
2823 2861
2824 2862
2825 2863
2826 2864
2827 2866
2828 2867
2829 2868
2830 2869
2831 2870
2832 2871
2833 2872
2834 2873
2838 2874
2839 2875
2840 2876
2841 2877
2842 2881
2843 2882
2844 2883
2845 2884
2846 2885
2847 2886
2848 2887
2851 2888
2852 2889
2853 2890
2854 2891
2855 2892
2856 2893
2857 2894
2858 2895
2859 2896
2860 2897
2861 2898
2862 2899
2863 2900
2864 2901
2865 2902
2867 2903
2868 2904
2869 2905
2870 2906
2871 2907
2872 2910
2873 2911
2874 2912
2875 2913
2876 2914
2877 2915
2878 2916
2879 2918
2880 2919
2881 2920
2882 2921
2883 2922
2884 2923
2885 2924
2890 2925
2891 2926
2892 2927
2893 2928
2894 2929
2895 2930
2896 2933
2897 2934
2898 2935
2899 2936
2900 2937
2901 2938
2902 2939
2903 2940
2904 2941
2905 2942
2906 2943
2907 2944
2908 2945
2909 2946
2910 2947
2911 2948
2912 2949
2913 2950
2914 2951
2915 2952
2916 2953
2919 2954
2920 2955
2921 2956
2922 2957
2923 2961
2924 2962
2925 2963
2926 2964
2927 2965
2928 2966
2929 2967
2931 2968
2932 2969
2933 2970
2934 2971
2935 2972
2936 2973
2937 2974
2938 2975
2939 2976
2940 2977
2941 2978
2942 2979
2943 2982
2944 2983
2945 2984
2946 2985
2947 2986
2948 2987
2949 2988
2954 2989
2955 2990
2956 2991
2957 2992
2958 2993
2959 2996
2960 2997
2961 2998
2962 2999
2963 3000
2964 3001
2965 3002
2966 3003
2968 3004
2969 3005
2970 3006
2971 3007
2972 3008
2973 3011
2974 3012
2975 3013
2976 3014
2977 3015
2978 3016
2979 3017
2980 3018
2981 3019
2982 3020
2983 3021
2984 3022
2985 3023
2986 3024
2988 3025
2989 3026
2990 3027
2991 3028
2992 3029
2993 3030
2994 3031
2997 3032
2998 3033
2999 3034
3000 3035
3001 3036
3002 3037
3003 3038
3004 3039
3005 3040
3006 3041
3007 3046
3008 3047
3009 3048
3010 3049
3011 3050
3012 3051
3016 3052
3017 3053
3018 3054
3019 3055
3020 3056
3021 3057
3022 3059
3023 3060
3024 3061
3025 3062
3026 3063
3027 3064
3028 3065
3029 3067
3030 3068
3031 3069
3032 3070
3033 3071
3034 3072
3036 3073
3037 3074
3038 3075
3039 3076
3040 3079
3041 3080
3042 3081
3043 3082
3044 3083
3047 3084
3048 3085
3049 3086
3050 3087
3051 3089
3052 3090
3053 3091
3054 3092
3055 3093
3056 3094
3057 3095
3058 3096
3059 3097
3060 3098
3061 3100
3062 3101
3063 3102
3064 3103
3065 3104
3066 3105
3068 3106
3069 3107
3070 3108
3071 3109
3072 3110
3077 3111
3078 3117
3079 3118
3080 3119
3081 3120
3082 3121
3083 3122
3084 3123
3085 3124
3086 3125
3087 3126
3088 3127
3090 3128
3091 3129
3092 3130
3093 3131
3094 3132
3095 3134
3096 3135
3097 3136
3098 3137
3099 3138
3100 3139
3101 3140
3102 3141
3103 3142
3104 3143
3105 3144
3108 3145
3109 3146
3110 3147
3111 3148
3112 3149
3113 3150
3116 3151
3117 3152
3118 3157
3119 3158
3120 3159
3121 3160
3122 3161
3123 3162
3124 3163
3125 3164
3127 3165
3128 3166
3129 3167
3130 3168
3131 3169
3132 3170
3133 3171
3134 3172
3135 3173
3136 3174
3138 3175
3139 3176
3140 3177
3141 3178
3142 3179
3143 3180
3144 3181
3145 3182
3147 3183
3148 3184
3149 3185
3150 3186
3151 3187
3152 3188
3153 3189
3154 3192
3155 3193
3156 3194
3157 3195
3158 3196
3159 3197
3160 3198
3161 3199
3162 3200
3165 3201
3166 3202
3167 3203
3168 3204
3169 3205
3170 3206
3171 3207
3172 3208
3173 3209
3174 3211
3175 3212
3176 3213
3177 3214
3178 3215
3179 3216
3180 3217
3181 3218
3182 3219
3184 3220
3185 3221
3186 3222
3187 3223
3188 3224
3189 3225
3190 3226
3191 3227
3192 3229
3193 3230
3194 3231
3195 3232
3196 3233
3197 3234
3198 3235
3199 3238
3200 3239
3201 3240
3202 3241
3203 3242
3204 3243
3205 3244
3206 3245
3207 3246
3211 3247
3212 3248
3213 3249
3214 3250
3215 3251
3216 3252
3217 3253
3218 3256
3219 3257
3220 3258
3221 3259
3222 3260
3223 3261
3224 3262
3225 3263
3226 3264
3230 3265
3231 3266
3232 3267
3233 3268
3234 3269
3235 3270
3236 3271
3237 3274
3238 3275
3239 3276
3240 3277
3241 3278
3242 3279
3243 3280
3244 3281
3245 3282
3248 3283
3249 3284
3250 3285
3251 3286
3252 3287
3253 3288
3254 3292
3255 3293
3256 3294
3257 3295
3258 3296
3259 3297
3260 3298
3261 3299
3262 3301
3263 3302
3264 3303
3265 3304
3266 3305
3267 3306
3268 3307
3269 3308
3270 3309
3274 3310
3275 3311
3276 3312
3277 3313
3278 3314
3279 3315
3280 3316
3281 3317
3282 3318
3283 3319
3284 3320
3285 3321
3286 3322
3287 3323
3288 3324
3289 3325
3290 3327
3291 3328
3292 3329
3293 3330
3294 3331
3295 3332
3296 3333
3297 3335
3298 3336
3299 3337
3300 3338
3301 3339
3302 3340
3303 3341
3307 3342
3308 3343
3309 3344
3310 3345
3311 3346
3312 3347
3313 3350
3314 3351
3315 3352
3316 3353
3317 3354
3318 3357
3319 3358
3320 3359
3321 3360
3322 3361
3323 3362
3324 3363
3325 3364
3326 3365
3327 3366
3328 3367
3329 3368
3330 3369
3331 3370
3332 3371
3335 3372
3336 3373
3337 3374
3338 3375
3339 3376
3340 3377
3341 3378
3342 3379
3344 3380
3345 3381
3346 3382
3347 3383
3348 3384
3349 3385
3350 3388
3351 3389
3352 3390
3353 3391
3354 3392
3355 3393
3356 3394
3357 3395
3360 3396
3361 3397
3362 3398
3363 3399
3364 3400
3365 3402
3366 3403
3367 3404
3368 3405
3369 3406
3370 3409
3371 3410
3372 3411
3373 3412
3374 3413
3375 3414
3376 3415
3377 3416
3378 3417
3379 3418
3380 3419
3381 3420
3382 3421
3384 3422
3385 3423
3386 3424
3387 3425
3388 3426
3389 3427
3390 3428
3391 3429
3392 3430
3393 3431
3394 3432
3395 3433
3396 3434
3397 3435
3398 3436
3399 3437
3400 3438
3401 3439
3402 3440
3403 3441
3404 3442
3405 3443
3406 3444
3407 3446
3408 3447
3409 3448
3410 3449
3411 3450
3412 3451
3415 3452
3416 3453
3417 3454
3418 3455
3419 3456
3420 3458
3421 3459
3422 3460
3423 3461
3424 3462
3425 3463
3426 3464
3427 3465
3428 3466
3429 3467
3430 3468
3433 3469
3434 3470
3435 3471
3436 3475
3437 3476
3438 3477
3439 3478
3440 3479
3441 3480
3442 3481
3443 3482
3444 3483
3445 3484
3446 3485
3447 3486
3448 3487
3449 3488
3453 3489
3454 3490
3455 3491
3456 3492
3457 3493
3458 3494
3459 3495
3460 3496
3461 3497
3462 3498
3463 3499
3464 3500
3465 3502
3466 3503
3467 3504
3468 3505
3469 3506
3470 3509
3471 3510
3472 3511
3473 3512
3474 3513
3475 3514
3476 3515
3480 3516
3481 3517
3482 3518
3483 3519
3484 3520
3485 3521
3486 3522
3487 3523
3488 3524
3489 3526
3490 3527
3491 3528
3492 3529
3493 3530
3494 3531
3495 3532
3496 3533
3497 3534
3498 3535
3500 3536
3501 3537
3502 3538
3503 3539
3504 3540
3505 3541
3506 3542
3507 3543
3508 3544
3509 3545
3510 3546
3511 3548
3512 3549
3513 3550
3514 3551
3515 3552
3516 3553
3517 3554
3518 3555
3519 3556
3520 3557
3521 3558
3522 3559
3523 3560
3524 3561
3525 3562
3526 3563
3527 3564
3528 3565
3529 3566
3530 3567
3531 3568
3532 3569
3533 3573
3534 3574
3535 3575
3536 3576
3537 3577
3538 3578
3539 3579
3540 3580
3541 3581
3542 3582
3543 3583
3544 3585
3545 3586
3546 3587
3547 3588
3548 3589
3549 3590
3550 3591
3551 3592
3552 3597
3553 3598
3554 3599
3555 3600
3556 3601
3557 3602
3558 3603
3559 3604
3560 3605
3561 3609
3562 3610
3563 3611
3564 3612
3565 3613
3566 3614
3567 3615
3568 3616
3569 3620
3570 3621
3571 3622
3572 3623
3573 3624
3574 3625
3575 3626
3576 3627
3577 3628
3578 3629
3579 3630
3580 3632
3581 3633
3582 3634
3583 3635
3584 3636
3585 3637
3586 3638
3587 3639
3588 3640
3589 3642
3590 3643
3591 3644
3592 3645
3593 3646
3594 3647
3595 3648
3596 3649
3597 3650
3598 3651
3599 3652
3600 3653
3601 3654
3602 3655
3603 3656
3604 3657
3605 3658
3606 3659
3607 3660
3608 3661
3609 3662
3610 3663
3611 3664
3614 3665
3615 3666
3616 3667
3617 3668
3618 3669
3619 3670
3620 3671
3621 3672
3622 3673
3623 3676
3624 3677
3625 3678
3626 3679
3627 3680
3628 3681
3629 3682
3630 3686
3631 3687
3632 3688
3633 3689
3634 3690
3635 3691
3636 3692
3637 3693
3638 3694
3639 3695
3642 3696
3643 3697
3644 3698
3645 3699
3646 3700
3647 3701
3648 3702
3649 3703
3650 3704
3651 3705
3652 3706
3653 3707
3654 3708
3655 3709
3656 3710
3657 3711
3658 3712
3659 3714
3660 3715
3661 3716
3662 3717
3663 3718
3664 3719
3665 3720
3666 3721
3669 3722
3670 3723
3671 3724
3672 3725
3673 3726
3674 3727
3675 3730
3676 3731
3677 3732
3678 3733
3679 3734
3680 3735
3681 3736
3682 3737
3684 3738
3685 3739
3686 3740
3687 3741
3688 3746
3689 3747
3690 3748
3691 3749
3692 3750
3693 3751
3694 3752
3698 3753
3699 3754
3700 3755
3701 3756
3702 3757
3703 3758
3704 3759
3705 3760
3706 3761
3707 3762
3708 3763
3709 3764
3710 3767
3711 3768
3712 3769
3713 3770
3714 3771
3715 3772
3716 3773
3717 3774
3718 3775
3719 3776
3720 3777
3721 3778
3722 3779
3724 3780
3725 3781
3726 3782
3727 3783
3728 3784
3729 3785
3730 3787
3731 3788
3732 3789
3733 3790
3734 3791
3735 3792
3739 3793
3740 3794
3741 3795
3742 3796
3743 3797
3744 3801
3745 3802
3746 3803
3747 3804
3748 3805
3749 3806
3750 3807
3751 3808
3752 3809
3753 3810
3754 3811
3755 3812
3756 3813
3762 3814
3763 3815
3764 3816
3765 3821
3766 3822
3767 3823
3768 3824
3769 3825
3770 3826
3771 3827
3772 3828
3773 3829
3774 3830
3775 3831
3776 3832
3777 3834
3778 3835
3779 3836
3780 3837
3781 3838
3782 3839
3783 3840
3786 3841
3787 3842
3788 3843
3789 3844
3790 3845
3791 3846
3792 3847
3793 3848
3794 3849
3795 3850
3796 3851
3797 3852
3798 3853
3799 3854
3800 3855
3801 3856
3802 3857
3803 3858
3804 3859
3805 3860
3807 3861
3808 3862
3809 3863
3810 3864
3811 3865
3812 3866
3813 3868
3814 3869
3815 3870
3816 3871
3817 3872
3818 3873
3819 3874
3822 3875
3823 3876
3824 3877
3825 3878
3826 3882
3827 3883
3828 3884
3829 3885
3830 3886
3831 3887
3833 3888
3834 3889
3835 3890
3836 3891
3837 3892
3838 3893
3839 3894
3840 3895
3841 3896
3842 3897
3843 3898
3844 3899
3845 3900
3846 3902
3847 3903
3848 3904
3849 3905
3850 3906
3851 3907
3852 3908
3854 3909
3855 3910
3856 3911
3857 3912
3858 3913
3859 3915
3860 3916
3861 3917
3862 3918
3863 3919
3864 3920
3865 3921
3866 3922
3867 3923
3868 3924
3869 3925
3870 3926
3871 3927
3872 3928
3873 3929
3874 3930
3875 3931
3876 3932
3877 3933
3878 3934
3879 3935
3880 3936
3881 3937
3884 3938
3885 3939
3886 3940
3887 3941
3888 3942
3889 3943
3890 3945
3891 3946
3892 3947
3893 3948
3894 3949
3895 3950
3896 3952
3897 3953
3898 3954
3899 3955
3900 3956
3901 3957
3902 3958
3903 3959
3904 3960
3905 3961
3906 3962
3907 3963
3908 3964
3909 3965
3912 3966
3913 3967
3914 3968
3915 3969
3916 3970
3917 3971
3919 3972
3920 3973
3921 3974
3922 3979
3923 3980
3924 3981
3925 3982
3926 3983
3927 3984
3929 3985
3930 3986
3931 3987
3932 3988
3933 3989
3934 3990
3935 3991
3938 3992
3939 3993
3940 3994
3941 3995
3942 3999
3943 4000
3944 4001
3945 4002
3946 4003
3947 4004
3948 4005
3950 4006
3951 4007
3952 4008
3953 4009
3954 4010
3955 4011
3958 4012
3959 4013
3960 4014
3961 4015
3962 4016
3963 4019
3964 4020
3965 4021
3966 4022
3967 4023
