0 0
1 1
2 2
3 3
4 4
5 13
6 14
7 15
8 16
9 17
10 18
11 19
12 20
13 21
14 33
15 34
16 35
17 36
18 37
19 38
20 39
21 40
22 41
23 42
24 43
25 53
26 54
27 55
28 56
29 57
30 58
31 59
32 60
33 61
34 62
35 63
36 64
37 65
38 73
39 74
40 75
41 76
42 77
43 78
44 79
45 80
46 81
47 82
48 83
49 84
50 85
51 93
52 94
53 95
54 96
55 97
56 98
57 99
58 100
59 101
60 102
61 103
62 104
63 105
64 106
65 107
66 113
67 114
68 115
69 116
70 117
71 118
72 119
73 120
74 133
75 134
76 135
77 136
78 137
79 138
80 139
81 140
82 141
83 142
84 143
85 153
86 154
87 155
88 156
89 157
90 158
91 159
92 160
93 161
94 162
95 163
96 164
97 165
98 173
99 174
100 175
101 176
102 177
103 178
104 179
105 180
106 181
107 182
108 183
109 193
110 194
111 195
112 196
113 197
114 198
115 199
116 200
117 213
118 214
119 215
120 216
121 217
122 218
123 219
124 220
125 221
126 222
127 233
128 234
129 235
130 236
131 237
132 238
133 239
134 240
135 241
136 242
137 243
138 244
139 253
140 254
141 255
142 256
143 257
144 258
145 259
146 260
147 261
148 262
149 263
150 264
151 273
152 274
153 275
154 276
155 277
156 278
157 279
158 280
159 281
160 293
161 294
162 295
163 296
164 297
165 298
166 299
167 300
168 301
169 302
170 303
171 304
172 305
173 306
174 307
175 313
176 314
177 315
178 316
179 317
180 318
181 319
182 320
183 321
184 322
185 323
186 333
187 334
188 335
189 336
190 337
191 338
192 339
193 340
194 341
195 342
196 343
197 344
198 353
199 354
200 355
201 356
202 357
203 358
204 359
205 360
206 361
207 362
208 373
209 374
210 375
211 376
212 377
213 378
214 379
215 380
216 381
217 382
218 383
219 384
220 385
221 386
222 393
223 394
224 395
225 396
226 397
227 398
228 399
229 400
230 401
231 402
232 403
233 404
234 413
235 414
236 415
237 416
238 417
239 418
240 419
241 420
242 421
243 422
244 423
245 424
246 425
247 433
248 434
249 435
250 436
251 437
252 438
253 439
254 440
255 441
256 442
257 443
258 444
259 445
260 453
261 454
262 455
263 456
264 457
265 458
266 459
267 460
268 461
269 462
270 473
271 474
272 475
273 476
274 477
275 478
276 479
277 480
278 481
279 482
280 483
281 484
282 485
283 493
284 494
285 495
286 496
287 497
288 498
289 499
290 500
291 501
292 513
293 514
294 515
295 516
296 517
297 518
298 519
299 520
300 521
301 533
302 534
303 535
304 536
305 537
306 538
307 539
308 540
309 541
310 542
311 543
312 544
313 553
314 554
315 555
316 556
317 557
318 558
319 573
320 574
321 575
322 576
323 577
324 578
325 579
326 580
327 581
328 582
329 583
330 593
331 594
332 595
333 596
334 597
335 598
336 599
337 600
338 601
339 602
340 613
341 614
342 615
343 616
344 617
345 618
346 619
347 620
348 633
349 634
350 635
351 636
352 637
353 638
354 639
355 640
356 641
357 642
358 653
359 654
360 655
361 656
362 657
363 658
364 659
365 660
366 661
367 662
368 673
369 674
370 675
371 676
372 677
373 678
374 679
375 680
376 681
377 682
378 683
379 684
380 693
381 694
382 695
383 696
384 697
385 698
386 699
387 700
388 701
389 702
390 703
391 704
392 705
393 706
394 713
395 714
396 715
397 716
398 717
399 718
400 719
401 720
402 721
403 722
404 723
405 724
406 725
407 733
408 734
409 735
410 736
411 737
412 738
413 739
414 740
415 741
416 742
417 743
418 753
419 754
420 755
421 756
422 757
423 758
424 759
425 760
426 761
427 762
428 763
429 773
430 774
431 775
432 776
433 777
434 778
435 779
436 780
437 781
438 782
439 783
440 793
441 794
442 795
443 796
444 797
445 798
446 799
447 800
448 813
449 814
450 815
451 816
452 817
453 818
454 819
455 820
456 821
457 822
458 823
459 833
460 834
461 835
462 836
463 837
464 838
465 839
466 840
467 853
468 854
469 855
470 856
471 857
472 858
473 859
474 860
475 861
476 862
477 863
478 873
479 874
480 875
481 876
482 877
483 878
484 879
485 880
486 881
487 893
488 894
489 895
490 896
491 897
492 898
493 899
494 900
495 901
496 902
497 903
498 904
499 913
500 914
501 915
502 916
503 917
504 918
505 919
506 920
507 921
508 922
509 923
510 924
511 925
512 933
513 934
514 935
515 936
516 937
517 938
518 939
519 940
520 953
521 954
522 955
523 956
524 957
525 958
526 959
527 960
528 961
529 962
530 973
531 974
532 975
533 976
534 977
535 978
536 979
537 980
538 981
539 982
540 993
541 994
542 995
543 996
544 997
545 998
546 999
547 1000
548 1001
549 1002
550 1003
551 1013
552 1014
553 1015
554 1016
555 1017
556 1018
557 1019
558 1020
559 1021
560 1022
561 1023
562 1024
563 1033
564 1034
565 1035
566 1036
567 1037
568 1038
569 1039
570 1040
571 1041
572 1042
573 1053
574 1054
575 1055
576 1056
577 1057
578 1058
579 1059
580 1060
581 1061
582 1062
583 1063
584 1064
585 1073
586 1074
587 1075
588 1076
589 1077
590 1078
591 1079
592 1080
593 1081
594 1082
595 1093
596 1094
597 1095
598 1096
599 1097
600 1098
601 1099
602 1100
603 1101
604 1102
605 1103
606 1113
607 1114
608 1115
609 1116
610 1117
611 1118
612 1119
613 1120
614 1121
615 1133
616 1134
617 1135
618 1136
619 1137
620 1138
621 1139
622 1140
623 1141
624 1153
625 1154
626 1155
627 1156
628 1157
629 1158
630 1159
631 1160
632 1173
633 1174
634 1175
635 1176
636 1177
637 1178
638 1179
639 1180
640 1181
641 1182
642 1183
643 1193
644 1194
645 1195
646 1196
647 1197
648 1198
649 1199
650 1200
651 1201
652 1202
653 1203
654 1204
655 1205
656 1213
657 1214
658 1215
659 1216
660 1217
661 1218
662 1219
663 1220
664 1221
665 1222
666 1233
667 1234
668 1235
669 1236
670 1237
671 1238
672 1239
673 1253
674 1254
675 1255
676 1256
677 1257
678 1258
679 1259
680 1260
681 1261
682 1262
683 1263
684 1264
685 1265
686 1266
687 1273
688 1274
689 1275
690 1276
691 1277
692 1278
693 1279
694 1280
695 1281
696 1293
697 1294
698 1295
699 1296
700 1297
701 1298
702 1299
703 1300
704 1301
705 1302
706 1303
707 1304
708 1313
709 1314
710 1315
711 1316
712 1317
713 1318
714 1319
715 1333
716 1334
717 1335
718 1336
719 1337
720 1338
721 1339
722 1340
723 1341
724 1353
725 1354
726 1355
727 1356
728 1357
729 1358
730 1359
731 1360
732 1361
733 1373
734 1374
735 1375
736 1376
737 1377
738 1378
739 1379
740 1380
741 1381
742 1393
743 1394
744 1395
745 1396
746 1397
747 1398
748 1413
749 1414
750 1415
751 1416
752 1417
753 1418
754 1419
755 1420
756 1421
757 1422
758 1423
759 1433
760 1434
761 1435
762 1436
763 1437
764 1438
765 1453
766 1454
767 1455
768 1456
769 1457
770 1458
771 1459
772 1473
773 1474
774 1475
775 1476
776 1477
777 1478
778 1479
779 1480
780 1481
781 1493
782 1494
783 1495
784 1496
785 1497
786 1498
787 1499
788 1500
789 1501
790 1502
791 1513
792 1514
793 1515
794 1516
795 1517
796 1518
797 1519
798 1533
799 1534
800 1535
801 1536
802 1537
803 1538
804 1539
805 1540
806 1541
807 1553
808 1554
809 1555
810 1556
811 1557
812 1558
813 1559
814 1560
815 1561
816 1562
817 1573
818 1574
819 1575
820 1576
821 1577
822 1578
823 1579
824 1580
825 1581
826 1593
827 1594
828 1595
829 1596
830 1597
831 1598
832 1613
833 1614
834 1615
835 1616
836 1617
837 1618
838 1619
839 1620
840 1621
841 1633
842 1634
843 1635
844 1636
845 1637
846 1638
847 1639
848 1640
849 1641
850 1642
851 1653
852 1654
853 1655
854 1656
855 1657
856 1658
857 1659
858 1660
859 1661
860 1662
861 1663
862 1664
863 1665
864 1666
865 1667
866 1673
867 1674
868 1675
869 1676
870 1677
871 1678
872 1679
873 1680
874 1681
875 1682
876 1693
877 1694
878 1695
879 1696
880 1697
881 1698
882 1699
883 1700
884 1701
885 1702
886 1703
887 1704
888 1705
889 1706
890 1713
891 1714
892 1715
893 1716
894 1717
895 1718
896 1719
897 1720
898 1721
899 1722
900 1723
901 1724
902 1725
903 1726
904 1733
905 1734
906 1735
907 1736
908 1737
909 1738
910 1739
911 1740
912 1741
913 1753
914 1754
915 1755
916 1756
917 1757
918 1758
919 1759
920 1760
921 1761
922 1773
923 1774
924 1775
925 1793
926 1794
927 1795
928 1796
929 1797
930 1798
931 1799
932 1800
933 1801
934 1802
935 1803
936 1804
937 1813
938 1814
939 1815
940 1816
941 1817
942 1818
943 1833
944 1834
945 1835
946 1836
947 1837
948 1853
949 1854
950 1855
951 1856
952 1857
953 1858
954 1859
955 1860
956 1861
957 1862
958 1873
959 1874
960 1875
961 1876
962 1877
963 1878
964 1879
965 1880
966 1881
967 1882
968 1883
969 1884
970 1893
971 1894
972 1895
973 1896
974 1897
975 1898
976 1899
977 1900
978 1901
979 1902
980 1903
981 1913
982 1914
983 1915
984 1916
985 1917
986 1918
987 1919
988 1920
989 1921
990 1922
991 1933
992 1934
993 1935
994 1936
995 1937
996 1953
997 1954
998 1955
999 1956
1000 1957
1001 1973
1002 1974
1003 1975
1004 1976
1005 1977
1006 1978
1007 1993
1008 1994
1009 1995
1010 1996
1011 1997
1012 1998
1013 1999
1014 2000
1015 2001
1016 2002
1017 2003
1018 2013
1019 2014
1020 2015
1021 2016
1022 2017
1023 2018
1024 2019
1025 2020
1026 2021
1027 2033
1028 2034
1029 2035
1030 2036
1031 2037
1032 2038
1033 2039
1034 2040
1035 2041
1036 2053
1037 2054
1038 2055
1039 2056
1040 2073
1041 2074
1042 2075
1043 2076
1044 2077
1045 2078
1046 2093
1047 2094
1048 2095
1049 2096
1050 2097
1051 2098
1052 2099
1053 2113
1054 2114
1055 2115
1056 2116
1057 2117
1058 2118
1059 2119
1060 2120
1061 2121
1062 2133
1063 2134
1064 2135
1065 2136
1066 2137
1067 2138
1068 2139
1069 2140
1070 2141
1071 2153
1072 2154
1073 2155
1074 2156
1075 2157
1076 2158
1077 2159
1078 2160
1079 2173
1080 2174
1081 2175
1082 2176
1083 2177
1084 2178
1085 2179
1086 2180
1087 2181
1088 2182
1089 2193
1090 2194
1091 2195
1092 2196
1093 2197
1094 2198
1095 2199
1096 2200
1097 2201
1098 2202
1099 2203
1100 2213
1101 2214
1102 2215
1103 2216
1104 2217
1105 2218
1106 2219
1107 2220
1108 2233
1109 2234
1110 2235
1111 2236
1112 2237
1113 2238
1114 2239
1115 2240
1116 2241
1117 2242
1118 2243
1119 2253
1120 2254
1121 2255
1122 2256
1123 2257
1124 2258
1125 2259
1126 2260
1127 2261
1128 2262
1129 2263
1130 2264
1131 2273
1132 2274
1133 2275
1134 2276
1135 2277
1136 2278
1137 2279
1138 2280
1139 2281
1140 2282
1141 2283
1142 2293
1143 2294
1144 2295
1145 2296
1146 2297
1147 2298
1148 2299
1149 2300
1150 2301
1151 2313
1152 2314
1153 2315
1154 2316
1155 2317
1156 2318
1157 2319
1158 2320
1159 2321
1160 2322
1161 2323
1162 2324
1163 2333
1164 2334
1165 2335
1166 2336
1167 2337
1168 2338
1169 2353
1170 2354
1171 2355
1172 2356
1173 2357
1174 2358
1175 2359
1176 2360
1177 2361
1178 2362
1179 2373
1180 2374
1181 2375
1182 2376
1183 2377
1184 2378
1185 2379
1186 2380
1187 2381
1188 2382
1189 2383
1190 2393
1191 2394
1192 2395
1193 2396
1194 2397
1195 2398
1196 2399
1197 2400
1198 2401
1199 2413
1200 2414
1201 2415
1202 2416
1203 2417
1204 2418
1205 2419
1206 2420
1207 2421
1208 2422
1209 2423
1210 2433
1211 2434
1212 2435
1213 2436
1214 2437
1215 2438
1216 2439
1217 2440
1218 2441
1219 2453
1220 2454
1221 2455
1222 2456
1223 2457
1224 2458
1225 2459
1226 2460
1227 2461
1228 2462
1229 2473
1230 2474
1231 2475
1232 2476
1233 2477
1234 2478
1235 2479
1236 2480
1237 2481
1238 2482
1239 2483
1240 2484
1241 2493
1242 2494
1243 2495
1244 2496
1245 2497
1246 2498
1247 2499
1248 2500
1249 2501
1250 2502
1251 2503
1252 2513
1253 2514
1254 2515
1255 2516
1256 2517
1257 2518
1258 2519
1259 2520
1260 2521
1261 2533
1262 2534
1263 2535
1264 2536
1265 2537
1266 2538
1267 2539
1268 2540
1269 2541
1270 2542
1271 2553
1272 2554
1273 2555
1274 2556
1275 2557
1276 2558
1277 2559
1278 2560
1279 2561
1280 2562
1281 2563
1282 2573
1283 2574
1284 2575
1285 2576
1286 2577
1287 2578
1288 2579
1289 2580
1290 2581
1291 2582
1292 2593
1293 2594
1294 2595
1295 2596
1296 2597
1297 2598
1298 2599
1299 2600
1300 2601
1301 2613
1302 2614
1303 2615
1304 2616
1305 2617
1306 2618
1307 2619
1308 2633
1309 2634
1310 2635
1311 2636
1312 2637
1313 2638
1314 2639
1315 2640
1316 2641
1317 2642
1318 2643
1319 2653
1320 2654
1321 2655
1322 2656
1323 2657
1324 2658
1325 2659
1326 2660
1327 2661
1328 2662
1329 2663
1330 2664
1331 2673
1332 2674
1333 2675
1334 2676
1335 2677
1336 2678
1337 2693
1338 2694
1339 2695
1340 2696
1341 2697
1342 2713
1343 2714
1344 2715
1345 2716
1346 2717
1347 2718
1348 2733
1349 2734
1350 2735
1351 2736
1352 2737
1353 2738
1354 2739
1355 2740
1356 2741
1357 2742
1358 2743
1359 2744
1360 2753
1361 2754
1362 2755
1363 2756
1364 2757
1365 2758
1366 2759
1367 2760
1368 2773
1369 2774
1370 2775
1371 2776
1372 2777
1373 2778
1374 2779
1375 2780
1376 2781
1377 2782
1378 2783
1379 2793
1380 2794
1381 2795
1382 2796
1383 2797
1384 2798
1385 2799
1386 2800
1387 2801
1388 2813
1389 2814
1390 2815
1391 2816
1392 2817
1393 2818
1394 2819
1395 2820
1396 2821
1397 2822
1398 2823
1399 2824
1400 2825
1401 2826
1402 2827
1403 2828
1404 2833
1405 2834
1406 2835
1407 2836
1408 2837
1409 2838
1410 2839
1411 2840
1412 2841
1413 2842
1414 2843
1415 2844
1416 2853
1417 2854
1418 2855
1419 2856
1420 2857
1421 2858
1422 2859
1423 2860
1424 2861
1425 2862
1426 2863
1427 2864
1428 2865
1429 2866
1430 2873
1431 2874
1432 2875
1433 2876
1434 2877
1435 2878
1436 2879
1437 2880
1438 2893
1439 2894
1440 2895
1441 2896
1442 2897
1443 2898
1444 2899
1445 2900
1446 2901
1447 2902
1448 2903
1449 2904
1450 2905
1451 2913
1452 2914
1453 2915
1454 2916
1455 2917
1456 2918
1457 2919
1458 2920
1459 2921
1460 2922
1461 2923
1462 2924
1463 2925
1464 2926
1465 2933
1466 2934
1467 2935
1468 2936
1469 2937
1470 2938
1471 2939
1472 2940
1473 2941
1474 2942
1475 2943
1476 2953
1477 2954
1478 2955
1479 2956
1480 2957
1481 2958
1482 2959
1483 2960
1484 2961
1485 2962
1486 2963
1487 2964
1488 2965
1489 2973
1490 2974
1491 2975
1492 2976
1493 2977
1494 2978
1495 2979
1496 2980
1497 2981
1498 2982
1499 2993
1500 2994
1501 2995
1502 2996
1503 2997
1504 2998
1505 2999
1506 3000
1507 3001
1508 3002
1509 3003
1510 3004
1511 3005
1512 3006
1513 3013
1514 3014
1515 3015
1516 3016
1517 3017
1518 3018
1519 3019
1520 3020
1521 3021
1522 3022
1523 3023
1524 3024
1525 3025
1526 3026
1527 3027
1528 3033
1529 3034
1530 3035
1531 3036
1532 3037
1533 3038
1534 3039
1535 3040
1536 3041
1537 3042
1538 3043
1539 3044
1540 3053
1541 3054
1542 3055
1543 3056
1544 3057
1545 3058
1546 3059
1547 3060
1548 3073
1549 3074
1550 3075
1551 3076
1552 3077
1553 3078
1554 3079
1555 3080
1556 3081
1557 3082
1558 3083
1559 3084
1560 3093
1561 3094
1562 3095
1563 3096
1564 3097
1565 3098
1566 3099
1567 3100
1568 3101
1569 3113
1570 3114
1571 3115
1572 3116
1573 3117
1574 3118
1575 3119
1576 3120
1577 3121
1578 3122
1579 3123
1580 3124
1581 3125
1582 3133
1583 3134
1584 3135
1585 3136
1586 3137
1587 3138
1588 3139
1589 3140
1590 3153
1591 3154
1592 3155
1593 3156
1594 3157
1595 3158
1596 3159
1597 3160
1598 3161
1599 3162
1600 3163
1601 3173
1602 3174
1603 3175
1604 3176
1605 3177
1606 3178
1607 3179
1608 3180
1609 3181
1610 3182
1611 3183
1612 3184
1613 3185
1614 3193
1615 3194
1616 3195
1617 3196
1618 3197
1619 3198
1620 3199
1621 3200
1622 3213
1623 3214
1624 3215
1625 3216
1626 3217
1627 3218
1628 3219
1629 3220
1630 3221
1631 3222
1632 3223
1633 3224
1634 3225
1635 3233
1636 3234
1637 3235
1638 3236
1639 3237
1640 3238
1641 3239
1642 3240
1643 3241
1644 3242
1645 3253
1646 3254
1647 3255
1648 3256
1649 3257
1650 3258
1651 3259
1652 3260
1653 3261
1654 3262
1655 3263
1656 3264
1657 3273
1658 3274
1659 3275
1660 3276
1661 3277
1662 3278
1663 3279
1664 3280
1665 3281
1666 3293
1667 3294
1668 3295
1669 3296
1670 3297
1671 3298
1672 3299
1673 3300
1674 3301
1675 3302
1676 3303
1677 3304
1678 3305
1679 3306
1680 3307
1681 3308
