0 0
1 1
2 2
3 11
4 12
5 13
6 14
7 15
8 16
9 17
10 31
11 32
12 33
13 34
14 35
15 36
16 37
17 38
18 39
19 40
20 41
21 51
22 52
23 53
24 54
25 55
26 56
27 57
28 58
29 59
30 60
31 61
32 62
33 63
34 64
35 65
36 66
37 71
38 72
39 73
40 74
41 75
42 76
43 77
44 78
45 79
46 80
47 81
48 82
49 91
50 92
51 93
52 94
53 95
54 96
55 97
56 98
57 99
58 100
59 101
60 102
61 103
62 104
63 105
64 106
65 107
66 111
67 112
68 113
69 114
70 115
71 116
72 117
73 118
74 119
75 131
76 132
77 133
78 134
79 135
80 136
81 137
82 138
83 139
84 140
85 141
86 142
87 143
88 151
89 152
90 153
91 154
92 155
93 156
94 157
95 158
96 159
97 160
98 161
99 162
100 163
101 164
102 165
103 171
104 172
105 173
106 174
107 175
108 176
109 177
110 178
111 179
112 180
113 181
114 182
115 183
116 184
117 185
118 186
119 187
120 191
121 192
122 193
123 194
124 195
125 196
126 197
127 198
128 199
129 200
130 201
131 202
132 203
133 211
134 212
135 213
136 214
137 215
138 216
139 217
140 218
141 219
142 220
143 221
144 222
145 223
146 224
147 225
148 226
149 227
150 228
151 229
152 231
153 232
154 233
155 234
156 235
157 236
158 237
159 238
160 239
161 240
162 241
163 242
164 243
165 244
166 245
167 246
168 247
169 248
170 251
171 252
172 253
173 254
174 255
175 256
176 257
177 258
178 259
179 260
180 261
181 262
182 263
183 264
184 265
185 266
186 271
187 272
188 273
189 274
190 275
191 276
192 277
193 278
194 279
195 280
196 281
197 282
198 283
199 284
200 291
201 292
202 293
203 294
204 295
205 296
206 297
207 298
208 299
209 300
210 301
211 302
212 311
213 312
214 313
215 314
216 315
217 316
218 317
219 318
220 319
221 320
222 321
223 322
224 323
225 324
226 325
227 326
228 327
229 328
230 331
231 332
232 333
233 334
234 335
235 336
236 337
237 338
238 339
239 340
240 341
241 342
242 343
243 344
244 345
245 346
246 347
247 351
248 352
249 353
250 354
251 355
252 356
253 357
254 358
255 359
256 360
257 361
258 362
259 363
260 364
261 365
262 366
263 367
264 371
265 372
266 373
267 374
268 375
269 376
270 377
271 378
272 379
273 380
274 381
275 382
276 383
277 384
278 385
279 386
280 391
281 392
282 393
283 394
284 395
285 396
286 397
287 398
288 399
289 400
290 401
291 402
292 403
293 404
294 411
295 412
296 413
297 414
298 415
299 416
300 417
301 418
302 419
303 420
304 421
305 422
306 423
307 424
308 425
309 431
310 432
311 433
312 434
313 435
314 436
315 437
316 438
317 439
318 440
319 451
320 452
321 453
322 454
323 455
324 456
325 457
326 458
327 459
328 460
329 461
330 462
331 463
332 464
333 465
334 471
335 472
336 473
337 474
338 475
339 476
340 477
341 478
342 479
343 480
344 481
345 482
346 483
347 484
348 491
349 492
350 493
351 494
352 495
353 496
354 497
355 498
356 499
357 500
358 501
359 502
360 503
361 511
362 512
363 513
364 514
365 515
366 516
367 517
368 518
369 519
370 520
371 521
372 522
373 523
374 524
375 531
376 532
377 533
378 534
379 535
380 536
381 537
382 538
383 539
384 540
385 541
386 542
387 543
388 551
389 552
390 553
391 554
392 555
393 556
394 557
395 571
396 572
397 573
398 574
399 575
400 576
401 577
402 578
403 579
404 580
405 581
406 582
407 583
408 584
409 585
410 586
411 587
412 591
413 592
414 593
415 594
416 595
417 596
418 597
419 598
420 599
421 600
422 601
423 602
424 603
425 604
426 605
427 606
428 607
429 608
430 611
431 612
432 613
433 614
434 615
435 616
436 617
437 618
438 619
439 620
440 621
441 622
442 623
443 624
444 625
445 626
446 627
447 631
448 632
449 633
450 634
451 635
452 636
453 637
454 638
455 639
456 640
457 641
458 642
459 643
460 644
461 651
462 652
463 653
464 654
465 655
466 656
467 657
468 671
469 672
470 673
471 674
472 675
473 676
474 677
475 678
476 679
477 680
478 681
479 691
480 692
481 693
482 694
483 695
484 696
485 697
486 698
487 699
488 700
489 701
490 702
491 703
492 704
493 705
494 706
495 711
496 712
497 713
498 714
499 715
500 716
501 717
502 718
503 719
504 720
505 721
506 722
507 723
508 724
509 725
510 726
511 731
512 732
513 733
514 734
515 735
516 736
517 737
518 738
519 739
520 740
521 741
522 742
523 743
524 744
525 745
526 746
527 747
528 751
529 752
530 753
531 754
532 755
533 756
534 757
535 758
536 759
537 760
538 761
539 762
540 763
541 764
542 771
543 772
544 773
545 774
546 775
547 776
548 777
549 778
550 779
551 791
552 792
553 793
554 794
555 795
556 796
557 797
558 798
559 799
560 800
561 801
562 802
563 803
564 804
565 805
566 811
567 812
568 813
569 814
570 815
571 816
572 817
573 818
574 819
575 820
576 821
577 822
578 823
579 824
580 825
581 826
582 827
583 831
584 832
585 833
586 834
587 835
588 836
589 837
590 838
591 839
592 840
593 841
594 842
595 843
596 844
597 845
598 846
599 851
600 852
601 853
602 854
603 855
604 856
605 857
606 858
607 859
608 860
609 861
610 862
611 863
612 864
613 865
614 866
615 867
616 868
617 871
618 872
619 873
620 874
621 875
622 876
623 877
624 878
625 879
626 880
627 881
628 882
629 883
630 884
631 885
632 886
633 887
634 888
635 889
636 891
637 892
638 893
639 894
640 895
641 896
642 897
643 898
644 899
645 900
646 901
647 902
648 903
649 904
650 905
651 906
652 907
653 908
654 909
655 911
656 912
657 913
658 914
659 915
660 916
661 917
662 918
663 919
664 920
665 921
666 931
667 932
668 933
669 934
670 935
671 936
672 937
673 938
674 939
675 940
676 941
677 942
678 943
679 944
680 945
681 946
682 947
683 948
684 951
685 952
686 953
687 954
688 955
689 956
690 957
691 958
692 959
693 960
694 961
695 962
696 963
697 964
698 965
699 966
700 967
701 968
702 969
703 971
704 972
705 973
706 974
707 975
708 976
709 977
710 978
711 979
712 980
713 981
714 982
715 983
716 984
717 985
718 986
719 987
720 988
721 989
722 991
723 992
724 993
725 994
726 995
727 996
728 997
729 998
730 999
731 1000
732 1001
733 1002
734 1003
735 1004
736 1005
737 1006
738 1007
739 1011
740 1012
741 1013
742 1014
743 1015
744 1016
745 1017
746 1018
747 1019
748 1020
749 1021
750 1022
751 1023
752 1024
753 1025
754 1026
755 1027
756 1031
757 1032
758 1033
759 1034
760 1035
761 1036
762 1037
763 1038
764 1039
765 1040
766 1041
767 1042
768 1043
769 1044
770 1045
771 1046
772 1051
773 1052
774 1053
775 1054
776 1055
777 1056
778 1057
779 1058
780 1059
781 1060
782 1061
783 1062
784 1063
785 1064
786 1065
787 1066
788 1067
789 1071
790 1072
791 1073
792 1074
793 1075
794 1076
795 1077
796 1078
797 1079
798 1080
799 1081
800 1082
801 1083
802 1084
803 1085
804 1086
805 1087
806 1088
807 1089
808 1091
809 1092
810 1093
811 1094
812 1095
813 1096
814 1097
815 1098
816 1099
817 1100
818 1101
819 1102
820 1103
821 1104
822 1105
823 1106
824 1107
825 1108
826 1109
827 1111
828 1112
829 1113
830 1114
831 1115
832 1116
833 1117
834 1118
835 1119
836 1120
837 1121
838 1122
839 1123
840 1124
841 1125
842 1126
843 1127
844 1128
845 1131
846 1132
847 1133
848 1134
849 1135
850 1136
851 1137
852 1138
853 1139
854 1140
855 1141
856 1142
857 1143
858 1144
859 1145
860 1146
861 1147
862 1148
863 1149
864 1150
865 1151
866 1152
867 1153
868 1154
869 1155
870 1156
871 1157
872 1158
873 1159
874 1160
875 1171
876 1172
877 1173
878 1174
879 1175
880 1176
881 1177
882 1178
883 1179
884 1180
885 1181
886 1182
887 1191
888 1192
889 1193
890 1194
891 1195
892 1196
893 1197
894 1198
895 1199
896 1211
897 1212
898 1213
899 1214
900 1215
901 1216
902 1217
903 1218
904 1219
905 1220
906 1221
907 1222
908 1223
909 1224
910 1231
911 1232
912 1233
913 1234
914 1235
915 1236
916 1237
917 1238
918 1239
919 1240
920 1241
921 1242
922 1243
923 1244
924 1245
925 1246
926 1247
927 1251
928 1252
929 1253
930 1254
931 1255
932 1256
933 1257
934 1258
935 1259
936 1260
937 1261
938 1262
939 1263
940 1264
941 1265
942 1266
943 1267
944 1271
945 1272
946 1273
947 1274
948 1275
949 1276
950 1277
951 1278
952 1279
953 1280
954 1281
955 1282
956 1283
957 1284
958 1285
959 1286
960 1291
961 1292
962 1293
963 1294
964 1295
965 1296
966 1297
967 1298
968 1299
969 1300
970 1301
971 1302
972 1303
973 1304
974 1305
975 1306
976 1307
977 1311
978 1312
979 1313
980 1314
981 1315
982 1316
983 1317
984 1318
985 1319
986 1320
987 1321
988 1322
989 1323
990 1324
991 1325
992 1326
993 1331
994 1332
995 1333
996 1334
997 1335
998 1336
999 1337
1000 1338
1001 1339
1002 1340
1003 1341
1004 1342
1005 1343
1006 1344
1007 1345
1008 1346
1009 1347
1010 1348
1011 1351
1012 1352
1013 1353
1014 1354
1015 1355
1016 1356
1017 1357
1018 1358
1019 1359
1020 1360
1021 1361
1022 1362
1023 1363
1024 1364
1025 1365
1026 1371
1027 1372
1028 1373
1029 1374
1030 1375
1031 1376
1032 1377
1033 1378
1034 1379
1035 1380
1036 1381
1037 1382
1038 1383
1039 1391
1040 1392
1041 1393
1042 1394
1043 1395
1044 1396
1045 1397
1046 1398
1047 1399
1048 1400
1049 1401
1050 1402
1051 1403
1052 1404
1053 1405
1054 1406
1055 1411
1056 1412
1057 1413
1058 1414
1059 1415
1060 1416
1061 1417
1062 1418
1063 1419
1064 1420
1065 1421
1066 1422
1067 1423
1068 1424
1069 1425
1070 1426
1071 1427
1072 1428
1073 1431
1074 1432
1075 1433
1076 1434
1077 1435
1078 1436
1079 1437
1080 1438
1081 1439
1082 1440
1083 1441
1084 1442
1085 1443
1086 1444
1087 1445
1088 1446
1089 1451
1090 1452
1091 1453
1092 1454
1093 1455
1094 1456
1095 1457
1096 1458
1097 1459
1098 1460
1099 1461
1100 1462
1101 1463
1102 1464
1103 1465
1104 1466
1105 1471
1106 1472
1107 1473
1108 1474
1109 1475
1110 1476
1111 1477
1112 1478
1113 1479
1114 1480
1115 1481
1116 1482
1117 1491
1118 1492
1119 1493
1120 1494
1121 1495
1122 1496
1123 1497
1124 1498
1125 1499
1126 1500
1127 1501
1128 1502
1129 1511
1130 1512
1131 1513
1132 1514
1133 1515
1134 1516
1135 1517
1136 1518
1137 1519
1138 1531
1139 1532
1140 1533
1141 1534
1142 1535
1143 1536
1144 1537
1145 1538
1146 1539
1147 1540
1148 1541
1149 1542
1150 1543
1151 1551
1152 1552
1153 1553
1154 1554
1155 1555
1156 1556
1157 1557
1158 1558
1159 1559
1160 1560
1161 1561
1162 1571
1163 1572
1164 1573
1165 1574
1166 1575
1167 1576
1168 1577
1169 1578
1170 1579
1171 1591
1172 1592
1173 1593
1174 1594
1175 1595
1176 1596
1177 1597
1178 1598
1179 1599
1180 1600
1181 1601
1182 1611
1183 1612
1184 1613
1185 1614
1186 1615
1187 1616
1188 1617
1189 1618
1190 1619
1191 1631
1192 1632
1193 1633
1194 1634
1195 1635
1196 1636
1197 1637
1198 1638
1199 1651
1200 1652
1201 1653
1202 1654
1203 1655
1204 1656
1205 1671
1206 1672
1207 1673
1208 1674
1209 1675
1210 1676
1211 1677
1212 1678
1213 1679
1214 1680
1215 1681
1216 1682
1217 1691
1218 1692
1219 1693
1220 1694
1221 1695
1222 1696
1223 1697
1224 1698
1225 1711
1226 1712
1227 1713
1228 1714
1229 1715
1230 1716
1231 1717
1232 1718
1233 1719
1234 1720
1235 1721
1236 1722
1237 1731
1238 1732
1239 1733
1240 1734
