0 0
1 1
2 2
3 3
4 4
5 5
6 6
7 7
8 8
9 18
10 19
11 20
12 21
13 22
14 23
15 24
16 25
17 26
18 27
19 28
20 29
21 30
22 38
23 39
24 40
25 41
26 42
27 43
28 44
29 45
30 46
31 47
32 48
33 49
34 50
35 51
36 52
37 53
38 58
39 59
40 60
41 61
42 62
43 63
44 64
45 65
46 66
47 67
48 68
49 69
50 70
51 71
52 72
53 73
54 78
55 79
56 80
57 81
58 82
59 83
60 84
61 85
62 86
63 87
64 88
65 89
66 90
67 91
68 92
69 93
70 98
71 99
72 100
73 101
74 102
75 103
76 104
77 105
78 106
79 107
80 108
81 109
82 110
83 111
84 112
85 113
86 114
87 118
88 119
89 120
90 121
91 122
92 123
93 124
94 125
95 126
96 127
97 128
98 129
99 138
100 139
101 140
102 141
103 142
104 143
105 144
106 145
107 146
108 147
109 148
110 149
111 150
112 151
113 152
114 153
115 154
116 158
117 159
118 160
119 161
120 162
121 163
122 164
123 165
124 166
125 167
126 168
127 169
128 170
129 171
130 178
131 179
132 180
133 181
134 182
135 183
136 184
137 185
138 186
139 187
140 188
141 189
142 190
143 191
144 192
145 198
146 199
147 200
148 201
149 202
150 203
151 204
152 205
153 206
154 207
155 208
156 209
157 210
158 211
159 212
160 213
161 214
162 218
163 219
164 220
165 221
166 222
167 223
168 224
169 225
170 226
171 227
172 228
173 229
174 230
175 231
176 232
177 233
178 238
179 239
180 240
181 241
182 242
183 243
184 244
185 245
186 246
187 247
188 248
189 249
190 250
191 251
192 252
193 253
194 254
195 258
196 259
197 260
198 261
199 262
200 263
201 264
202 265
203 266
204 267
205 268
206 269
207 270
208 271
209 272
210 278
211 279
212 280
213 281
214 282
215 283
216 284
217 285
218 286
219 287
220 298
221 299
222 300
223 301
224 302
225 303
226 304
227 305
228 306
229 307
230 308
231 309
232 310
233 318
234 319
235 320
236 321
237 322
238 323
239 324
240 325
241 326
242 327
243 328
244 329
245 330
246 338
247 339
248 340
249 341
250 342
251 343
252 344
253 345
254 346
255 347
256 348
257 349
258 350
259 351
260 352
261 353
262 354
263 355
264 356
265 358
266 359
267 360
268 361
269 362
270 363
271 364
272 365
273 366
274 367
275 368
276 369
277 370
278 371
279 372
280 373
281 374
282 375
283 378
284 379
285 380
286 381
287 382
288 383
289 384
290 385
291 386
292 387
293 388
294 389
295 390
296 391
297 392
298 393
299 394
300 398
301 399
302 400
303 401
304 402
305 403
306 404
307 405
308 406
309 407
310 408
311 409
312 410
313 411
314 412
315 413
316 418
317 419
318 420
319 421
320 422
321 423
322 424
323 425
324 426
325 427
326 428
327 429
328 430
329 431
330 438
331 439
332 440
333 441
334 442
335 443
336 444
337 445
338 446
339 447
340 448
341 449
342 450
343 451
344 452
345 458
346 459
347 460
348 461
349 462
350 463
351 464
352 465
353 466
354 467
355 468
356 469
357 470
358 471
359 472
360 473
361 474
362 475
363 476
364 477
365 478
366 479
367 480
368 481
369 482
370 483
371 484
372 485
373 486
374 487
375 488
376 489
377 490
378 491
379 492
380 493
381 494
382 495
383 498
384 499
385 500
386 501
387 502
388 503
389 504
390 505
391 506
392 507
393 508
394 509
395 510
396 511
397 512
398 518
399 519
400 520
401 521
402 522
403 523
404 524
405 525
406 526
407 527
408 528
409 529
410 530
411 531
412 532
413 533
414 534
415 538
416 539
417 540
418 541
419 542
420 543
421 544
422 545
423 546
424 547
425 548
426 549
427 550
428 551
429 552
430 553
431 554
432 558
433 559
434 560
435 561
436 562
437 563
438 564
439 565
440 566
441 567
442 568
443 569
444 570
445 571
446 572
447 573
448 574
449 578
450 579
451 580
452 581
453 582
454 583
455 584
456 585
457 586
458 587
459 588
460 589
461 590
462 591
463 592
464 593
465 598
466 599
467 600
468 601
469 602
470 603
471 604
472 605
473 606
474 607
475 608
476 609
477 610
478 611
479 612
480 613
481 614
482 615
483 618
484 619
485 620
486 621
487 622
488 623
489 624
490 625
491 626
492 627
493 628
494 629
495 630
496 631
497 632
498 633
499 634
500 638
501 639
502 640
503 641
504 642
505 643
506 644
507 645
508 646
509 647
510 648
511 649
512 650
513 651
514 652
515 653
516 654
517 658
518 659
519 660
520 661
521 662
522 663
523 664
524 665
525 666
526 667
527 668
528 669
529 670
530 671
531 672
532 673
533 674
534 675
535 678
536 679
537 680
538 681
539 682
540 683
541 684
542 685
543 686
544 687
545 688
546 689
547 690
548 691
549 692
550 693
551 694
552 695
553 696
554 697
555 698
556 699
557 700
558 701
559 702
560 703
561 704
562 705
563 706
564 707
565 708
566 709
567 710
568 711
569 712
570 713
571 718
572 719
573 720
574 721
575 722
576 723
577 724
578 725
579 726
580 727
581 728
582 729
583 730
584 731
585 732
586 733
587 734
588 735
589 736
590 738
591 739
592 740
593 741
594 742
595 743
596 744
597 745
598 746
599 747
600 748
601 749
602 750
603 751
604 752
605 758
606 759
607 760
608 761
609 762
610 763
611 764
612 765
613 766
614 767
615 768
616 769
617 770
618 778
619 779
620 780
621 781
622 782
623 783
624 784
625 785
626 786
627 787
628 788
629 789
630 798
631 799
632 800
633 801
634 802
635 803
636 804
637 805
638 806
639 807
640 808
641 809
642 810
643 811
644 812
645 818
646 819
647 820
648 821
649 822
650 823
651 824
652 825
653 826
654 827
655 828
656 829
657 830
658 831
659 832
660 833
661 834
662 835
663 838
664 839
665 840
666 841
667 842
668 843
669 844
670 845
671 846
672 847
673 848
674 849
675 850
676 851
677 852
678 853
679 854
680 855
681 858
682 859
683 860
684 861
685 862
686 863
687 864
688 865
689 866
690 867
691 868
692 869
693 870
694 871
695 872
696 873
697 878
698 879
699 880
700 881
701 882
702 883
703 884
704 885
705 886
706 887
707 888
708 889
709 890
710 891
711 898
712 899
713 900
714 901
715 902
716 903
717 904
718 905
719 906
720 907
721 908
722 909
723 910
724 911
725 912
726 918
727 919
728 920
729 921
730 922
731 923
732 924
733 925
734 926
735 927
736 928
737 929
738 930
739 931
740 932
741 938
742 939
743 940
744 941
745 942
746 943
747 944
748 945
749 946
750 947
751 948
752 949
753 950
754 951
755 952
756 953
757 958
758 959
759 960
760 961
761 962
762 963
763 964
764 965
765 966
766 967
767 968
768 969
769 970
770 971
771 978
772 979
773 980
774 981
775 982
776 983
777 984
778 985
779 986
780 987
781 988
782 989
783 990
784 991
785 992
786 993
787 998
788 999
789 1000
790 1001
791 1002
792 1003
793 1004
794 1005
795 1006
796 1007
797 1008
798 1009
799 1010
800 1018
801 1019
802 1020
803 1021
804 1022
805 1023
806 1024
807 1025
808 1026
809 1027
810 1028
811 1029
812 1030
813 1031
814 1032
815 1033
816 1034
817 1038
818 1039
819 1040
820 1041
821 1042
822 1043
823 1044
824 1045
825 1046
826 1047
827 1048
828 1049
829 1050
830 1051
831 1052
832 1058
833 1059
834 1060
835 1061
836 1062
837 1063
838 1064
839 1065
840 1066
841 1067
842 1068
843 1069
844 1070
845 1071
846 1072
847 1078
848 1079
849 1080
850 1081
851 1082
852 1083
853 1084
854 1085
855 1086
856 1087
857 1088
858 1089
859 1090
860 1091
861 1092
862 1093
863 1094
864 1098
865 1099
866 1100
867 1101
868 1102
869 1103
870 1104
871 1105
872 1106
873 1107
874 1108
875 1109
876 1110
877 1111
878 1112
879 1113
880 1118
881 1119
882 1120
883 1121
884 1122
885 1123
886 1124
887 1125
888 1126
889 1127
890 1128
891 1129
892 1130
893 1131
894 1132
895 1138
896 1139
897 1140
898 1141
899 1142
900 1143
901 1144
902 1145
903 1146
904 1147
905 1148
906 1149
907 1150
908 1151
909 1152
910 1158
911 1159
912 1160
913 1161
914 1162
915 1163
916 1164
917 1165
918 1166
919 1167
920 1168
921 1169
922 1178
923 1179
924 1180
925 1181
926 1182
927 1183
928 1184
929 1185
930 1186
931 1187
932 1188
933 1189
934 1190
935 1198
936 1199
937 1200
938 1201
939 1202
940 1203
941 1204
942 1205
943 1206
944 1207
945 1208
946 1209
947 1218
948 1219
949 1220
950 1221
951 1222
952 1223
953 1224
954 1225
955 1226
956 1227
957 1228
958 1229
959 1230
960 1238
961 1239
962 1240
963 1241
964 1242
965 1243
966 1244
967 1245
968 1246
969 1247
970 1248
971 1249
972 1250
973 1251
974 1252
975 1253
976 1254
977 1258
978 1259
979 1260
980 1261
981 1262
982 1263
983 1264
984 1265
985 1266
986 1267
987 1268
988 1269
989 1270
990 1271
991 1272
992 1273
993 1274
994 1278
995 1279
996 1280
997 1281
998 1282
999 1283
1000 1284
1001 1285
1002 1286
1003 1298
1004 1299
1005 1300
1006 1301
1007 1302
1008 1303
1009 1304
1010 1305
1011 1306
1012 1307
1013 1318
1014 1319
1015 1320
1016 1321
1017 1322
1018 1323
1019 1324
1020 1325
1021 1326
1022 1327
1023 1328
1024 1329
1025 1330
1026 1331
1027 1332
1028 1338
1029 1339
1030 1340
1031 1341
1032 1342
1033 1343
1034 1344
1035 1345
1036 1346
1037 1347
1038 1348
1039 1349
1040 1350
1041 1351
1042 1352
1043 1353
1044 1358
1045 1359
1046 1360
1047 1361
1048 1362
1049 1363
1050 1364
1051 1365
1052 1366
1053 1367
1054 1368
1055 1369
1056 1370
1057 1371
1058 1372
1059 1373
1060 1374
1061 1378
1062 1379
1063 1380
1064 1381
1065 1382
1066 1383
1067 1384
1068 1385
1069 1386
1070 1387
1071 1388
1072 1389
1073 1390
1074 1398
1075 1399
1076 1400
1077 1401
1078 1402
1079 1403
1080 1404
1081 1405
1082 1406
1083 1407
1084 1408
1085 1409
1086 1410
1087 1411
1088 1412
1089 1413
1090 1414
1091 1415
1092 1416
1093 1418
1094 1419
1095 1420
1096 1421
1097 1422
1098 1423
1099 1424
1100 1425
1101 1426
1102 1427
1103 1428
1104 1429
1105 1430
1106 1431
1107 1432
1108 1433
1109 1438
1110 1439
1111 1440
1112 1441
1113 1442
1114 1443
1115 1444
1116 1445
1117 1446
1118 1447
1119 1448
1120 1449
1121 1450
1122 1451
1123 1452
1124 1453
1125 1454
1126 1455
1127 1458
1128 1459
1129 1460
1130 1461
1131 1462
1132 1463
1133 1464
1134 1465
1135 1466
1136 1467
1137 1468
1138 1469
1139 1470
1140 1471
1141 1472
1142 1473
1143 1474
1144 1478
1145 1479
1146 1480
1147 1481
1148 1482
1149 1483
1150 1484
1151 1485
1152 1486
1153 1487
1154 1488
1155 1489
1156 1490
1157 1491
1158 1492
1159 1493
1160 1498
1161 1499
1162 1500
1163 1501
1164 1502
1165 1503
1166 1504
1167 1505
1168 1506
1169 1507
1170 1508
1171 1509
1172 1510
1173 1511
1174 1512
1175 1513
1176 1518
1177 1519
1178 1520
1179 1521
1180 1522
1181 1523
1182 1524
1183 1525
1184 1526
1185 1527
1186 1528
1187 1529
1188 1530
1189 1531
1190 1532
1191 1538
1192 1539
1193 1540
1194 1541
1195 1542
1196 1543
1197 1544
1198 1545
1199 1546
1200 1547
1201 1548
1202 1549
1203 1550
1204 1558
1205 1559
1206 1560
1207 1561
1208 1562
1209 1563
1210 1564
1211 1565
1212 1566
1213 1567
1214 1568
1215 1569
1216 1570
1217 1571
1218 1572
1219 1578
1220 1579
1221 1580
1222 1581
1223 1582
1224 1583
1225 1584
1226 1585
1227 1586
1228 1587
1229 1588
1230 1589
1231 1590
1232 1591
1233 1592
1234 1598
1235 1599
1236 1600
1237 1601
1238 1602
1239 1603
1240 1604
1241 1605
1242 1606
1243 1607
1244 1608
1245 1609
1246 1610
1247 1611
1248 1612
1249 1613
1250 1614
1251 1615
1252 1616
1253 1618
1254 1619
1255 1620
1256 1621
1257 1622
1258 1623
1259 1624
1260 1625
1261 1626
1262 1627
1263 1628
1264 1629
1265 1630
1266 1638
1267 1639
1268 1640
1269 1641
1270 1642
1271 1643
1272 1644
1273 1645
1274 1646
1275 1647
1276 1648
1277 1649
1278 1658
1279 1659
1280 1660
1281 1661
1282 1662
1283 1663
1284 1664
1285 1665
1286 1666
1287 1667
1288 1668
1289 1669
1290 1670
1291 1671
1292 1672
1293 1673
1294 1678
1295 1679
1296 1680
1297 1681
1298 1682
1299 1683
1300 1684
1301 1685
1302 1686
1303 1687
1304 1688
1305 1689
1306 1690
1307 1691
1308 1692
1309 1693
1310 1694
1311 1695
1312 1696
1313 1697
1314 1698
1315 1699
1316 1700
1317 1701
1318 1702
1319 1703
1320 1704
1321 1705
1322 1706
1323 1707
1324 1708
1325 1709
1326 1710
1327 1711
1328 1712
1329 1713
1330 1714
1331 1715
1332 1718
1333 1719
1334 1720
1335 1721
1336 1722
1337 1723
1338 1724
1339 1725
1340 1726
1341 1727
1342 1728
1343 1729
1344 1730
1345 1731
1346 1732
1347 1733
1348 1734
1349 1735
1350 1736
1351 1737
1352 1738
1353 1739
1354 1740
1355 1741
1356 1742
1357 1743
1358 1744
1359 1745
1360 1746
1361 1747
1362 1748
1363 1749
1364 1750
1365 1751
1366 1752
1367 1758
1368 1759
1369 1760
1370 1761
1371 1762
1372 1763
1373 1764
1374 1765
1375 1766
1376 1767
1377 1768
1378 1769
1379 1770
1380 1771
1381 1772
1382 1773
1383 1774
1384 1778
1385 1779
1386 1780
1387 1781
1388 1782
1389 1783
1390 1784
1391 1785
1392 1786
1393 1787
1394 1788
1395 1789
1396 1790
1397 1791
1398 1792
1399 1798
1400 1799
1401 1800
1402 1801
1403 1802
1404 1803
1405 1804
1406 1805
1407 1806
1408 1807
1409 1808
1410 1809
1411 1810
1412 1811
1413 1812
1414 1818
1415 1819
1416 1820
1417 1821
1418 1822
1419 1823
1420 1824
1421 1825
1422 1826
1423 1827
1424 1828
1425 1829
1426 1830
1427 1831
1428 1838
1429 1839
1430 1840
1431 1841
1432 1842
1433 1843
1434 1844
1435 1845
1436 1846
1437 1847
1438 1848
1439 1849
1440 1850
1441 1851
1442 1852
1443 1858
1444 1859
1445 1860
1446 1861
1447 1862
1448 1863
1449 1864
1450 1865
1451 1866
1452 1867
1453 1868
1454 1869
1455 1870
1456 1871
1457 1872
1458 1878
1459 1879
1460 1880
1461 1881
1462 1882
1463 1883
1464 1884
1465 1885
1466 1886
1467 1887
1468 1888
1469 1889
1470 1898
1471 1899
1472 1900
1473 1901
1474 1902
1475 1903
1476 1904
1477 1905
1478 1906
1479 1918
1480 1919
1481 1920
1482 1921
1483 1922
1484 1923
1485 1924
1486 1925
1487 1926
1488 1927
1489 1928
1490 1929
1491 1930
1492 1938
1493 1939
1494 1940
1495 1941
1496 1942
1497 1943
1498 1944
1499 1945
1500 1946
1501 1947
1502 1948
1503 1949
1504 1950
1505 1951
1506 1952
1507 1958
1508 1959
1509 1960
1510 1961
1511 1962
1512 1963
1513 1964
1514 1965
1515 1966
1516 1967
1517 1968
1518 1978
1519 1979
1520 1980
1521 1981
1522 1982
1523 1983
1524 1984
1525 1985
1526 1986
1527 1987
1528 1988
1529 1989
1530 1990
1531 1991
1532 1992
1533 1993
1534 1994
1535 1998
1536 1999
1537 2000
1538 2001
1539 2002
1540 2003
1541 2004
1542 2005
1543 2006
1544 2007
1545 2008
1546 2009
1547 2010
1548 2018
1549 2019
1550 2020
1551 2021
1552 2022
1553 2023
1554 2024
1555 2025
1556 2026
1557 2027
1558 2028
1559 2029
1560 2030
1561 2031
1562 2032
1563 2038
1564 2039
1565 2040
1566 2041
1567 2042
1568 2043
1569 2044
1570 2045
1571 2046
1572 2047
1573 2058
1574 2059
1575 2060
1576 2061
1577 2062
1578 2063
1579 2064
1580 2065
1581 2066
1582 2067
1583 2068
1584 2069
1585 2070
1586 2071
1587 2072
1588 2073
1589 2078
1590 2079
1591 2080
1592 2081
1593 2082
1594 2083
1595 2084
1596 2085
1597 2086
1598 2087
1599 2088
1600 2089
1601 2090
1602 2091
1603 2098
1604 2099
1605 2100
1606 2101
1607 2102
1608 2103
1609 2104
1610 2105
1611 2106
1612 2107
1613 2108
1614 2109
1615 2110
1616 2111
1617 2118
1618 2119
1619 2120
1620 2121
1621 2122
1622 2123
1623 2124
1624 2125
1625 2126
1626 2127
1627 2128
1628 2129
1629 2138
1630 2139
1631 2140
1632 2141
1633 2142
1634 2143
1635 2144
1636 2145
1637 2146
1638 2147
1639 2148
1640 2149
1641 2150
1642 2151
1643 2158
1644 2159
1645 2160
1646 2161
1647 2162
1648 2163
1649 2164
1650 2165
1651 2166
1652 2167
1653 2168
1654 2178
1655 2179
1656 2180
1657 2181
1658 2182
1659 2183
1660 2184
1661 2185
1662 2186
1663 2187
1664 2188
1665 2189
1666 2190
1667 2191
1668 2192
1669 2193
1670 2194
1671 2198
1672 2199
1673 2200
1674 2201
1675 2202
1676 2203
1677 2204
1678 2205
1679 2206
1680 2207
1681 2208
1682 2209
1683 2218
1684 2219
1685 2220
1686 2221
1687 2222
1688 2223
1689 2224
1690 2225
1691 2226
1692 2227
1693 2228
1694 2229
1695 2230
1696 2231
1697 2238
1698 2239
1699 2240
1700 2241
1701 2242
1702 2243
1703 2244
1704 2245
1705 2246
1706 2247
1707 2248
1708 2249
1709 2250
1710 2251
1711 2252
1712 2258
1713 2259
1714 2260
1715 2261
1716 2262
1717 2263
1718 2264
1719 2265
1720 2266
1721 2267
1722 2268
1723 2269
1724 2270
1725 2271
1726 2278
1727 2279
1728 2280
1729 2281
1730 2282
1731 2283
1732 2284
1733 2285
1734 2286
1735 2287
1736 2288
1737 2289
1738 2290
1739 2291
1740 2292
1741 2298
1742 2299
1743 2300
1744 2301
1745 2302
1746 2303
1747 2304
1748 2305
1749 2306
1750 2307
1751 2308
1752 2309
1753 2310
1754 2311
1755 2312
1756 2313
1757 2318
1758 2319
1759 2320
1760 2321
1761 2322
1762 2323
1763 2324
1764 2325
1765 2326
1766 2327
1767 2328
1768 2329
1769 2330
1770 2338
1771 2339
1772 2340
1773 2341
1774 2342
1775 2343
1776 2344
1777 2345
1778 2346
1779 2347
1780 2348
1781 2349
1782 2350
1783 2351
1784 2352
1785 2353
1786 2354
1787 2358
1788 2359
1789 2360
1790 2361
1791 2362
1792 2363
1793 2364
1794 2365
1795 2366
1796 2367
1797 2368
1798 2369
1799 2370
1800 2371
1801 2372
1802 2373
1803 2374
1804 2375
1805 2378
1806 2379
1807 2380
1808 2381
1809 2382
1810 2383
1811 2384
1812 2385
1813 2386
1814 2387
1815 2388
1816 2389
1817 2390
1818 2391
1819 2392
1820 2393
1821 2394
1822 2398
1823 2399
1824 2400
1825 2401
1826 2402
1827 2403
1828 2404
1829 2405
1830 2406
1831 2407
1832 2408
1833 2409
1834 2410
1835 2411
1836 2412
1837 2413
1838 2418
1839 2419
1840 2420
1841 2421
1842 2422
1843 2423
1844 2424
1845 2425
1846 2426
1847 2427
1848 2428
1849 2429
1850 2430
1851 2431
1852 2432
1853 2433
1854 2434
1855 2438
1856 2439
1857 2440
1858 2441
1859 2442
1860 2443
1861 2444
1862 2445
1863 2446
1864 2447
1865 2448
1866 2449
1867 2450
1868 2451
1869 2452
1870 2453
1871 2458
1872 2459
1873 2460
1874 2461
1875 2462
1876 2463
1877 2464
1878 2465
1879 2466
1880 2467
1881 2468
1882 2469
1883 2470
1884 2478
1885 2479
1886 2480
1887 2481
1888 2482
1889 2483
1890 2484
1891 2485
1892 2486
1893 2487
1894 2488
1895 2489
1896 2490
1897 2491
1898 2498
1899 2499
1900 2500
1901 2501
1902 2502
1903 2503
1904 2504
1905 2505
1906 2506
1907 2507
1908 2508
1909 2509
1910 2510
1911 2511
1912 2518
1913 2519
1914 2520
1915 2521
1916 2522
1917 2523
1918 2524
1919 2525
1920 2526
1921 2527
1922 2528
1923 2529
1924 2530
1925 2531
1926 2532
1927 2533
1928 2538
1929 2539
1930 2540
1931 2541
1932 2542
1933 2543
1934 2544
1935 2545
1936 2546
1937 2547
1938 2548
1939 2549
1940 2550
1941 2551
1942 2552
1943 2553
1944 2558
1945 2559
1946 2560
1947 2561
1948 2562
1949 2563
1950 2564
1951 2565
1952 2566
1953 2567
1954 2568
1955 2569
1956 2578
1957 2579
1958 2580
1959 2581
1960 2582
1961 2583
1962 2584
1963 2585
1964 2586
1965 2587
1966 2588
1967 2598
1968 2599
1969 2600
1970 2601
1971 2602
1972 2603
1973 2604
1974 2605
1975 2606
1976 2607
1977 2608
1978 2618
1979 2619
1980 2620
1981 2621
1982 2622
1983 2623
1984 2624
1985 2625
1986 2626
1987 2627
1988 2628
1989 2629
1990 2630
1991 2631
1992 2632
1993 2633
1994 2638
1995 2639
1996 2640
1997 2641
1998 2642
1999 2643
2000 2644
2001 2645
2002 2646
2003 2647
2004 2648
2005 2649
2006 2650
2007 2651
2008 2652
2009 2658
2010 2659
2011 2660
2012 2661
2013 2662
2014 2663
2015 2664
2016 2665
2017 2666
2018 2667
2019 2668
2020 2669
2021 2670
2022 2671
2023 2672
2024 2673
2025 2678
2026 2679
2027 2680
2028 2681
2029 2682
2030 2683
2031 2684
2032 2685
2033 2686
2034 2687
2035 2688
2036 2689
2037 2690
2038 2698
2039 2699
2040 2700
2041 2701
2042 2702
2043 2703
2044 2704
2045 2705
2046 2706
2047 2707
2048 2708
2049 2709
2050 2710
2051 2711
2052 2718
2053 2719
2054 2720
2055 2721
2056 2722
2057 2723
2058 2724
2059 2725
2060 2726
2061 2727
2062 2728
2063 2729
2064 2730
2065 2731
2066 2738
2067 2739
2068 2740
2069 2741
2070 2742
2071 2743
2072 2744
2073 2745
2074 2746
2075 2747
2076 2748
2077 2749
2078 2750
2079 2751
2080 2752
2081 2753
2082 2754
2083 2755
2084 2758
2085 2759
2086 2760
2087 2761
2088 2762
2089 2763
2090 2764
2091 2765
2092 2766
2093 2767
2094 2768
2095 2769
2096 2770
2097 2778
2098 2779
2099 2780
2100 2781
2101 2782
2102 2783
2103 2784
2104 2785
2105 2786
2106 2787
2107 2788
2108 2789
2109 2790
2110 2798
2111 2799
2112 2800
2113 2801
2114 2802
2115 2803
2116 2804
2117 2805
2118 2806
2119 2807
2120 2808
2121 2809
2122 2818
2123 2819
2124 2820
2125 2821
2126 2822
2127 2823
2128 2824
2129 2825
2130 2826
2131 2827
2132 2828
2133 2829
2134 2830
2135 2838
2136 2839
2137 2840
2138 2841
2139 2842
2140 2843
2141 2844
2142 2845
2143 2846
2144 2847
2145 2848
2146 2849
2147 2858
2148 2859
2149 2860
2150 2861
2151 2862
2152 2863
2153 2864
2154 2865
2155 2866
2156 2867
2157 2868
2158 2869
2159 2870
2160 2871
2161 2872
2162 2878
2163 2879
2164 2880
2165 2881
2166 2882
2167 2883
2168 2884
2169 2885
2170 2886
2171 2887
2172 2888
2173 2889
2174 2890
2175 2891
2176 2892
2177 2893
2178 2894
2179 2898
2180 2899
2181 2900
2182 2901
2183 2902
2184 2903
2185 2904
2186 2905
2187 2906
2188 2907
2189 2908
2190 2909
2191 2910
2192 2911
2193 2912
2194 2913
2195 2918
2196 2919
2197 2920
2198 2921
2199 2922
2200 2923
2201 2924
2202 2925
2203 2926
2204 2927
2205 2928
2206 2929
2207 2930
2208 2931
2209 2938
2210 2939
2211 2940
2212 2941
2213 2942
2214 2943
2215 2944
2216 2945
2217 2946
2218 2947
2219 2948
2220 2949
2221 2950
2222 2951
2223 2952
2224 2953
2225 2954
2226 2958
2227 2959
2228 2960
2229 2961
2230 2962
2231 2963
2232 2964
2233 2965
2234 2966
2235 2967
2236 2968
2237 2969
2238 2970
2239 2971
2240 2972
2241 2973
2242 2974
2243 2975
2244 2978
2245 2979
2246 2980
2247 2981
2248 2982
2249 2983
2250 2984
2251 2985
2252 2986
2253 2987
2254 2988
2255 2989
2256 2990
2257 2991
2258 2992
2259 2993
2260 2998
2261 2999
2262 3000
2263 3001
2264 3002
2265 3003
2266 3004
2267 3005
2268 3006
2269 3007
2270 3008
2271 3009
2272 3010
2273 3011
2274 3012
2275 3013
2276 3014
2277 3018
2278 3019
2279 3020
2280 3021
2281 3022
2282 3023
2283 3024
2284 3025
2285 3026
2286 3027
2287 3028
2288 3029
2289 3030
2290 3038
2291 3039
2292 3040
2293 3041
2294 3042
2295 3043
2296 3044
2297 3045
2298 3046
2299 3047
2300 3048
2301 3049
2302 3058
2303 3059
2304 3060
2305 3061
2306 3062
2307 3063
2308 3064
2309 3065
2310 3066
2311 3067
2312 3068
2313 3078
2314 3079
2315 3080
2316 3081
2317 3082
2318 3083
2319 3084
2320 3085
2321 3086
2322 3087
2323 3088
2324 3089
2325 3090
2326 3091
2327 3092
2328 3093
2329 3094
2330 3098
2331 3099
2332 3100
2333 3101
2334 3102
2335 3103
2336 3104
2337 3105
2338 3106
2339 3107
2340 3108
2341 3109
2342 3110
2343 3111
2344 3112
2345 3113
2346 3114
2347 3115
2348 3118
2349 3119
2350 3120
2351 3121
2352 3122
2353 3123
2354 3124
2355 3125
2356 3126
2357 3127
2358 3128
2359 3129
2360 3130
2361 3131
2362 3132
2363 3133
2364 3138
2365 3139
2366 3140
2367 3141
2368 3142
2369 3143
2370 3144
2371 3145
2372 3146
2373 3147
2374 3148
2375 3149
2376 3158
2377 3159
2378 3160
2379 3161
2380 3162
2381 3163
2382 3164
2383 3165
2384 3166
2385 3167
2386 3168
2387 3169
2388 3170
2389 3171
2390 3172
2391 3178
2392 3179
2393 3180
2394 3181
2395 3182
2396 3183
2397 3184
2398 3185
2399 3186
2400 3187
2401 3188
2402 3189
2403 3190
2404 3191
2405 3192
2406 3193
2407 3194
2408 3195
2409 3196
2410 3197
2411 3198
2412 3199
2413 3200
2414 3201
2415 3202
2416 3203
2417 3204
2418 3205
2419 3206
2420 3207
2421 3208
2422 3209
2423 3210
2424 3211
2425 3212
2426 3213
2427 3214
2428 3218
2429 3219
2430 3220
2431 3221
2432 3222
2433 3223
2434 3224
2435 3225
2436 3226
2437 3227
2438 3228
2439 3229
2440 3230
2441 3231
2442 3232
2443 3233
2444 3234
2445 3238
2446 3239
2447 3240
2448 3241
2449 3242
2450 3243
2451 3244
2452 3245
2453 3246
2454 3247
2455 3248
2456 3249
2457 3250
2458 3251
2459 3252
2460 3253
2461 3258
2462 3259
2463 3260
2464 3261
2465 3262
2466 3263
2467 3264
2468 3265
2469 3266
2470 3267
2471 3268
2472 3269
2473 3278
2474 3279
2475 3280
2476 3281
2477 3282
2478 3283
2479 3284
2480 3285
2481 3286
2482 3287
2483 3288
2484 3289
2485 3290
2486 3291
2487 3292
2488 3293
2489 3298
2490 3299
2491 3300
2492 3301
2493 3302
2494 3303
2495 3304
2496 3305
2497 3306
2498 3307
2499 3308
2500 3309
2501 3310
2502 3311
2503 3312
2504 3313
2505 3314
2506 3315
2507 3318
2508 3319
2509 3320
2510 3321
2511 3322
2512 3323
2513 3324
2514 3325
2515 3326
2516 3327
2517 3328
2518 3329
2519 3330
2520 3331
2521 3332
2522 3333
2523 3338
2524 3339
2525 3340
2526 3341
2527 3342
2528 3343
2529 3344
2530 3345
2531 3346
2532 3347
2533 3348
2534 3349
2535 3350
2536 3351
2537 3358
2538 3359
2539 3360
2540 3361
2541 3362
2542 3363
2543 3364
2544 3365
2545 3366
2546 3367
2547 3368
2548 3369
2549 3370
2550 3371
2551 3372
2552 3373
2553 3378
2554 3379
2555 3380
2556 3381
2557 3382
2558 3383
2559 3384
2560 3385
2561 3386
2562 3387
2563 3388
2564 3389
2565 3390
2566 3398
2567 3399
2568 3400
2569 3401
2570 3402
2571 3403
2572 3404
2573 3405
2574 3406
2575 3407
2576 3408
2577 3409
2578 3410
2579 3411
2580 3412
2581 3413
2582 3418
2583 3419
2584 3420
2585 3421
2586 3422
2587 3423
2588 3424
2589 3425
2590 3426
2591 3427
2592 3428
2593 3429
2594 3438
2595 3439
2596 3440
2597 3441
2598 3442
2599 3443
2600 3444
2601 3445
2602 3446
2603 3447
2604 3448
2605 3449
2606 3450
2607 3451
2608 3458
2609 3459
2610 3460
2611 3461
2612 3462
2613 3463
2614 3464
2615 3465
2616 3466
2617 3467
2618 3468
2619 3469
2620 3470
2621 3471
2622 3478
2623 3479
2624 3480
2625 3481
2626 3482
2627 3483
2628 3484
2629 3485
2630 3486
2631 3487
2632 3488
2633 3489
2634 3490
2635 3498
2636 3499
2637 3500
2638 3501
2639 3502
2640 3503
2641 3504
2642 3505
2643 3506
2644 3507
2645 3508
2646 3509
2647 3510
2648 3511
2649 3512
2650 3518
2651 3519
2652 3520
2653 3521
2654 3522
2655 3523
2656 3524
2657 3525
2658 3526
2659 3527
2660 3528
2661 3529
2662 3530
2663 3531
2664 3538
2665 3539
2666 3540
2667 3541
2668 3542
2669 3543
2670 3544
2671 3545
2672 3546
2673 3547
2674 3548
2675 3549
2676 3558
2677 3559
2678 3560
2679 3561
2680 3562
2681 3563
2682 3564
2683 3565
2684 3566
2685 3567
2686 3568
2687 3569
2688 3570
2689 3571
2690 3572
2691 3573
2692 3578
2693 3579
2694 3580
2695 3581
2696 3582
2697 3583
2698 3584
2699 3585
2700 3586
2701 3587
2702 3588
2703 3598
2704 3599
2705 3600
2706 3601
2707 3602
2708 3603
2709 3604
2710 3605
2711 3606
2712 3607
2713 3608
2714 3609
2715 3610
2716 3611
2717 3612
2718 3613
2719 3618
2720 3619
2721 3620
2722 3621
2723 3622
2724 3623
2725 3624
2726 3625
2727 3626
2728 3627
2729 3628
2730 3629
2731 3630
2732 3631
2733 3632
2734 3638
2735 3639
2736 3640
2737 3641
2738 3642
2739 3643
2740 3644
2741 3645
2742 3646
2743 3647
2744 3648
2745 3649
2746 3650
2747 3651
2748 3652
2749 3653
2750 3654
2751 3658
2752 3659
2753 3660
2754 3661
2755 3662
2756 3663
2757 3664
2758 3665
2759 3666
2760 3667
2761 3668
2762 3669
2763 3670
2764 3678
2765 3679
2766 3680
2767 3681
2768 3682
2769 3683
2770 3684
2771 3685
2772 3686
2773 3687
2774 3688
2775 3689
2776 3690
2777 3691
2778 3692
2779 3693
2780 3694
2781 3698
2782 3699
2783 3700
2784 3701
2785 3702
2786 3703
2787 3704
2788 3705
2789 3706
2790 3707
2791 3718
2792 3719
2793 3720
2794 3721
2795 3722
2796 3723
2797 3724
2798 3725
2799 3726
2800 3727
2801 3728
2802 3729
2803 3730
2804 3731
2805 3732
2806 3733
2807 3734
2808 3738
2809 3739
2810 3740
2811 3741
2812 3742
2813 3743
2814 3744
2815 3745
2816 3746
2817 3747
2818 3748
2819 3749
2820 3750
2821 3751
2822 3758
2823 3759
2824 3760
2825 3761
2826 3762
2827 3763
2828 3764
2829 3765
2830 3766
2831 3767
2832 3768
2833 3769
2834 3770
2835 3771
2836 3772
2837 3773
2838 3778
2839 3779
2840 3780
2841 3781
2842 3782
2843 3783
2844 3784
2845 3785
2846 3786
2847 3787
2848 3788
2849 3789
2850 3790
2851 3791
2852 3798
2853 3799
2854 3800
2855 3801
2856 3802
2857 3803
2858 3804
2859 3805
2860 3806
2861 3807
2862 3808
2863 3809
2864 3810
2865 3811
2866 3812
2867 3813
2868 3814
2869 3815
2870 3818
2871 3819
2872 3820
2873 3821
2874 3822
2875 3823
2876 3824
2877 3825
2878 3826
2879 3827
2880 3828
2881 3829
2882 3830
2883 3831
2884 3832
2885 3833
2886 3838
2887 3839
2888 3840
2889 3841
2890 3842
2891 3843
2892 3844
2893 3845
2894 3846
2895 3847
2896 3848
2897 3849
2898 3850
2899 3851
2900 3858
2901 3859
2902 3860
2903 3861
2904 3862
2905 3863
2906 3864
2907 3865
2908 3866
2909 3867
2910 3868
2911 3869
2912 3870
2913 3871
2914 3872
2915 3873
2916 3874
2917 3878
2918 3879
2919 3880
2920 3881
2921 3882
2922 3883
2923 3884
2924 3885
2925 3886
2926 3887
2927 3888
2928 3889
2929 3890
2930 3891
2931 3892
2932 3893
2933 3898
2934 3899
2935 3900
2936 3901
2937 3902
2938 3903
2939 3904
2940 3905
2941 3906
2942 3907
2943 3908
2944 3909
2945 3910
2946 3918
2947 3919
2948 3920
2949 3921
2950 3922
2951 3923
2952 3924
2953 3925
2954 3926
2955 3927
2956 3928
2957 3938
2958 3939
2959 3940
2960 3941
2961 3942
2962 3943
2963 3944
2964 3945
2965 3946
2966 3947
2967 3948
2968 3949
2969 3950
2970 3951
2971 3958
2972 3959
2973 3960
2974 3961
2975 3962
2976 3963
2977 3964
2978 3965
2979 3966
2980 3967
2981 3968
2982 3978
2983 3979
2984 3980
2985 3981
2986 3982
2987 3983
2988 3984
2989 3985
2990 3986
2991 3987
2992 3988
2993 3989
2994 3990
2995 3991
2996 3992
2997 3998
2998 3999
2999 4000
3000 4001
3001 4002
3002 4003
3003 4004
3004 4005
3005 4006
3006 4007
3007 4008
3008 4009
3009 4010
3010 4011
3011 4018
3012 4019
3013 4020
3014 4021
3015 4022
3016 4023
3017 4024
3018 4025
3019 4026
3020 4027
3021 4028
3022 4029
3023 4030
3024 4031
3025 4032
3026 4038
3027 4039
3028 4040
3029 4041
3030 4042
3031 4043
3032 4044
3033 4045
3034 4046
3035 4047
3036 4048
3037 4049
3038 4050
3039 4051
3040 4052
3041 4058
3042 4059
3043 4060
3044 4061
3045 4062
3046 4063
3047 4064
3048 4065
3049 4066
3050 4067
3051 4068
3052 4069
3053 4070
3054 4078
3055 4079
3056 4080
3057 4081
3058 4082
3059 4083
3060 4084
3061 4085
3062 4086
3063 4087
3064 4088
3065 4089
3066 4090
3067 4091
3068 4092
3069 4098
3070 4099
3071 4100
3072 4101
3073 4102
3074 4103
3075 4104
3076 4105
3077 4106
3078 4107
3079 4108
3080 4109
3081 4110
3082 4111
3083 4112
3084 4113
3085 4114
3086 4115
3087 4118
3088 4119
3089 4120
3090 4121
3091 4122
3092 4123
3093 4124
3094 4125
3095 4126
3096 4127
3097 4128
3098 4129
3099 4130
3100 4131
3101 4132
3102 4138
3103 4139
3104 4140
3105 4141
3106 4142
3107 4143
3108 4144
3109 4145
3110 4146
3111 4147
3112 4148
3113 4149
3114 4150
3115 4158
3116 4159
3117 4160
3118 4161
3119 4162
3120 4163
3121 4164
3122 4165
3123 4166
3124 4167
3125 4168
3126 4169
3127 4178
3128 4179
3129 4180
3130 4181
3131 4182
3132 4183
3133 4184
3134 4185
3135 4186
3136 4187
3137 4188
3138 4189
3139 4190
3140 4191
3141 4198
3142 4199
3143 4200
3144 4201
3145 4202
3146 4203
3147 4204
3148 4205
3149 4206
3150 4207
3151 4208
3152 4209
3153 4210
3154 4211
3155 4218
3156 4219
3157 4220
3158 4221
3159 4222
3160 4223
3161 4224
3162 4225
3163 4226
3164 4227
3165 4228
3166 4229
3167 4230
3168 4238
3169 4239
3170 4240
3171 4241
3172 4242
3173 4243
3174 4244
3175 4245
3176 4246
3177 4247
3178 4248
3179 4249
3180 4250
3181 4258
3182 4259
3183 4260
3184 4261
3185 4262
3186 4263
3187 4264
3188 4265
3189 4266
3190 4267
3191 4268
3192 4269
3193 4270
3194 4271
3195 4272
3196 4273
3197 4274
3198 4278
3199 4279
3200 4280
3201 4281
3202 4282
3203 4283
3204 4284
3205 4285
3206 4286
3207 4287
3208 4288
3209 4289
3210 4298
3211 4299
3212 4300
3213 4301
3214 4302
3215 4303
3216 4304
3217 4305
3218 4306
3219 4307
3220 4308
3221 4318
3222 4319
3223 4320
3224 4321
3225 4322
3226 4323
3227 4324
3228 4325
3229 4326
3230 4327
3231 4328
3232 4329
3233 4330
3234 4331
3235 4332
3236 4333
3237 4338
3238 4339
3239 4340
3240 4341
3241 4342
3242 4343
3243 4344
3244 4345
3245 4346
3246 4347
3247 4348
3248 4349
3249 4350
3250 4351
3251 4352
3252 4353
3253 4354
3254 4358
3255 4359
3256 4360
3257 4361
3258 4362
3259 4363
3260 4364
3261 4365
3262 4366
3263 4367
3264 4368
3265 4369
3266 4370
3267 4371
3268 4378
3269 4379
3270 4380
3271 4381
3272 4382
3273 4383
3274 4384
3275 4385
3276 4386
3277 4387
3278 4388
3279 4389
3280 4390
3281 4391
3282 4392
3283 4393
3284 4398
3285 4399
3286 4400
3287 4401
3288 4402
3289 4403
3290 4404
3291 4405
3292 4406
3293 4407
3294 4408
3295 4409
3296 4410
3297 4411
3298 4418
3299 4419
3300 4420
3301 4421
3302 4422
