0 0
1 1
2 2
3 3
4 13
5 14
6 15
7 16
8 17
9 18
10 19
11 20
12 21
13 22
14 23
15 24
16 25
17 33
18 34
19 35
20 36
21 37
22 38
23 39
24 40
25 41
26 42
27 43
28 44
29 53
30 54
31 55
32 56
33 57
34 58
35 59
36 60
37 61
38 62
39 73
40 74
41 75
42 76
43 77
44 78
45 79
46 80
47 81
48 82
49 93
50 94
51 95
52 96
53 97
54 98
55 99
56 100
57 101
58 102
59 103
60 104
61 105
62 113
63 114
64 115
65 116
66 117
67 118
68 119
69 120
70 121
71 122
72 123
73 124
74 125
75 133
76 134
77 135
78 136
79 137
80 138
81 139
82 140
83 141
84 142
85 143
86 144
87 145
88 146
89 147
90 153
91 154
92 155
93 156
94 157
95 158
96 159
97 160
98 161
99 162
100 163
101 164
102 165
103 166
104 167
105 168
106 173
107 174
108 175
109 176
110 177
111 178
112 179
113 180
114 181
115 182
116 183
117 193
118 194
119 195
120 196
121 197
122 198
123 199
124 200
125 201
126 202
127 203
128 204
129 205
130 206
131 213
132 214
133 215
134 216
135 217
136 218
137 219
138 220
139 221
140 222
141 223
142 224
143 225
144 226
145 227
146 228
147 229
148 233
149 234
150 235
151 236
152 237
153 238
154 239
155 253
156 254
157 255
158 256
159 257
160 258
161 259
162 260
163 261
164 262
165 263
166 264
167 265
168 273
169 274
170 275
171 276
172 277
173 278
174 279
175 280
176 281
177 282
178 283
179 284
180 285
181 293
182 294
183 295
184 296
185 297
186 298
187 299
188 300
189 301
190 302
191 313
192 314
193 315
194 316
195 317
196 318
197 319
198 320
199 321
200 322
201 323
202 333
203 334
204 335
205 336
206 337
207 338
208 339
209 340
210 341
211 342
212 343
213 344
214 345
215 353
216 354
217 355
218 356
219 357
220 358
221 359
222 360
223 361
224 362
225 363
226 364
227 365
228 373
229 374
230 375
231 376
232 377
233 378
234 379
235 380
236 381
237 382
238 383
239 393
240 394
241 395
242 396
243 397
244 398
245 399
246 400
247 401
248 402
249 403
250 404
251 413
252 414
253 415
254 416
255 417
256 418
257 419
258 420
259 421
260 422
261 423
262 433
263 434
264 435
265 436
266 437
267 438
268 439
269 440
270 441
271 442
272 443
273 444
274 445
275 453
276 454
277 455
278 456
279 457
280 458
281 459
282 460
283 461
284 462
285 463
286 464
287 465
288 466
289 473
290 474
291 475
292 476
293 477
294 478
295 479
296 480
297 481
298 493
299 494
300 495
301 496
302 497
303 498
304 499
305 500
306 501
307 502
308 503
309 504
310 505
311 506
312 507
313 513
314 514
315 515
316 516
317 517
318 518
319 519
320 520
321 533
322 534
323 535
324 536
325 537
326 538
327 539
328 540
329 541
330 542
331 543
332 544
333 545
334 546
335 553
336 554
337 555
338 556
339 557
340 558
341 559
342 560
343 561
344 562
345 563
346 564
347 565
348 566
349 573
350 574
351 575
352 576
353 577
354 578
355 579
356 580
357 581
358 593
359 594
360 595
361 596
362 597
363 598
364 599
365 600
366 601
367 602
368 603
369 613
370 614
371 615
372 616
373 617
374 618
375 619
376 620
377 621
378 633
379 634
380 635
381 636
382 637
383 638
384 639
385 640
386 641
387 642
388 643
389 653
390 654
391 655
392 656
393 657
394 658
395 659
396 660
397 661
398 662
399 663
400 664
401 665
402 666
403 667
404 668
405 673
406 674
407 675
408 676
409 677
410 678
411 679
412 680
413 681
414 693
415 694
416 695
417 696
418 697
419 698
420 699
421 700
422 701
423 713
424 714
425 715
426 716
427 717
428 718
429 719
430 720
431 721
432 722
433 723
434 724
435 725
436 733
437 734
438 735
439 736
440 737
441 738
442 739
443 740
444 741
445 742
446 743
447 744
448 745
449 753
450 754
451 755
452 756
453 757
454 758
455 759
456 760
457 761
458 762
459 763
460 764
461 773
462 774
463 775
464 776
465 777
466 778
467 779
468 780
469 781
470 782
471 783
472 784
473 785
474 793
475 794
476 795
477 796
478 797
479 798
480 799
481 800
482 801
483 802
484 803
485 804
486 805
487 806
488 813
489 814
490 815
491 816
492 817
493 818
494 819
495 820
496 821
497 822
498 833
499 834
500 835
501 836
502 837
503 838
504 839
505 840
506 841
507 842
508 843
509 844
510 845
511 853
512 854
513 855
514 856
515 857
516 858
517 859
518 860
519 861
520 862
521 863
522 864
523 865
524 873
525 874
526 875
527 876
528 877
529 878
530 879
531 880
532 881
533 882
534 883
535 884
536 893
537 894
538 895
539 896
540 897
541 898
542 899
543 900
544 901
545 902
546 913
547 914
548 915
549 916
550 917
551 918
552 919
553 920
554 921
555 922
556 933
557 934
558 935
559 936
560 937
561 938
562 939
563 940
564 941
565 942
566 943
567 953
568 954
569 955
570 956
571 957
572 958
573 959
574 960
575 961
576 962
577 963
578 964
579 965
580 973
581 974
582 975
583 976
584 977
585 978
586 979
587 980
588 981
589 982
590 993
591 994
592 995
593 996
594 997
595 998
596 999
597 1000
598 1001
599 1002
600 1003
601 1004
602 1005
603 1006
604 1013
605 1014
606 1015
607 1016
608 1017
609 1018
610 1019
611 1020
612 1021
613 1022
614 1023
615 1024
616 1033
617 1034
618 1035
619 1036
620 1037
621 1038
622 1039
623 1040
624 1041
625 1042
626 1043
627 1044
628 1045
629 1046
630 1047
631 1053
632 1054
633 1055
634 1056
635 1057
636 1058
637 1059
638 1060
639 1061
640 1062
641 1063
642 1064
643 1073
644 1074
645 1075
646 1076
647 1077
648 1078
649 1079
650 1080
651 1081
652 1082
653 1083
654 1093
655 1094
656 1095
657 1096
658 1097
659 1098
660 1099
661 1100
662 1101
663 1102
664 1103
665 1104
666 1105
667 1106
668 1113
669 1114
670 1115
671 1116
672 1117
673 1118
674 1119
675 1120
676 1121
677 1122
678 1123
679 1124
680 1133
681 1134
682 1135
683 1136
684 1137
685 1138
686 1139
687 1140
688 1141
689 1142
690 1143
691 1144
692 1145
693 1146
694 1153
695 1154
696 1155
697 1156
698 1157
699 1158
700 1159
701 1160
702 1161
703 1162
704 1163
705 1164
706 1165
707 1166
708 1173
709 1174
710 1175
711 1176
712 1177
713 1178
714 1179
715 1180
716 1181
717 1182
718 1183
719 1184
720 1185
721 1186
722 1193
723 1194
724 1195
725 1196
726 1197
727 1198
728 1199
729 1200
730 1201
731 1202
732 1213
733 1214
734 1215
735 1216
736 1217
737 1218
738 1219
739 1220
740 1221
741 1222
742 1223
743 1224
744 1225
745 1233
746 1234
747 1235
748 1236
749 1237
750 1238
751 1239
752 1240
753 1253
754 1254
755 1255
756 1256
757 1257
758 1258
759 1259
760 1260
761 1261
762 1262
763 1263
764 1264
765 1273
766 1274
767 1275
768 1276
769 1277
770 1278
771 1279
772 1280
773 1281
774 1282
775 1283
776 1293
777 1294
778 1295
779 1296
780 1297
781 1298
782 1299
783 1300
784 1301
785 1302
786 1303
787 1304
788 1305
789 1313
790 1314
791 1315
792 1316
793 1317
794 1318
795 1319
796 1320
797 1321
798 1322
799 1323
800 1324
801 1333
802 1334
803 1335
804 1336
805 1337
806 1338
807 1339
808 1340
809 1341
810 1342
811 1343
812 1344
813 1353
814 1354
815 1355
816 1356
817 1357
818 1358
819 1359
820 1360
821 1361
822 1362
823 1373
824 1374
825 1375
826 1376
827 1377
828 1378
829 1379
830 1380
831 1381
832 1382
833 1393
834 1394
835 1395
836 1396
837 1397
838 1398
839 1399
840 1400
841 1401
842 1402
843 1403
844 1404
845 1405
846 1413
847 1414
848 1415
849 1416
850 1417
851 1418
852 1419
853 1420
854 1421
855 1422
856 1423
857 1424
858 1433
859 1434
860 1435
861 1436
862 1437
863 1438
864 1439
865 1440
866 1441
867 1442
868 1443
869 1444
870 1445
871 1446
872 1447
873 1453
874 1454
875 1455
876 1456
877 1457
878 1458
879 1459
880 1460
881 1461
882 1462
883 1463
884 1464
885 1465
886 1466
887 1473
888 1474
889 1475
890 1476
891 1477
892 1478
893 1479
894 1480
895 1481
896 1482
897 1483
898 1484
899 1493
900 1494
901 1495
902 1496
903 1497
904 1498
905 1499
906 1500
907 1501
908 1502
909 1503
910 1504
911 1505
912 1506
913 1513
914 1514
915 1515
916 1516
917 1517
918 1518
919 1519
920 1520
921 1521
922 1533
923 1534
924 1535
925 1536
926 1537
927 1538
928 1539
929 1540
930 1541
931 1542
932 1543
933 1544
934 1553
935 1554
936 1555
937 1556
938 1557
939 1558
940 1559
941 1560
942 1561
943 1562
944 1563
945 1564
946 1573
947 1574
948 1575
949 1576
950 1577
951 1578
952 1579
953 1580
954 1581
955 1593
956 1594
957 1595
958 1596
959 1597
960 1598
961 1599
962 1600
963 1601
964 1602
965 1603
966 1604
967 1605
968 1606
969 1613
970 1614
971 1615
972 1616
973 1617
974 1618
975 1619
976 1620
977 1621
978 1622
979 1623
980 1624
981 1625
982 1633
983 1634
984 1635
985 1636
986 1637
987 1638
988 1639
989 1640
990 1641
991 1642
992 1643
993 1653
994 1654
995 1655
996 1656
997 1657
998 1658
999 1659
1000 1660
1001 1661
1002 1662
1003 1663
1004 1664
1005 1665
1006 1666
1007 1667
1008 1673
1009 1674
1010 1675
1011 1676
1012 1677
1013 1678
1014 1679
1015 1680
1016 1681
1017 1682
1018 1683
1019 1684
1020 1685
1021 1686
1022 1687
1023 1693
1024 1694
1025 1695
1026 1696
1027 1697
1028 1698
1029 1699
1030 1700
1031 1701
1032 1702
1033 1703
1034 1704
1035 1713
1036 1714
1037 1715
1038 1716
1039 1717
1040 1718
1041 1719
1042 1720
1043 1721
1044 1722
1045 1723
1046 1724
1047 1733
1048 1734
1049 1735
1050 1736
1051 1737
1052 1738
1053 1739
1054 1740
1055 1741
1056 1742
1057 1743
1058 1753
1059 1754
1060 1755
1061 1756
1062 1757
1063 1758
1064 1759
1065 1773
1066 1774
1067 1775
1068 1776
1069 1777
1070 1778
1071 1779
1072 1780
1073 1781
1074 1782
1075 1783
1076 1784
1077 1785
1078 1786
1079 1787
1080 1793
1081 1794
1082 1795
1083 1796
1084 1797
1085 1798
1086 1799
1087 1800
1088 1801
1089 1813
1090 1814
1091 1815
1092 1816
1093 1817
1094 1818
1095 1819
1096 1820
1097 1821
1098 1833
1099 1834
1100 1835
1101 1836
1102 1837
1103 1838
1104 1839
1105 1840
1106 1841
1107 1842
1108 1843
