0 4
1 5
2 6
3 7
4 8
5 9
6 10
7 11
8 12
9 24
10 25
11 26
12 27
13 28
14 29
15 30
16 31
17 32
18 33
19 34
20 35
21 36
22 37
23 38
24 39
25 44
26 45
27 46
28 47
29 48
30 49
31 50
32 51
33 52
34 53
35 54
36 64
37 65
38 66
39 67
40 68
41 69
42 70
43 71
44 72
45 73
46 74
47 75
48 76
49 84
50 85
51 86
52 87
53 88
54 89
55 90
56 91
57 92
58 93
59 94
60 95
61 104
62 105
63 106
64 107
65 108
66 109
67 110
68 111
69 112
70 113
71 114
72 115
73 116
74 124
75 125
76 126
77 127
78 128
79 129
80 130
81 131
82 132
83 133
84 134
85 144
86 145
87 146
88 147
89 148
90 149
91 150
92 151
93 152
94 153
95 164
96 165
97 166
98 167
99 168
100 169
101 170
102 171
103 172
104 173
105 174
106 175
107 176
108 184
109 185
110 186
111 187
112 188
113 189
114 190
115 191
116 192
117 204
118 205
119 206
120 207
121 208
122 209
123 210
124 211
125 212
126 224
127 225
128 226
129 227
130 228
131 229
132 230
133 231
134 232
135 233
136 234
137 244
138 245
139 246
140 247
141 248
142 249
143 250
144 251
145 252
146 253
147 254
148 255
149 256
150 257
151 264
152 265
153 266
154 267
155 268
156 269
157 270
158 271
159 272
160 273
161 274
162 275
163 276
164 277
165 278
166 284
167 285
168 286
169 287
170 288
171 289
172 290
173 291
174 292
175 293
176 294
177 295
178 296
179 304
180 305
181 306
182 307
183 308
184 309
185 310
186 311
187 312
188 313
189 314
190 315
191 324
192 325
193 326
194 327
195 328
196 329
197 330
198 331
199 344
200 345
201 346
202 347
203 348
204 349
205 350
206 351
207 352
208 353
209 354
210 355
211 356
212 364
213 365
214 366
215 367
216 368
217 369
218 370
219 371
220 372
221 373
222 384
223 385
224 386
225 387
226 388
227 389
228 390
229 391
230 392
231 393
232 404
233 405
234 406
235 407
236 408
237 409
238 410
239 411
240 412
241 413
242 414
243 415
244 416
245 417
246 418
247 419
248 424
249 425
250 426
251 427
252 428
253 429
254 430
255 431
256 432
257 433
258 444
259 445
260 446
261 447
262 448
263 449
264 450
265 451
266 452
267 453
268 454
269 455
270 456
271 457
272 464
273 465
274 466
275 467
276 468
277 469
278 484
279 485
280 486
281 487
282 488
283 489
284 490
285 491
286 492
287 493
288 494
289 495
290 496
291 504
292 505
293 506
294 507
295 508
296 509
297 510
298 511
299 512
300 513
301 514
302 515
303 516
304 524
305 525
306 526
307 527
308 528
309 529
310 530
311 531
312 532
313 533
314 544
315 545
316 546
317 547
318 548
319 549
320 550
321 551
322 552
323 553
324 554
325 555
326 564
327 565
328 566
329 567
330 568
331 569
332 570
333 571
334 572
335 584
336 585
337 586
338 587
339 588
340 589
341 590
342 591
343 592
344 593
345 594
346 604
347 605
348 606
349 607
350 608
351 609
352 610
353 611
354 612
355 613
356 614
357 615
358 624
359 625
360 626
361 627
362 628
363 629
364 630
365 631
366 632
367 633
368 634
369 635
370 644
371 645
372 646
373 647
374 648
375 649
376 650
377 651
378 652
379 653
380 654
381 655
382 664
383 665
384 666
385 667
386 668
387 669
388 670
389 671
390 672
391 673
392 674
393 675
394 676
395 684
396 685
397 686
398 687
399 688
400 689
401 690
402 691
403 692
404 693
405 694
406 695
407 696
408 704
409 705
410 706
411 707
412 708
413 709
414 710
415 711
416 712
417 713
418 724
419 725
420 726
421 727
422 728
423 729
424 730
425 731
426 732
427 733
428 734
429 735
430 736
431 744
432 745
433 746
434 747
435 748
436 749
437 750
438 764
439 765
440 766
441 767
442 768
443 769
444 770
445 771
446 772
447 773
448 784
449 785
450 786
451 787
452 788
453 789
454 790
455 791
456 792
457 793
458 794
459 795
460 796
461 804
462 805
463 806
464 807
465 808
466 809
467 810
468 811
469 812
470 824
471 825
472 826
473 827
474 828
475 829
476 830
477 831
478 832
479 833
480 834
481 835
482 844
483 845
484 846
485 847
486 848
487 864
488 865
489 866
490 867
491 868
492 869
493 870
494 871
495 872
496 873
497 874
498 875
499 876
500 884
501 885
502 886
503 887
504 888
505 889
506 890
507 891
508 892
509 904
510 905
511 906
512 907
513 908
514 909
515 910
516 911
517 912
518 924
519 925
520 926
521 927
522 928
523 929
524 930
525 931
526 932
527 944
528 945
529 946
530 947
531 948
532 949
533 950
534 951
535 952
536 953
537 954
538 964
539 965
540 966
541 967
542 968
543 969
544 984
545 985
546 986
547 987
548 988
549 989
550 990
551 991
552 992
553 993
554 994
555 995
556 996
557 997
558 998
559 999
560 1004
561 1005
562 1006
563 1007
564 1008
565 1009
566 1010
567 1024
568 1025
569 1026
570 1027
571 1028
572 1029
573 1030
574 1031
575 1032
576 1044
577 1045
578 1046
579 1047
580 1048
581 1049
582 1050
583 1051
584 1052
585 1053
586 1054
587 1064
588 1065
589 1066
590 1067
591 1068
592 1069
593 1070
594 1071
595 1072
596 1073
597 1084
598 1085
599 1086
600 1087
601 1088
602 1089
603 1090
604 1091
605 1092
606 1093
607 1094
608 1095
609 1096
610 1104
611 1105
612 1106
613 1107
614 1108
615 1109
616 1110
617 1111
618 1124
619 1125
620 1126
621 1127
622 1128
623 1129
624 1130
625 1131
626 1132
627 1133
628 1144
629 1145
630 1146
631 1147
632 1148
633 1149
634 1164
635 1165
636 1166
637 1167
638 1168
639 1169
640 1184
641 1185
642 1186
643 1187
644 1188
645 1189
646 1190
647 1191
648 1192
649 1193
650 1194
651 1195
652 1204
653 1205
654 1206
655 1207
656 1208
657 1209
658 1210
659 1211
660 1212
661 1213
662 1214
663 1224
664 1225
665 1226
666 1227
667 1228
668 1229
669 1230
670 1231
671 1232
672 1244
673 1245
674 1246
675 1247
676 1248
677 1249
678 1250
679 1251
680 1252
681 1253
682 1254
683 1255
684 1256
685 1264
686 1265
687 1266
688 1267
689 1268
690 1269
691 1284
692 1285
693 1286
694 1287
695 1288
696 1289
697 1290
698 1291
699 1292
700 1293
701 1294
702 1295
703 1304
704 1305
705 1306
706 1307
707 1308
708 1309
709 1310
710 1311
711 1312
712 1324
713 1325
714 1326
715 1327
716 1328
717 1329
718 1330
719 1331
720 1332
721 1333
722 1334
723 1335
724 1344
725 1345
726 1346
727 1347
728 1348
729 1349
730 1350
731 1351
732 1352
733 1353
734 1354
735 1355
736 1356
737 1364
738 1365
739 1366
740 1367
741 1368
742 1369
743 1370
744 1371
745 1372
746 1373
747 1374
748 1375
749 1376
750 1384
751 1385
752 1386
753 1387
754 1388
755 1389
756 1390
757 1391
758 1392
759 1404
760 1405
761 1406
762 1407
763 1408
764 1409
765 1410
766 1411
767 1412
768 1413
769 1424
770 1425
771 1426
772 1427
773 1428
774 1429
775 1430
776 1431
777 1432
778 1433
779 1434
780 1435
781 1436
782 1437
783 1438
784 1444
785 1445
786 1446
787 1447
788 1448
789 1449
790 1450
791 1451
792 1452
793 1453
794 1454
795 1455
796 1456
797 1457
798 1464
799 1465
800 1466
801 1467
802 1468
803 1469
804 1470
805 1471
806 1472
807 1473
808 1474
809 1484
810 1485
811 1486
812 1487
813 1488
814 1489
815 1490
816 1491
817 1492
818 1493
819 1494
820 1504
821 1505
822 1506
823 1507
824 1508
825 1509
826 1510
827 1511
828 1512
829 1513
830 1514
831 1524
832 1525
833 1526
834 1527
835 1528
836 1529
837 1530
838 1531
839 1532
840 1533
841 1534
842 1535
843 1536
844 1544
845 1545
846 1546
847 1547
848 1548
849 1549
850 1550
851 1551
852 1552
853 1553
854 1554
855 1564
856 1565
857 1566
858 1567
859 1568
860 1569
861 1570
862 1584
863 1585
864 1586
865 1587
866 1588
867 1589
868 1590
869 1591
870 1592
871 1604
872 1605
873 1606
874 1607
875 1608
876 1609
877 1610
878 1611
879 1612
880 1613
881 1614
882 1615
883 1616
884 1617
885 1624
886 1625
887 1626
888 1627
889 1628
890 1629
891 1630
892 1631
893 1632
894 1633
895 1634
896 1635
897 1636
898 1644
899 1645
900 1646
901 1647
902 1648
903 1649
904 1650
905 1651
906 1652
907 1653
908 1654
909 1664
910 1665
911 1666
912 1667
913 1668
914 1669
915 1670
916 1671
917 1672
918 1673
919 1674
920 1675
921 1684
922 1685
923 1686
924 1687
925 1688
926 1689
927 1690
928 1691
929 1692
930 1693
931 1694
932 1704
933 1705
934 1706
935 1707
936 1708
937 1709
938 1710
939 1711
940 1712
941 1713
942 1724
943 1725
944 1726
945 1727
946 1728
947 1729
948 1730
949 1731
950 1732
951 1733
952 1734
953 1735
954 1744
955 1745
956 1746
957 1747
958 1748
959 1749
960 1750
961 1751
962 1752
963 1753
964 1754
965 1755
966 1756
967 1757
968 1764
969 1765
970 1766
971 1767
972 1768
973 1769
974 1770
975 1771
976 1772
977 1773
978 1774
979 1775
980 1776
981 1784
982 1785
983 1786
984 1787
985 1788
986 1789
987 1790
988 1791
989 1792
990 1793
991 1804
992 1805
993 1806
994 1807
995 1808
996 1809
997 1810
998 1811
999 1812
1000 1813
1001 1824
1002 1825
1003 1826
1004 1827
1005 1828
1006 1829
1007 1830
1008 1831
1009 1832
1010 1833
1011 1834
1012 1835
1013 1844
1014 1845
1015 1846
1016 1847
1017 1848
1018 1849
1019 1850
1020 1851
1021 1852
1022 1853
1023 1854
1024 1855
1025 1856
1026 1864
1027 1865
1028 1866
1029 1867
1030 1868
1031 1869
1032 1870
1033 1871
1034 1872
1035 1873
1036 1874
1037 1875
1038 1876
1039 1877
1040 1878
1041 1884
1042 1885
1043 1886
1044 1887
1045 1888
1046 1889
1047 1890
1048 1891
1049 1892
1050 1893
1051 1894
1052 1895
1053 1896
1054 1904
1055 1905
1056 1906
1057 1907
1058 1908
1059 1909
1060 1910
1061 1911
1062 1912
1063 1913
1064 1914
1065 1915
1066 1916
1067 1917
1068 1924
1069 1925
1070 1926
1071 1927
1072 1928
1073 1929
1074 1930
1075 1931
1076 1932
1077 1933
1078 1934
1079 1935
1080 1936
1081 1944
1082 1945
1083 1946
1084 1947
1085 1948
1086 1949
1087 1950
1088 1951
1089 1952
1090 1953
1091 1954
1092 1964
1093 1965
1094 1966
1095 1967
1096 1968
1097 1969
1098 1970
1099 1971
1100 1972
1101 1973
1102 1974
1103 1984
1104 1985
1105 1986
1106 1987
1107 1988
1108 1989
1109 1990
1110 1991
1111 1992
1112 1993
1113 2004
1114 2005
1115 2006
1116 2007
1117 2008
1118 2009
1119 2010
1120 2011
1121 2012
1122 2013
1123 2014
1124 2015
1125 2016
1126 2017
1127 2018
1128 2019
1129 2020
1130 2021
1131 2022
1132 2024
1133 2025
1134 2026
1135 2027
1136 2028
1137 2029
1138 2030
1139 2031
1140 2032
1141 2033
1142 2034
1143 2044
1144 2045
1145 2046
1146 2047
1147 2048
1148 2049
1149 2050
1150 2064
1151 2065
1152 2066
1153 2067
1154 2068
1155 2069
1156 2070
1157 2071
1158 2072
1159 2084
1160 2085
1161 2086
1162 2087
1163 2088
1164 2089
1165 2090
1166 2091
1167 2092
1168 2093
1169 2094
1170 2095
1171 2096
1172 2097
1173 2104
1174 2105
1175 2106
1176 2107
1177 2108
1178 2109
1179 2110
1180 2111
1181 2124
1182 2125
1183 2126
1184 2127
1185 2128
1186 2129
1187 2130
1188 2131
1189 2132
1190 2133
1191 2134
1192 2144
1193 2145
1194 2146
1195 2147
1196 2148
1197 2149
1198 2150
1199 2164
1200 2165
1201 2166
1202 2167
1203 2168
1204 2169
1205 2170
1206 2171
1207 2172
1208 2173
1209 2174
1210 2175
1211 2184
1212 2185
1213 2186
1214 2187
1215 2188
1216 2189
1217 2190
1218 2191
1219 2192
1220 2204
1221 2205
1222 2206
1223 2207
1224 2208
1225 2209
1226 2210
1227 2211
1228 2212
1229 2213
1230 2214
1231 2215
1232 2216
1233 2217
1234 2218
1235 2224
1236 2225
1237 2226
1238 2227
1239 2228
1240 2229
1241 2230
1242 2231
1243 2232
1244 2233
1245 2234
1246 2235
1247 2236
1248 2237
1249 2238
1250 2244
1251 2245
1252 2246
1253 2247
1254 2248
1255 2249
1256 2250
1257 2251
1258 2252
1259 2253
1260 2254
1261 2255
1262 2256
1263 2257
1264 2264
1265 2265
1266 2266
1267 2267
1268 2268
1269 2269
1270 2270
1271 2271
1272 2272
1273 2273
1274 2274
1275 2275
1276 2276
1277 2284
1278 2285
1279 2286
1280 2287
1281 2288
1282 2289
1283 2290
1284 2291
1285 2292
1286 2293
1287 2294
1288 2295
1289 2296
1290 2304
1291 2305
1292 2306
1293 2307
1294 2308
1295 2309
1296 2310
1297 2311
1298 2312
1299 2324
1300 2325
1301 2326
1302 2327
1303 2328
1304 2329
1305 2330
1306 2331
1307 2332
1308 2333
1309 2334
1310 2335
1311 2336
1312 2344
1313 2345
1314 2346
1315 2347
1316 2348
1317 2349
1318 2350
1319 2351
1320 2352
1321 2353
1322 2354
1323 2355
1324 2364
1325 2365
1326 2366
1327 2367
1328 2368
1329 2369
1330 2370
1331 2371
1332 2372
1333 2373
1334 2374
1335 2375
1336 2376
1337 2377
1338 2378
1339 2379
1340 2384
1341 2385
1342 2386
1343 2387
1344 2388
1345 2389
1346 2390
1347 2391
1348 2392
1349 2404
1350 2405
1351 2406
1352 2407
1353 2408
1354 2409
1355 2410
1356 2411
1357 2412
1358 2413
1359 2424
1360 2425
1361 2426
1362 2427
1363 2428
1364 2429
1365 2430
1366 2431
1367 2432
1368 2433
1369 2444
1370 2445
1371 2446
1372 2447
1373 2448
1374 2449
1375 2450
1376 2451
1377 2452
1378 2453
1379 2454
1380 2455
1381 2456
1382 2464
1383 2465
1384 2466
1385 2467
1386 2468
1387 2469
1388 2470
1389 2471
1390 2472
1391 2473
1392 2474
1393 2475
1394 2476
1395 2484
1396 2485
1397 2486
1398 2487
1399 2488
1400 2489
1401 2490
1402 2491
1403 2492
1404 2493
1405 2494
1406 2495
1407 2496
1408 2497
1409 2498
1410 2504
1411 2505
1412 2506
1413 2507
1414 2508
1415 2509
1416 2510
1417 2511
1418 2512
1419 2513
1420 2514
1421 2515
1422 2516
1423 2517
1424 2518
1425 2524
1426 2525
1427 2526
1428 2527
1429 2528
1430 2529
1431 2530
1432 2531
1433 2532
1434 2533
1435 2534
1436 2535
1437 2544
1438 2545
1439 2546
1440 2547
1441 2548
1442 2549
1443 2550
1444 2551
1445 2552
1446 2553
1447 2554
1448 2564
1449 2565
1450 2566
1451 2567
1452 2568
1453 2569
1454 2570
1455 2571
1456 2572
1457 2573
1458 2574
1459 2575
1460 2576
1461 2577
1462 2578
1463 2579
1464 2580
1465 2584
1466 2585
1467 2586
1468 2587
1469 2588
1470 2589
1471 2590
1472 2591
1473 2592
1474 2593
1475 2594
1476 2595
1477 2596
1478 2604
1479 2605
1480 2606
1481 2607
1482 2608
1483 2609
1484 2610
1485 2611
1486 2612
1487 2613
1488 2614
1489 2624
1490 2625
1491 2626
1492 2627
1493 2628
1494 2629
1495 2630
1496 2631
1497 2632
1498 2633
1499 2634
1500 2635
1501 2644
1502 2645
1503 2646
1504 2647
1505 2648
1506 2649
1507 2650
1508 2651
1509 2652
1510 2653
1511 2654
1512 2655
1513 2656
1514 2657
1515 2664
1516 2665
1517 2666
1518 2667
1519 2668
1520 2669
1521 2670
1522 2671
1523 2672
1524 2673
1525 2674
1526 2675
1527 2676
1528 2684
1529 2685
1530 2686
1531 2687
1532 2688
1533 2689
1534 2690
1535 2691
1536 2692
1537 2693
1538 2694
1539 2695
1540 2704
1541 2705
1542 2706
1543 2707
1544 2708
1545 2709
1546 2710
1547 2711
1548 2712
1549 2713
1550 2714
1551 2715
1552 2716
1553 2717
1554 2718
1555 2724
1556 2725
1557 2726
1558 2727
1559 2728
1560 2729
1561 2730
1562 2731
1563 2732
1564 2733
1565 2734
1566 2735
1567 2744
1568 2745
1569 2746
1570 2747
1571 2748
1572 2749
1573 2750
1574 2751
1575 2752
1576 2753
1577 2754
1578 2755
1579 2764
1580 2765
1581 2766
1582 2767
1583 2768
1584 2769
1585 2770
1586 2771
1587 2772
1588 2773
1589 2774
1590 2775
1591 2776
1592 2777
1593 2778
1594 2784
1595 2785
1596 2786
1597 2787
1598 2788
1599 2789
1600 2790
1601 2791
1602 2792
1603 2793
1604 2794
1605 2795
1606 2796
1607 2804
1608 2805
1609 2806
1610 2807
1611 2808
1612 2809
1613 2810
1614 2811
1615 2812
1616 2813
1617 2824
1618 2825
1619 2826
1620 2827
1621 2828
1622 2829
1623 2830
1624 2831
1625 2832
1626 2833
1627 2834
1628 2835
1629 2844
1630 2845
1631 2846
1632 2847
1633 2848
1634 2849
1635 2850
1636 2851
1637 2852
1638 2853
1639 2854
1640 2855
1641 2856
1642 2857
1643 2864
1644 2865
1645 2866
1646 2867
1647 2868
1648 2869
1649 2870
1650 2871
1651 2872
1652 2873
1653 2874
1654 2875
1655 2876
1656 2884
1657 2885
1658 2886
1659 2887
1660 2888
1661 2889
1662 2890
1663 2891
1664 2892
1665 2893
1666 2894
1667 2895
1668 2904
1669 2905
1670 2906
1671 2907
1672 2908
1673 2909
1674 2910
1675 2911
1676 2912
1677 2913
1678 2914
1679 2915
1680 2916
1681 2917
1682 2918
1683 2919
1684 2924
1685 2925
1686 2926
1687 2927
1688 2928
1689 2929
1690 2930
1691 2931
1692 2932
1693 2933
1694 2934
1695 2944
1696 2945
1697 2946
1698 2947
1699 2948
1700 2949
1701 2950
1702 2951
1703 2964
1704 2965
1705 2966
1706 2967
1707 2968
1708 2969
1709 2970
1710 2971
1711 2972
1712 2973
1713 2974
1714 2975
1715 2984
1716 2985
1717 2986
1718 2987
1719 2988
1720 2989
1721 2990
1722 3004
1723 3005
1724 3006
1725 3007
1726 3008
1727 3009
1728 3010
1729 3011
1730 3012
1731 3013
1732 3014
1733 3015
1734 3016
1735 3017
1736 3018
1737 3024
1738 3025
1739 3026
1740 3027
1741 3028
1742 3029
1743 3030
1744 3031
1745 3032
1746 3033
1747 3034
1748 3044
1749 3045
1750 3046
1751 3047
1752 3048
1753 3049
1754 3050
1755 3051
1756 3052
1757 3064
1758 3065
1759 3066
1760 3067
1761 3068
1762 3069
1763 3070
1764 3071
1765 3072
1766 3073
1767 3074
1768 3084
1769 3085
1770 3086
1771 3087
1772 3088
1773 3089
1774 3090
1775 3091
1776 3092
1777 3093
1778 3094
1779 3095
1780 3096
1781 3097
1782 3098
1783 3104
1784 3105
1785 3106
1786 3107
1787 3108
1788 3109
1789 3110
1790 3111
1791 3112
1792 3113
1793 3114
1794 3115
1795 3116
1796 3124
1797 3125
1798 3126
1799 3127
1800 3128
1801 3129
1802 3130
1803 3131
1804 3132
1805 3133
1806 3134
1807 3135
1808 3144
1809 3145
1810 3146
1811 3147
1812 3148
1813 3149
1814 3150
1815 3151
1816 3152
1817 3153
1818 3164
1819 3165
1820 3166
1821 3167
1822 3168
1823 3169
1824 3170
1825 3171
1826 3172
1827 3173
1828 3174
1829 3184
1830 3185
1831 3186
1832 3187
1833 3188
1834 3189
1835 3190
1836 3191
1837 3192
1838 3193
1839 3204
1840 3205
1841 3206
1842 3207
1843 3208
1844 3209
1845 3210
1846 3211
1847 3212
1848 3213
1849 3214
1850 3224
1851 3225
1852 3226
1853 3227
1854 3228
1855 3229
1856 3230
1857 3231
1858 3232
1859 3244
1860 3245
1861 3246
1862 3247
1863 3248
1864 3249
1865 3250
1866 3251
1867 3252
1868 3253
1869 3254
1870 3255
1871 3256
1872 3257
1873 3258
1874 3264
1875 3265
1876 3266
1877 3267
1878 3268
1879 3269
1880 3270
1881 3271
1882 3272
1883 3273
1884 3274
1885 3284
1886 3285
1887 3286
1888 3287
1889 3288
1890 3289
1891 3290
1892 3304
1893 3305
1894 3306
1895 3307
1896 3308
1897 3309
1898 3310
1899 3311
1900 3312
1901 3313
1902 3314
1903 3315
1904 3324
1905 3325
1906 3326
1907 3327
1908 3328
1909 3329
1910 3330
1911 3331
1912 3332
1913 3333
1914 3334
1915 3344
1916 3345
1917 3346
1918 3347
1919 3348
1920 3349
1921 3350
1922 3351
1923 3352
1924 3353
1925 3354
1926 3355
1927 3364
1928 3365
1929 3366
1930 3367
1931 3368
1932 3369
1933 3370
1934 3371
1935 3372
1936 3373
1937 3374
1938 3375
1939 3376
1940 3377
1941 3384
1942 3385
1943 3386
1944 3387
1945 3388
1946 3389
1947 3390
1948 3391
1949 3392
1950 3393
1951 3394
1952 3395
1953 3404
1954 3405
1955 3406
1956 3407
1957 3408
1958 3409
1959 3410
1960 3411
1961 3412
1962 3413
1963 3414
1964 3424
1965 3425
1966 3426
1967 3427
1968 3428
1969 3429
1970 3430
1971 3431
1972 3432
1973 3433
1974 3434
1975 3435
1976 3444
1977 3445
1978 3446
1979 3447
1980 3448
1981 3449
1982 3450
1983 3464
1984 3465
1985 3466
1986 3467
1987 3468
1988 3469
1989 3470
1990 3471
1991 3472
1992 3473
1993 3474
1994 3475
1995 3476
1996 3484
1997 3485
1998 3486
1999 3487
2000 3488
2001 3489
2002 3490
2003 3491
2004 3492
2005 3493
2006 3494
2007 3504
2008 3505
2009 3506
2010 3507
2011 3508
2012 3509
2013 3510
2014 3511
2015 3512
2016 3524
2017 3525
2018 3526
2019 3527
2020 3528
2021 3529
2022 3530
2023 3531
2024 3532
2025 3533
2026 3534
2027 3535
2028 3536
2029 3544
2030 3545
2031 3546
2032 3547
2033 3548
2034 3549
2035 3550
2036 3551
2037 3552
2038 3553
2039 3554
2040 3555
2041 3564
2042 3565
2043 3566
2044 3567
2045 3568
2046 3569
2047 3570
2048 3571
2049 3572
2050 3573
2051 3574
2052 3584
2053 3585
2054 3586
2055 3587
2056 3588
2057 3589
2058 3590
2059 3591
2060 3592
2061 3604
2062 3605
2063 3606
2064 3607
2065 3608
2066 3609
2067 3610
2068 3611
2069 3612
2070 3624
2071 3625
2072 3626
2073 3627
2074 3628
2075 3629
2076 3630
2077 3631
2078 3632
2079 3633
2080 3644
2081 3645
2082 3646
2083 3647
2084 3648
2085 3649
2086 3650
2087 3651
2088 3652
2089 3653
2090 3654
2091 3664
2092 3665
2093 3666
2094 3667
2095 3668
2096 3669
2097 3670
2098 3671
2099 3672
2100 3673
2101 3674
2102 3684
2103 3685
2104 3686
2105 3687
2106 3688
2107 3689
2108 3690
2109 3691
2110 3692
2111 3693
2112 3694
2113 3695
2114 3704
2115 3705
2116 3706
2117 3707
2118 3708
2119 3709
2120 3710
2121 3711
2122 3712
2123 3713
2124 3714
2125 3724
2126 3725
2127 3726
2128 3727
2129 3728
2130 3729
2131 3730
2132 3731
2133 3732
2134 3733
2135 3744
2136 3745
2137 3746
2138 3747
2139 3748
2140 3749
2141 3750
2142 3751
2143 3752
2144 3753
2145 3754
2146 3755
2147 3756
2148 3764
2149 3765
2150 3766
2151 3767
2152 3768
2153 3769
2154 3770
2155 3771
2156 3772
2157 3773
2158 3774
2159 3775
2160 3776
2161 3777
2162 3784
2163 3785
2164 3786
2165 3787
2166 3788
2167 3789
2168 3790
2169 3791
2170 3792
2171 3793
2172 3794
2173 3795
2174 3804
2175 3805
2176 3806
2177 3807
2178 3808
2179 3809
2180 3810
2181 3811
2182 3812
2183 3813
2184 3814
2185 3824
2186 3825
2187 3826
2188 3827
2189 3828
2190 3829
2191 3830
2192 3831
2193 3832
2194 3833
2195 3834
2196 3835
2197 3844
2198 3845
2199 3846
2200 3847
2201 3848
2202 3849
2203 3850
2204 3851
2205 3852
2206 3853
2207 3854
2208 3855
2209 3856
2210 3864
2211 3865
2212 3866
2213 3867
2214 3868
2215 3869
2216 3870
2217 3871
2218 3872
2219 3873
2220 3874
2221 3875
2222 3884
2223 3885
2224 3886
2225 3887
2226 3888
2227 3889
2228 3890
2229 3891
2230 3892
2231 3904
2232 3905
2233 3906
2234 3907
2235 3908
2236 3909
2237 3910
2238 3911
2239 3912
2240 3924
2241 3925
2242 3926
2243 3927
2244 3928
2245 3929
2246 3930
2247 3931
2248 3944
2249 3945
2250 3946
2251 3947
2252 3948
2253 3949
2254 3950
2255 3951
2256 3952
2257 3953
2258 3954
2259 3955
2260 3956
2261 3957
2262 3958
2263 3964
2264 3965
2265 3966
2266 3967
2267 3968
2268 3969
2269 3970
2270 3971
2271 3972
2272 3973
2273 3984
2274 3985
2275 3986
2276 3987
2277 3988
2278 3989
2279 3990
2280 3991
2281 3992
2282 3993
2283 3994
2284 4004
2285 4005
2286 4006
2287 4007
2288 4008
2289 4009
2290 4010
2291 4011
2292 4012
2293 4013
2294 4024
2295 4025
2296 4026
2297 4027
2298 4028
2299 4029
2300 4030
2301 4031
2302 4032
2303 4033
2304 4034
2305 4035
2306 4044
2307 4045
2308 4046
2309 4047
2310 4048
2311 4049
2312 4050
2313 4051
2314 4064
2315 4065
2316 4066
2317 4067
2318 4068
2319 4069
2320 4070
2321 4071
2322 4072
2323 4084
2324 4085
2325 4086
2326 4087
2327 4088
2328 4089
2329 4090
2330 4091
2331 4092
2332 4093
2333 4094
2334 4095
2335 4104
2336 4105
2337 4106
