0 0
1 1
2 2
3 6
4 7
5 8
6 9
7 10
8 11
9 12
10 13
11 14
12 15
13 16
14 17
15 18
16 19
17 26
18 27
19 28
20 29
21 30
22 31
23 32
24 33
25 34
26 35
27 36
28 37
29 38
30 39
31 46
32 47
33 48
34 49
35 50
36 51
37 52
38 53
39 54
40 55
41 56
42 57
43 58
44 59
45 60
46 61
47 66
48 67
49 68
50 69
51 70
52 71
53 72
54 73
55 74
56 75
57 76
58 77
59 86
60 87
61 88
62 89
63 90
64 91
65 92
66 93
67 94
68 95
69 96
70 97
71 98
72 99
73 106
74 107
75 108
76 109
77 110
78 111
79 112
80 113
81 114
82 115
83 116
84 117
85 118
86 126
87 127
88 128
89 129
90 130
91 131
92 132
93 133
94 146
95 147
96 148
97 149
98 150
99 151
100 152
101 153
102 154
103 155
104 156
105 157
106 158
107 159
108 160
109 161
110 166
111 167
112 168
113 169
114 170
115 171
116 172
117 173
118 174
119 175
120 176
121 186
122 187
123 188
124 189
125 190
126 191
127 192
128 193
129 194
130 195
131 206
132 207
133 208
134 209
135 210
136 211
137 212
138 213
139 214
140 215
141 216
142 217
143 218
144 226
145 227
146 228
147 229
148 230
149 231
150 232
151 233
152 234
153 235
154 236
155 237
156 238
157 239
158 240
159 246
160 247
161 248
162 249
163 250
164 251
165 252
166 253
167 254
168 255
169 256
170 257
171 258
172 259
173 260
174 261
175 262
176 263
177 264
178 266
179 267
180 268
181 269
182 270
183 271
184 272
185 273
186 274
187 275
188 276
189 277
190 278
191 279
192 280
193 281
194 282
195 283
196 284
197 286
198 287
199 288
200 289
201 290
202 291
203 292
204 293
205 294
206 295
207 296
208 297
209 298
210 299
211 300
212 306
213 307
214 308
215 309
216 310
217 311
218 312
219 313
220 314
221 315
222 316
223 317
224 318
225 319
226 320
227 321
228 322
229 323
230 324
231 325
232 326
233 327
234 328
235 329
236 330
237 331
238 332
239 333
240 334
241 335
242 336
243 337
244 338
245 339
246 346
247 347
248 348
249 349
250 350
251 351
252 352
253 353
254 354
255 355
256 356
257 357
258 358
259 359
260 360
261 361
262 362
263 363
264 366
265 367
266 368
267 369
268 370
269 371
270 372
271 373
272 374
273 375
274 376
275 377
276 378
277 379
278 386
279 387
280 388
281 389
282 390
283 391
284 392
285 393
286 394
287 395
288 396
289 397
290 398
291 406
292 407
293 408
294 409
295 410
296 411
297 412
298 413
299 414
300 415
301 416
302 417
303 418
304 419
305 426
306 427
307 428
308 429
309 430
310 431
311 432
312 433
313 434
314 435
315 436
316 437
317 438
318 439
319 440
320 441
321 442
322 446
323 447
324 448
325 449
326 450
327 451
328 452
329 453
330 454
331 455
332 456
333 457
334 458
335 459
336 460
337 466
338 467
339 468
340 469
341 470
342 471
343 472
344 473
345 474
346 475
347 476
348 477
349 486
350 487
351 488
352 489
353 490
354 491
355 492
356 493
357 494
358 495
359 496
360 497
361 498
362 499
363 506
364 507
365 508
366 509
367 510
368 511
369 512
370 513
371 514
372 515
373 516
374 517
375 518
376 519
377 520
378 521
379 526
380 527
381 528
382 529
383 530
384 531
385 532
386 533
387 534
388 535
389 536
390 537
391 538
392 539
393 540
394 541
395 546
396 547
397 548
398 549
399 550
400 551
401 552
402 553
403 554
404 555
405 556
406 557
407 558
408 559
409 560
410 561
411 562
412 566
413 567
414 568
415 569
416 570
417 571
418 572
419 573
420 574
421 575
422 576
423 577
424 586
425 587
426 588
427 589
428 590
429 591
430 592
431 593
432 594
433 595
434 596
435 597
436 598
437 606
438 607
439 608
440 609
441 610
442 611
443 612
444 613
445 614
446 615
447 626
448 627
449 628
450 629
451 630
452 631
453 632
454 633
455 634
456 635
457 636
458 637
459 646
460 647
461 648
462 649
463 650
464 651
465 652
466 653
467 654
468 655
469 656
470 657
471 658
472 666
473 667
474 668
475 669
476 670
477 671
478 672
479 673
480 674
481 675
482 676
483 677
484 678
485 679
486 686
487 687
488 688
489 689
490 690
491 691
492 692
493 693
494 694
495 695
496 696
497 697
498 698
499 699
500 706
501 707
502 708
503 709
504 710
505 711
506 712
507 713
508 714
509 715
510 716
511 717
512 718
513 719
514 720
515 726
516 727
517 728
518 729
519 730
520 731
521 732
522 733
523 734
524 735
525 736
526 737
527 738
528 746
529 747
530 748
531 749
532 750
533 751
534 752
535 753
536 754
537 755
538 756
539 757
540 758
541 759
542 766
543 767
544 768
545 769
546 770
547 771
548 772
549 773
550 774
551 775
552 776
553 777
554 778
555 786
556 787
557 788
558 789
559 790
560 791
561 792
562 793
563 794
564 795
565 796
566 797
567 798
568 799
569 806
570 807
571 808
572 809
573 810
574 811
575 812
576 813
577 814
578 815
579 816
580 826
581 827
582 828
583 829
584 830
585 831
586 832
587 833
588 834
589 835
590 836
591 837
592 838
593 839
594 846
595 847
596 848
597 849
598 850
599 851
600 852
601 853
602 854
603 855
604 856
605 857
606 858
607 866
608 867
609 868
610 869
611 870
612 871
613 872
614 873
615 874
616 875
617 876
618 877
619 878
620 879
621 886
622 887
623 888
624 889
625 890
626 891
627 892
628 893
629 894
630 895
631 896
632 897
633 898
634 899
635 900
636 906
637 907
638 908
639 909
640 910
641 911
642 912
643 913
644 914
645 915
646 916
647 917
648 918
649 919
650 920
651 926
652 927
653 928
654 929
655 930
656 931
657 932
658 933
659 934
660 935
661 936
662 937
663 946
664 947
665 948
666 949
667 950
668 951
669 952
670 953
671 954
672 955
673 956
674 957
675 958
676 959
677 960
678 961
679 966
680 967
681 968
682 969
683 970
684 971
685 972
686 973
687 974
688 975
689 976
690 977
691 978
692 979
693 986
694 987
695 988
696 989
697 990
698 991
699 992
700 993
701 994
702 995
703 996
704 997
705 998
706 999
707 1000
708 1001
709 1002
710 1003
711 1004
712 1006
713 1007
714 1008
715 1009
716 1010
717 1011
718 1012
719 1013
720 1014
721 1015
722 1016
723 1017
724 1018
725 1019
726 1020
727 1021
728 1022
729 1023
730 1024
731 1026
732 1027
733 1028
734 1029
735 1030
736 1031
737 1032
738 1033
739 1034
740 1035
741 1036
742 1037
743 1038
744 1039
745 1046
746 1047
747 1048
748 1049
749 1050
750 1051
751 1052
752 1053
753 1054
754 1055
755 1056
756 1057
757 1058
758 1059
759 1060
760 1061
761 1062
762 1063
763 1066
764 1067
765 1068
766 1069
767 1070
768 1071
769 1072
770 1073
771 1074
772 1075
773 1076
774 1077
775 1078
776 1079
777 1080
778 1081
779 1082
780 1083
781 1084
782 1085
783 1086
784 1087
785 1088
786 1089
787 1090
788 1091
789 1092
790 1093
791 1094
792 1095
793 1096
794 1097
795 1098
796 1099
797 1100
798 1106
799 1107
800 1108
801 1109
802 1110
803 1111
804 1112
805 1113
806 1114
807 1115
808 1116
809 1117
810 1118
811 1119
812 1120
813 1121
814 1122
815 1126
816 1127
817 1128
818 1129
819 1130
820 1131
821 1132
822 1133
823 1134
824 1135
825 1136
826 1137
827 1138
828 1139
829 1140
830 1141
831 1146
832 1147
833 1148
834 1149
835 1150
836 1151
837 1152
838 1153
839 1154
840 1155
841 1156
842 1157
843 1158
844 1159
845 1160
846 1161
847 1162
848 1163
849 1164
850 1166
851 1167
852 1168
853 1169
854 1170
855 1171
856 1172
857 1173
858 1174
859 1175
860 1176
861 1177
862 1178
863 1179
864 1186
865 1187
866 1188
867 1189
868 1190
869 1191
870 1192
871 1193
872 1194
873 1195
874 1196
875 1197
876 1198
877 1199
878 1200
879 1201
880 1206
881 1207
882 1208
883 1209
884 1210
885 1211
886 1212
887 1213
888 1214
889 1215
890 1216
891 1217
892 1218
893 1219
894 1226
895 1227
896 1228
897 1229
898 1230
899 1231
900 1232
901 1233
902 1234
903 1235
904 1236
905 1237
906 1238
907 1239
908 1240
909 1241
910 1242
911 1243
912 1246
913 1247
914 1248
915 1249
916 1250
917 1251
918 1252
919 1253
920 1254
921 1255
922 1256
923 1257
924 1258
925 1259
926 1260
927 1261
928 1266
929 1267
930 1268
931 1269
932 1270
933 1271
934 1272
935 1273
936 1274
937 1275
938 1276
939 1277
940 1278
941 1279
942 1286
943 1287
944 1288
945 1289
946 1290
947 1291
948 1292
949 1293
950 1294
951 1295
952 1296
953 1297
954 1298
955 1306
956 1307
957 1308
958 1309
959 1310
960 1311
961 1312
962 1313
963 1314
964 1315
965 1316
966 1317
967 1318
968 1326
969 1327
970 1328
971 1329
972 1330
973 1331
974 1332
975 1333
976 1334
977 1335
978 1336
979 1337
980 1338
981 1339
982 1340
983 1341
984 1346
985 1347
986 1348
987 1349
988 1350
989 1351
990 1352
991 1353
992 1354
993 1355
994 1356
995 1357
996 1358
997 1359
998 1366
999 1367
1000 1368
1001 1369
1002 1370
1003 1371
1004 1372
1005 1373
1006 1374
1007 1375
1008 1376
1009 1386
1010 1387
1011 1388
1012 1389
1013 1390
1014 1391
1015 1392
1016 1393
1017 1394
1018 1395
1019 1396
1020 1397
1021 1406
1022 1407
1023 1408
1024 1409
1025 1410
1026 1411
1027 1412
1028 1413
1029 1414
1030 1415
1031 1416
1032 1417
1033 1418
1034 1419
1035 1426
1036 1427
1037 1428
1038 1429
1039 1430
1040 1431
1041 1432
1042 1433
1043 1434
1044 1435
1045 1436
1046 1437
1047 1438
1048 1446
1049 1447
1050 1448
1051 1449
1052 1450
1053 1451
1054 1452
1055 1453
1056 1454
1057 1455
1058 1456
1059 1457
1060 1458
1061 1459
1062 1460
1063 1461
1064 1462
1065 1463
1066 1466
1067 1467
1068 1468
1069 1469
1070 1470
1071 1471
1072 1472
1073 1473
1074 1474
1075 1475
1076 1476
1077 1477
1078 1478
1079 1479
1080 1480
1081 1481
1082 1482
1083 1483
1084 1484
1085 1486
1086 1487
1087 1488
1088 1489
1089 1490
1090 1491
1091 1492
1092 1493
1093 1494
1094 1495
1095 1496
1096 1497
1097 1498
1098 1506
1099 1507
1100 1508
1101 1509
1102 1510
1103 1511
1104 1512
1105 1513
1106 1514
1107 1515
1108 1516
1109 1517
1110 1518
1111 1519
1112 1520
1113 1521
1114 1526
1115 1527
1116 1528
1117 1529
1118 1530
1119 1531
1120 1532
1121 1533
1122 1534
1123 1535
1124 1536
1125 1546
1126 1547
1127 1548
1128 1549
1129 1550
1130 1551
1131 1552
1132 1553
1133 1554
1134 1555
1135 1556
1136 1557
1137 1558
1138 1566
1139 1567
1140 1568
1141 1569
1142 1570
1143 1571
1144 1572
1145 1573
1146 1574
1147 1575
1148 1576
1149 1577
1150 1578
1151 1579
1152 1580
1153 1586
1154 1587
1155 1588
1156 1589
1157 1590
1158 1591
1159 1592
1160 1593
1161 1594
1162 1595
1163 1596
1164 1597
1165 1598
1166 1599
1167 1600
1168 1601
1169 1602
1170 1606
1171 1607
1172 1608
1173 1609
1174 1610
1175 1611
1176 1612
1177 1613
1178 1614
1179 1615
1180 1616
1181 1617
1182 1618
1183 1619
1184 1620
1185 1621
1186 1626
1187 1627
1188 1628
1189 1629
1190 1630
1191 1631
1192 1632
1193 1633
1194 1634
1195 1635
1196 1636
1197 1646
1198 1647
1199 1648
1200 1649
1201 1650
1202 1651
1203 1652
1204 1653
1205 1654
1206 1655
1207 1656
1208 1657
1209 1666
1210 1667
1211 1668
1212 1669
1213 1670
1214 1671
1215 1672
1216 1673
1217 1674
1218 1675
1219 1676
1220 1677
1221 1678
1222 1679
1223 1686
1224 1687
1225 1688
1226 1689
1227 1690
1228 1691
1229 1692
1230 1693
1231 1694
1232 1695
1233 1696
1234 1697
1235 1698
1236 1699
1237 1700
1238 1706
1239 1707
1240 1708
1241 1709
1242 1710
1243 1711
1244 1712
1245 1713
1246 1714
1247 1715
1248 1716
1249 1717
1250 1718
1251 1719
1252 1720
1253 1721
1254 1726
1255 1727
1256 1728
1257 1729
1258 1730
1259 1731
1260 1732
1261 1733
1262 1734
1263 1735
1264 1736
1265 1737
1266 1738
1267 1739
1268 1740
1269 1741
1270 1742
1271 1743
1272 1746
1273 1747
1274 1748
1275 1749
1276 1750
1277 1751
1278 1752
1279 1753
1280 1754
1281 1755
1282 1756
1283 1757
1284 1758
1285 1759
1286 1760
1287 1761
1288 1762
1289 1766
1290 1767
1291 1768
1292 1769
1293 1770
1294 1771
1295 1772
1296 1773
1297 1774
1298 1775
1299 1776
1300 1777
1301 1778
1302 1786
1303 1787
1304 1788
1305 1789
1306 1790
1307 1791
1308 1792
1309 1793
1310 1794
1311 1795
1312 1796
1313 1797
1314 1798
1315 1799
1316 1806
1317 1807
1318 1808
1319 1809
1320 1810
1321 1811
1322 1812
1323 1813
1324 1814
1325 1815
1326 1816
1327 1817
1328 1818
1329 1826
1330 1827
1331 1828
1332 1829
1333 1830
1334 1831
1335 1832
1336 1833
1337 1834
1338 1835
1339 1836
1340 1837
1341 1838
1342 1846
1343 1847
1344 1848
1345 1849
1346 1850
1347 1851
1348 1852
1349 1853
1350 1854
1351 1855
1352 1856
1353 1857
1354 1858
1355 1859
1356 1866
1357 1867
1358 1868
1359 1869
1360 1870
1361 1871
1362 1872
1363 1873
1364 1874
1365 1875
1366 1876
1367 1877
1368 1886
1369 1887
1370 1888
1371 1889
1372 1890
1373 1891
1374 1892
1375 1893
1376 1894
1377 1895
1378 1896
1379 1897
1380 1898
1381 1899
1382 1900
1383 1901
1384 1902
1385 1906
1386 1907
1387 1908
1388 1909
1389 1910
1390 1911
1391 1912
1392 1913
1393 1914
1394 1915
1395 1916
1396 1917
1397 1918
1398 1919
1399 1920
1400 1921
1401 1922
1402 1926
1403 1927
1404 1928
1405 1929
1406 1930
1407 1931
1408 1932
1409 1933
1410 1934
1411 1935
1412 1936
1413 1937
1414 1938
1415 1939
1416 1940
1417 1946
1418 1947
1419 1948
1420 1949
1421 1950
1422 1951
1423 1952
1424 1953
1425 1954
1426 1955
1427 1956
1428 1957
1429 1958
1430 1959
1431 1960
1432 1961
1433 1962
1434 1963
1435 1966
1436 1967
1437 1968
1438 1969
1439 1970
1440 1971
1441 1972
1442 1973
1443 1974
1444 1975
1445 1976
1446 1977
1447 1978
1448 1979
1449 1980
1450 1981
1451 1982
1452 1983
1453 1986
1454 1987
1455 1988
1456 1989
1457 1990
1458 1991
1459 1992
1460 1993
1461 1994
1462 1995
1463 1996
1464 1997
1465 1998
1466 1999
1467 2000
1468 2006
1469 2007
1470 2008
1471 2009
1472 2010
1473 2011
1474 2012
1475 2013
1476 2014
1477 2015
1478 2016
1479 2017
1480 2018
1481 2019
1482 2026
1483 2027
1484 2028
1485 2029
1486 2030
1487 2031
1488 2032
1489 2033
1490 2034
1491 2035
1492 2036
1493 2037
1494 2038
1495 2046
1496 2047
1497 2048
1498 2049
1499 2050
1500 2051
1501 2052
1502 2053
1503 2054
1504 2055
1505 2056
1506 2057
1507 2058
1508 2059
1509 2060
1510 2066
1511 2067
1512 2068
1513 2069
1514 2070
1515 2071
1516 2072
1517 2073
1518 2074
1519 2075
1520 2076
1521 2077
1522 2078
1523 2079
1524 2080
1525 2081
1526 2082
1527 2083
1528 2086
1529 2087
1530 2088
1531 2089
1532 2090
1533 2091
1534 2092
1535 2093
1536 2094
1537 2095
1538 2096
1539 2097
1540 2098
1541 2099
1542 2100
1543 2101
1544 2106
1545 2107
1546 2108
1547 2109
1548 2110
1549 2111
1550 2112
1551 2113
1552 2114
1553 2115
1554 2116
1555 2117
1556 2118
1557 2119
1558 2120
1559 2121
1560 2126
1561 2127
1562 2128
1563 2129
1564 2130
1565 2131
1566 2132
1567 2133
1568 2134
1569 2135
1570 2136
1571 2137
1572 2138
1573 2139
1574 2140
1575 2141
1576 2142
1577 2146
1578 2147
1579 2148
1580 2149
1581 2150
1582 2151
1583 2152
1584 2153
1585 2154
1586 2155
1587 2156
1588 2157
1589 2158
1590 2159
1591 2160
1592 2166
1593 2167
1594 2168
1595 2169
1596 2170
1597 2171
1598 2172
1599 2173
1600 2174
1601 2175
1602 2176
1603 2177
1604 2178
1605 2179
1606 2180
1607 2186
1608 2187
1609 2188
1610 2189
1611 2190
1612 2191
1613 2192
1614 2193
1615 2194
1616 2195
1617 2196
1618 2197
1619 2198
1620 2199
1621 2206
1622 2207
1623 2208
1624 2209
1625 2210
1626 2211
1627 2212
1628 2213
1629 2214
1630 2215
1631 2216
1632 2217
1633 2218
1634 2219
1635 2220
1636 2221
1637 2222
1638 2226
1639 2227
1640 2228
1641 2229
1642 2230
1643 2231
1644 2232
1645 2233
1646 2234
1647 2235
1648 2236
1649 2237
1650 2238
1651 2239
1652 2240
1653 2241
1654 2242
1655 2243
1656 2246
1657 2247
1658 2248
1659 2249
1660 2250
1661 2251
1662 2252
1663 2253
1664 2254
1665 2255
1666 2256
1667 2257
1668 2258
1669 2259
1670 2266
1671 2267
1672 2268
1673 2269
1674 2270
1675 2271
1676 2272
1677 2273
1678 2274
1679 2275
1680 2276
1681 2277
1682 2278
1683 2279
1684 2280
1685 2281
1686 2282
1687 2283
1688 2284
1689 2286
1690 2287
1691 2288
1692 2289
1693 2290
1694 2291
1695 2292
1696 2293
1697 2294
1698 2295
1699 2296
1700 2297
1701 2298
1702 2299
1703 2300
1704 2301
1705 2306
1706 2307
1707 2308
1708 2309
1709 2310
1710 2311
1711 2312
1712 2313
1713 2314
1714 2315
1715 2316
1716 2317
1717 2318
1718 2319
1719 2320
1720 2321
1721 2326
1722 2327
1723 2328
1724 2329
1725 2330
1726 2331
1727 2332
1728 2333
1729 2334
1730 2335
1731 2336
1732 2337
1733 2338
1734 2339
1735 2340
1736 2346
1737 2347
1738 2348
1739 2349
1740 2350
1741 2351
1742 2352
1743 2353
1744 2354
1745 2355
1746 2356
1747 2357
1748 2358
1749 2359
1750 2360
1751 2366
1752 2367
1753 2368
1754 2369
1755 2370
1756 2371
1757 2372
1758 2373
1759 2374
1760 2375
1761 2376
1762 2377
1763 2378
1764 2386
1765 2387
1766 2388
1767 2389
1768 2390
1769 2391
1770 2392
1771 2393
1772 2394
1773 2395
1774 2396
1775 2397
1776 2406
1777 2407
1778 2408
1779 2409
1780 2410
1781 2411
1782 2412
1783 2413
1784 2414
1785 2415
1786 2416
1787 2417
1788 2418
1789 2419
1790 2420
1791 2421
1792 2422
1793 2426
1794 2427
1795 2428
1796 2429
1797 2430
1798 2431
1799 2432
1800 2433
1801 2434
1802 2435
1803 2436
1804 2437
1805 2446
1806 2447
1807 2448
1808 2449
1809 2450
1810 2451
1811 2452
1812 2453
1813 2454
1814 2455
1815 2456
1816 2457
1817 2458
1818 2466
1819 2467
1820 2468
1821 2469
1822 2470
1823 2471
1824 2472
1825 2473
1826 2474
1827 2475
1828 2476
1829 2477
1830 2478
1831 2479
1832 2480
1833 2481
1834 2486
1835 2487
1836 2488
1837 2489
1838 2490
1839 2491
1840 2492
1841 2493
1842 2494
1843 2495
1844 2496
1845 2497
1846 2498
1847 2499
1848 2500
1849 2506
1850 2507
1851 2508
1852 2509
1853 2510
1854 2511
1855 2512
1856 2513
1857 2514
1858 2515
1859 2516
1860 2517
1861 2518
1862 2519
1863 2526
1864 2527
1865 2528
1866 2529
1867 2530
1868 2531
1869 2532
1870 2533
1871 2534
1872 2535
1873 2536
1874 2537
1875 2538
1876 2546
1877 2547
1878 2548
1879 2549
1880 2550
1881 2551
1882 2552
1883 2553
1884 2554
1885 2555
1886 2556
1887 2557
1888 2558
1889 2559
1890 2560
1891 2561
1892 2562
1893 2566
1894 2567
1895 2568
1896 2569
1897 2570
1898 2571
1899 2572
1900 2573
1901 2574
1902 2575
1903 2576
1904 2577
1905 2578
1906 2586
1907 2587
1908 2588
1909 2589
1910 2590
1911 2591
1912 2592
1913 2593
1914 2594
1915 2595
1916 2596
1917 2597
1918 2598
1919 2599
1920 2600
1921 2606
1922 2607
1923 2608
1924 2609
1925 2610
1926 2611
1927 2612
1928 2613
1929 2614
1930 2615
1931 2616
1932 2617
1933 2618
1934 2619
1935 2620
1936 2621
1937 2622
1938 2626
1939 2627
1940 2628
1941 2629
1942 2630
1943 2631
1944 2632
1945 2633
1946 2634
1947 2635
1948 2636
1949 2637
1950 2638
1951 2639
1952 2646
1953 2647
1954 2648
1955 2649
1956 2650
1957 2651
1958 2652
1959 2653
1960 2654
1961 2655
1962 2656
1963 2657
1964 2658
1965 2659
1966 2660
1967 2666
1968 2667
1969 2668
1970 2669
1971 2670
1972 2671
1973 2672
1974 2673
1975 2674
1976 2675
1977 2676
1978 2677
1979 2678
1980 2686
1981 2687
1982 2688
1983 2689
1984 2690
1985 2691
1986 2692
1987 2693
1988 2694
1989 2695
1990 2696
1991 2697
1992 2698
1993 2699
1994 2700
1995 2701
1996 2702
1997 2706
1998 2707
1999 2708
2000 2709
2001 2710
2002 2711
2003 2712
2004 2713
2005 2714
2006 2715
2007 2716
2008 2717
2009 2718
2010 2719
2011 2720
2012 2721
2013 2726
2014 2727
2015 2728
2016 2729
2017 2730
2018 2731
2019 2732
2020 2733
2021 2734
2022 2735
2023 2736
2024 2737
2025 2738
2026 2746
2027 2747
2028 2748
2029 2749
2030 2750
2031 2751
2032 2752
2033 2753
2034 2754
2035 2755
2036 2756
2037 2757
2038 2758
2039 2759
2040 2760
2041 2761
2042 2762
2043 2766
2044 2767
2045 2768
2046 2769
2047 2770
2048 2771
2049 2772
2050 2773
2051 2774
2052 2775
2053 2776
2054 2777
2055 2786
2056 2787
2057 2788
2058 2789
2059 2790
2060 2791
2061 2792
2062 2793
2063 2794
2064 2795
2065 2796
2066 2797
2067 2798
2068 2806
2069 2807
2070 2808
2071 2809
2072 2810
2073 2811
2074 2812
2075 2813
2076 2814
2077 2815
2078 2816
2079 2817
2080 2818
2081 2826
2082 2827
2083 2828
2084 2829
2085 2830
2086 2831
2087 2832
2088 2833
2089 2834
2090 2835
2091 2836
2092 2837
2093 2838
2094 2839
2095 2840
2096 2846
2097 2847
2098 2848
2099 2849
2100 2850
2101 2851
2102 2852
2103 2853
2104 2854
2105 2855
2106 2856
2107 2857
2108 2866
