0 0
1 1
2 2
3 3
4 4
5 5
6 6
7 15
8 16
9 17
10 18
11 19
12 20
13 21
14 22
15 23
16 24
17 25
18 35
19 36
20 37
21 38
22 39
23 40
24 41
25 42
26 43
27 44
28 55
29 56
30 57
31 58
32 59
33 60
34 61
35 62
36 63
37 64
38 65
39 66
40 75
41 76
42 77
43 78
44 79
45 80
46 81
47 82
48 83
49 84
50 85
51 86
52 87
53 88
54 89
55 90
56 95
57 96
58 97
59 98
60 99
61 100
62 101
63 102
64 115
65 116
66 117
67 118
68 119
69 120
70 121
71 122
72 123
73 124
74 125
75 135
76 136
77 137
78 138
79 139
80 140
81 141
82 142
83 143
84 155
85 156
86 157
87 158
88 159
89 160
90 161
91 162
92 163
93 175
94 176
95 177
96 178
97 179
98 180
99 181
100 182
101 183
102 195
103 196
104 197
105 198
106 199
107 200
108 201
109 202
110 203
111 215
112 216
113 217
114 218
115 219
116 220
117 221
118 222
119 223
120 224
121 225
122 235
123 236
124 237
125 238
126 239
127 240
128 241
129 242
130 243
131 244
132 245
133 246
134 247
135 255
136 256
137 257
138 258
139 259
140 260
141 261
142 262
143 263
144 264
145 265
146 266
147 267
148 268
149 269
150 270
151 275
152 276
153 277
154 278
155 279
156 280
157 281
158 282
159 283
160 284
161 295
162 296
163 297
164 298
165 299
166 300
167 301
168 302
169 303
170 304
171 305
172 306
173 307
174 308
175 315
176 316
177 317
178 318
179 319
180 320
181 321
182 322
183 323
184 324
185 325
186 335
187 336
188 337
189 338
190 339
191 340
192 341
193 342
194 343
195 344
196 345
197 346
198 347
199 355
200 356
201 357
202 358
203 359
204 360
205 361
206 362
207 363
208 364
209 365
210 366
211 367
212 375
213 376
214 377
215 378
216 379
217 380
218 381
219 382
220 383
221 384
222 385
223 386
224 387
225 388
226 395
227 396
228 397
229 398
230 399
231 400
232 401
233 402
234 403
235 404
236 405
237 406
238 407
239 408
240 409
241 410
242 411
243 415
244 416
245 417
246 418
247 419
248 420
249 421
250 422
251 423
252 424
253 425
254 426
255 427
256 428
257 435
258 436
259 437
260 438
261 439
262 440
263 441
264 455
265 456
266 457
267 458
268 459
269 460
270 461
271 462
272 463
273 464
274 465
275 466
276 467
277 475
278 476
279 477
280 478
281 479
282 480
283 481
284 482
285 483
286 484
287 485
288 495
289 496
290 497
291 498
292 499
293 500
294 501
295 502
296 503
297 504
298 505
299 515
300 516
301 517
302 518
303 519
304 520
305 521
306 522
307 523
308 524
309 525
310 526
311 527
312 528
313 529
314 530
315 535
316 536
317 537
318 538
319 539
320 540
321 541
322 542
323 543
324 544
325 545
326 546
327 555
328 556
329 557
330 558
331 559
332 560
333 561
334 562
335 563
336 564
337 565
338 575
339 576
340 577
341 578
342 579
343 580
344 581
345 582
346 583
347 584
348 585
349 595
350 596
351 597
352 598
353 599
354 600
355 601
356 602
357 603
358 604
359 605
360 615
361 616
362 617
363 618
364 619
365 620
366 621
367 622
368 623
369 624
370 625
371 635
372 636
373 637
374 638
375 639
376 640
377 641
378 642
379 643
380 655
381 656
382 657
383 658
384 659
385 660
386 661
387 662
388 675
389 676
390 677
391 678
392 679
393 680
394 681
395 682
396 683
397 684
398 685
399 686
400 687
401 688
402 695
403 696
404 697
405 698
406 699
407 700
408 701
409 702
410 703
411 704
412 715
413 716
414 717
415 718
416 719
417 720
418 721
419 722
420 723
421 724
422 735
423 736
424 737
425 738
426 739
427 740
428 741
429 742
430 743
431 744
432 745
433 746
434 755
435 756
436 757
437 758
438 759
439 760
440 761
441 762
442 763
443 764
444 775
445 776
446 777
447 778
448 779
449 780
450 781
451 782
452 783
453 795
454 796
455 797
456 798
457 799
458 800
459 801
460 802
461 803
462 804
463 805
464 815
465 816
466 817
467 818
468 819
469 820
470 821
471 822
472 823
473 824
474 835
475 836
476 837
477 838
478 839
479 840
480 841
481 842
482 843
483 844
484 845
485 846
486 855
487 856
488 857
489 858
490 859
491 860
492 861
493 862
494 863
495 864
496 865
497 866
498 867
499 875
500 876
501 877
502 878
503 879
504 880
505 881
506 882
507 883
508 895
509 896
510 897
511 898
512 899
513 900
514 901
515 902
516 903
517 904
518 915
519 916
520 917
521 918
522 919
523 920
524 921
525 922
526 935
527 936
528 937
529 955
530 956
531 957
532 958
533 959
534 960
535 975
536 976
537 977
538 978
539 979
540 980
541 981
542 982
543 983
544 984
545 985
546 995
547 996
548 997
549 998
550 999
551 1000
552 1001
553 1002
554 1003
555 1004
556 1005
557 1015
558 1016
559 1017
560 1018
561 1019
562 1020
563 1021
564 1035
565 1036
566 1037
567 1038
568 1039
569 1040
570 1041
571 1042
572 1043
573 1044
574 1045
575 1055
576 1056
577 1057
578 1058
579 1059
580 1060
581 1061
582 1062
583 1075
584 1076
585 1077
586 1078
587 1079
588 1080
589 1081
590 1082
591 1083
592 1084
593 1085
594 1086
595 1095
596 1096
597 1097
598 1098
599 1099
600 1100
601 1101
602 1102
603 1103
604 1104
605 1105
606 1115
607 1116
608 1117
609 1118
610 1119
611 1120
612 1121
613 1122
614 1123
615 1124
616 1125
617 1126
618 1127
619 1128
620 1135
621 1136
622 1137
623 1138
624 1139
625 1140
626 1141
627 1142
628 1155
629 1156
630 1157
631 1158
632 1159
633 1160
634 1161
635 1162
636 1163
637 1164
638 1165
639 1175
640 1176
641 1177
642 1178
643 1179
644 1180
645 1181
646 1182
647 1183
648 1195
649 1196
650 1197
651 1198
652 1199
653 1200
654 1201
655 1202
656 1203
657 1204
658 1205
659 1206
660 1207
661 1208
662 1215
663 1216
664 1217
665 1218
666 1219
667 1220
668 1221
669 1235
670 1236
671 1237
672 1238
673 1239
674 1240
675 1241
676 1242
677 1243
678 1255
679 1256
680 1257
681 1258
682 1259
683 1260
684 1261
685 1262
686 1263
687 1264
688 1265
689 1275
690 1276
691 1277
692 1278
693 1279
694 1280
695 1281
696 1282
697 1283
698 1284
699 1285
700 1286
701 1295
702 1296
703 1297
704 1298
705 1299
706 1300
707 1301
708 1302
709 1303
710 1304
711 1305
712 1306
713 1315
714 1316
715 1317
716 1318
717 1319
718 1320
719 1321
720 1322
721 1323
722 1324
723 1325
724 1335
725 1336
726 1337
727 1338
728 1339
729 1340
730 1341
731 1342
732 1343
733 1344
734 1345
735 1346
736 1355
737 1356
738 1357
739 1358
740 1359
741 1360
742 1361
743 1362
744 1363
745 1364
746 1365
747 1366
748 1367
749 1375
750 1376
751 1377
752 1378
753 1379
754 1380
755 1381
756 1382
757 1383
758 1384
759 1385
760 1386
761 1387
762 1388
763 1389
764 1395
765 1396
766 1397
767 1398
768 1399
769 1400
770 1401
771 1402
772 1415
773 1416
774 1417
775 1418
776 1419
777 1420
778 1421
779 1422
780 1423
781 1424
782 1425
783 1426
784 1427
785 1428
786 1429
787 1430
788 1435
789 1436
790 1437
791 1438
792 1439
793 1440
794 1441
795 1442
796 1443
797 1444
798 1445
799 1446
800 1447
801 1455
802 1456
803 1457
804 1458
805 1459
806 1460
807 1461
808 1462
809 1463
810 1464
811 1465
812 1466
813 1467
814 1468
815 1475
816 1476
817 1477
818 1478
819 1479
820 1480
821 1481
822 1482
823 1483
824 1484
825 1495
826 1496
827 1497
828 1498
829 1499
830 1500
831 1501
832 1502
833 1503
834 1504
835 1505
836 1515
837 1516
838 1517
839 1518
840 1519
841 1520
842 1521
843 1522
844 1523
845 1524
846 1525
847 1526
848 1535
849 1536
850 1537
851 1538
852 1539
853 1540
854 1541
855 1542
856 1543
857 1544
858 1545
859 1546
860 1547
861 1548
862 1549
863 1550
864 1555
865 1556
866 1557
867 1558
868 1559
869 1560
870 1561
871 1562
872 1563
873 1575
874 1576
875 1577
876 1578
877 1579
878 1580
879 1581
880 1582
881 1583
882 1584
883 1585
884 1586
885 1587
886 1595
887 1596
888 1597
889 1598
890 1599
891 1600
892 1601
893 1602
894 1603
895 1604
896 1605
897 1606
898 1615
899 1616
900 1617
901 1618
902 1619
903 1620
904 1621
905 1622
906 1623
907 1624
908 1625
909 1626
910 1627
911 1635
912 1636
913 1637
914 1638
915 1639
916 1640
917 1641
918 1642
919 1643
920 1644
921 1645
922 1646
923 1655
924 1656
925 1657
926 1658
927 1659
928 1660
929 1661
930 1662
931 1675
932 1676
933 1677
934 1678
935 1679
936 1680
937 1681
938 1682
939 1683
940 1684
941 1685
942 1695
943 1696
944 1697
945 1698
946 1699
947 1700
948 1701
949 1702
950 1703
951 1704
952 1715
953 1716
954 1717
955 1718
956 1719
957 1720
958 1721
959 1722
960 1723
961 1724
962 1725
963 1726
964 1727
965 1735
966 1736
967 1737
968 1738
969 1739
970 1740
971 1741
972 1742
973 1743
974 1755
975 1756
976 1757
977 1758
978 1759
979 1760
980 1761
981 1762
982 1763
983 1764
984 1765
985 1766
986 1775
987 1776
988 1777
989 1778
990 1779
991 1780
992 1781
993 1782
994 1783
995 1784
996 1785
997 1795
998 1796
999 1797
1000 1798
1001 1799
1002 1800
1003 1801
1004 1802
1005 1803
1006 1804
1007 1805
1008 1815
1009 1816
1010 1817
1011 1818
1012 1819
1013 1820
1014 1821
1015 1822
1016 1823
1017 1824
1018 1825
1019 1835
1020 1836
1021 1837
1022 1838
1023 1839
1024 1840
1025 1841
1026 1842
1027 1843
1028 1844
1029 1845
1030 1846
1031 1847
1032 1855
1033 1856
1034 1857
1035 1858
1036 1859
1037 1860
1038 1861
1039 1862
1040 1863
1041 1864
1042 1865
1043 1875
1044 1876
1045 1877
1046 1878
1047 1879
1048 1880
1049 1881
1050 1882
1051 1883
1052 1884
1053 1885
1054 1895
1055 1896
1056 1897
1057 1898
1058 1899
1059 1900
1060 1901
1061 1902
1062 1915
1063 1916
1064 1917
1065 1918
1066 1919
1067 1920
1068 1921
1069 1922
1070 1923
1071 1924
1072 1925
1073 1926
1074 1927
1075 1928
1076 1929
1077 1935
1078 1936
1079 1937
1080 1938
1081 1939
1082 1940
1083 1941
1084 1942
1085 1943
1086 1944
1087 1945
1088 1946
1089 1955
1090 1956
1091 1957
1092 1958
1093 1959
1094 1960
1095 1961
1096 1962
1097 1963
1098 1964
1099 1965
1100 1975
1101 1976
1102 1977
1103 1978
1104 1979
1105 1980
1106 1981
1107 1982
1108 1983
1109 1984
1110 1995
1111 1996
1112 1997
1113 1998
1114 1999
1115 2000
1116 2001
1117 2002
1118 2003
1119 2004
1120 2015
1121 2016
1122 2017
1123 2018
1124 2019
1125 2020
1126 2021
1127 2022
1128 2023
1129 2024
1130 2025
1131 2026
1132 2027
1133 2028
1134 2029
1135 2035
1136 2036
1137 2037
1138 2038
1139 2039
1140 2040
1141 2041
1142 2042
1143 2043
1144 2044
1145 2045
1146 2046
1147 2047
1148 2048
1149 2049
1150 2055
1151 2056
1152 2057
1153 2058
1154 2059
1155 2060
1156 2061
1157 2062
1158 2063
1159 2064
1160 2065
1161 2066
1162 2067
1163 2068
1164 2075
1165 2076
1166 2077
1167 2078
1168 2079
1169 2080
1170 2081
1171 2082
1172 2083
1173 2095
1174 2096
1175 2097
1176 2098
1177 2099
1178 2100
1179 2101
1180 2102
1181 2103
1182 2104
1183 2105
1184 2115
1185 2116
1186 2117
1187 2118
1188 2119
1189 2120
1190 2121
1191 2122
1192 2123
1193 2124
1194 2125
1195 2126
1196 2135
1197 2136
1198 2137
1199 2138
1200 2139
1201 2140
1202 2141
1203 2142
1204 2143
1205 2144
1206 2145
1207 2146
1208 2147
1209 2155
1210 2156
1211 2157
1212 2158
1213 2159
1214 2160
1215 2161
1216 2162
1217 2163
1218 2164
1219 2165
1220 2175
1221 2176
1222 2177
1223 2178
1224 2179
1225 2180
1226 2181
1227 2182
1228 2183
1229 2184
1230 2185
1231 2195
1232 2196
1233 2197
1234 2198
1235 2199
1236 2200
1237 2201
1238 2202
1239 2203
1240 2204
1241 2205
1242 2206
1243 2215
1244 2216
1245 2217
1246 2218
1247 2219
1248 2220
1249 2221
1250 2222
1251 2223
1252 2224
1253 2225
1254 2235
1255 2236
1256 2237
1257 2238
1258 2239
1259 2240
1260 2241
1261 2242
1262 2243
1263 2244
1264 2245
1265 2246
1266 2247
1267 2255
1268 2256
1269 2257
1270 2258
1271 2259
1272 2260
1273 2261
1274 2262
1275 2263
1276 2264
1277 2265
1278 2266
1279 2267
1280 2268
1281 2269
1282 2275
1283 2276
1284 2277
1285 2278
1286 2279
1287 2280
1288 2281
1289 2282
1290 2283
1291 2284
1292 2285
1293 2286
1294 2295
1295 2296
1296 2297
1297 2298
1298 2299
1299 2300
1300 2301
1301 2302
1302 2303
1303 2304
1304 2305
1305 2306
1306 2307
1307 2308
1308 2315
1309 2316
1310 2317
1311 2318
1312 2319
1313 2320
1314 2321
1315 2322
1316 2323
1317 2324
1318 2325
1319 2326
1320 2327
1321 2335
1322 2336
1323 2337
1324 2338
1325 2339
1326 2340
1327 2341
1328 2342
1329 2343
1330 2344
1331 2345
1332 2346
1333 2347
1334 2348
1335 2349
1336 2350
1337 2351
1338 2355
1339 2356
1340 2357
1341 2358
1342 2359
1343 2360
1344 2361
1345 2362
1346 2363
1347 2364
1348 2375
1349 2376
1350 2377
1351 2378
1352 2379
1353 2380
1354 2381
1355 2382
1356 2383
1357 2395
1358 2396
1359 2397
1360 2398
1361 2399
1362 2400
1363 2401
1364 2402
1365 2403
1366 2404
1367 2405
1368 2415
1369 2416
1370 2417
1371 2418
1372 2419
1373 2420
1374 2421
1375 2422
1376 2423
1377 2424
1378 2425
1379 2435
1380 2436
1381 2437
1382 2438
1383 2439
1384 2440
1385 2441
1386 2442
1387 2443
1388 2444
1389 2445
1390 2446
1391 2447
1392 2448
1393 2455
1394 2456
1395 2457
1396 2458
1397 2459
1398 2460
1399 2461
1400 2462
1401 2463
1402 2464
1403 2465
1404 2466
1405 2467
1406 2468
1407 2469
1408 2470
1409 2475
1410 2476
1411 2477
1412 2478
1413 2479
1414 2480
1415 2481
1416 2482
1417 2483
1418 2484
1419 2485
1420 2486
1421 2487
1422 2488
1423 2495
1424 2496
1425 2497
1426 2498
1427 2499
1428 2500
1429 2501
1430 2502
1431 2503
1432 2504
1433 2505
1434 2506
1435 2515
1436 2516
1437 2517
1438 2518
1439 2519
1440 2520
1441 2521
1442 2522
1443 2523
1444 2524
1445 2525
1446 2535
1447 2536
1448 2537
1449 2538
1450 2539
1451 2540
1452 2541
1453 2542
1454 2543
1455 2544
1456 2545
1457 2546
1458 2555
1459 2556
1460 2557
1461 2558
1462 2559
1463 2560
1464 2561
1465 2562
1466 2563
1467 2564
1468 2565
1469 2566
1470 2567
1471 2575
1472 2576
1473 2577
1474 2578
1475 2579
1476 2580
1477 2581
1478 2582
1479 2583
1480 2584
1481 2585
1482 2586
1483 2587
1484 2595
1485 2596
1486 2597
1487 2598
1488 2599
1489 2600
1490 2601
1491 2602
1492 2603
1493 2604
1494 2605
1495 2606
1496 2607
1497 2608
1498 2615
1499 2616
1500 2617
1501 2618
1502 2619
1503 2620
1504 2621
1505 2622
1506 2623
1507 2624
1508 2625
1509 2626
1510 2627
1511 2635
1512 2636
1513 2637
1514 2638
1515 2639
1516 2640
1517 2641
1518 2642
1519 2643
1520 2644
1521 2645
1522 2646
1523 2647
1524 2648
1525 2655
1526 2656
1527 2657
1528 2658
1529 2659
1530 2660
1531 2661
1532 2662
1533 2663
1534 2664
1535 2665
1536 2666
1537 2667
1538 2668
1539 2669
1540 2675
1541 2676
1542 2677
1543 2678
1544 2679
1545 2680
1546 2681
1547 2682
1548 2683
1549 2684
1550 2685
1551 2686
1552 2687
1553 2695
1554 2696
1555 2697
1556 2698
1557 2699
1558 2700
1559 2701
1560 2702
1561 2703
1562 2704
1563 2705
1564 2706
1565 2715
1566 2716
1567 2717
1568 2718
1569 2719
1570 2720
1571 2721
1572 2722
1573 2723
1574 2724
1575 2725
1576 2726
1577 2727
1578 2728
1579 2729
1580 2730
1581 2731
1582 2732
1583 2735
1584 2736
1585 2737
1586 2738
1587 2739
1588 2740
1589 2741
1590 2742
1591 2743
1592 2744
1593 2745
1594 2746
1595 2747
1596 2748
1597 2749
1598 2755
1599 2756
1600 2757
1601 2758
1602 2759
1603 2760
1604 2761
1605 2762
1606 2763
1607 2764
1608 2765
1609 2766
1610 2767
1611 2768
1612 2769
1613 2775
1614 2776
1615 2777
1616 2778
1617 2779
1618 2780
1619 2781
1620 2782
1621 2783
1622 2784
1623 2785
1624 2786
1625 2787
1626 2788
1627 2795
1628 2796
1629 2797
1630 2798
1631 2799
1632 2800
1633 2801
1634 2802
1635 2803
1636 2804
1637 2805
1638 2815
1639 2816
1640 2817
1641 2818
1642 2819
1643 2820
1644 2821
1645 2822
1646 2823
1647 2824
1648 2825
1649 2826
1650 2827
1651 2828
1652 2829
1653 2830
1654 2835
1655 2836
1656 2837
1657 2838
1658 2839
1659 2840
1660 2841
1661 2842
1662 2843
1663 2855
1664 2856
1665 2857
1666 2858
1667 2859
1668 2860
1669 2861
1670 2862
1671 2863
1672 2864
1673 2865
1674 2866
1675 2867
1676 2868
1677 2869
1678 2875
1679 2876
1680 2877
1681 2878
1682 2879
1683 2880
1684 2881
1685 2882
1686 2883
1687 2884
1688 2885
1689 2895
1690 2896
1691 2897
1692 2898
1693 2899
1694 2900
1695 2901
1696 2902
1697 2903
1698 2904
1699 2905
1700 2906
1701 2915
1702 2916
1703 2917
1704 2918
1705 2919
1706 2920
1707 2921
1708 2922
1709 2923
1710 2924
1711 2925
1712 2926
1713 2927
1714 2935
1715 2936
1716 2937
1717 2938
1718 2939
1719 2940
1720 2941
1721 2942
1722 2943
1723 2944
1724 2945
1725 2946
1726 2955
1727 2956
1728 2957
1729 2958
1730 2959
1731 2960
1732 2961
1733 2962
1734 2963
1735 2964
1736 2965
1737 2966
1738 2967
1739 2975
1740 2976
1741 2977
1742 2978
1743 2979
1744 2980
1745 2981
1746 2982
1747 2983
1748 2984
1749 2985
1750 2986
1751 2987
1752 2988
1753 2995
1754 2996
1755 2997
1756 2998
1757 2999
1758 3000
1759 3001
1760 3002
1761 3003
1762 3004
1763 3005
1764 3006
1765 3007
1766 3008
1767 3015
1768 3016
1769 3017
1770 3018
1771 3019
1772 3020
1773 3021
1774 3022
1775 3023
1776 3024
1777 3025
1778 3035
1779 3036
1780 3037
1781 3038
1782 3039
1783 3040
1784 3041
1785 3042
1786 3043
1787 3055
1788 3056
1789 3057
1790 3058
1791 3059
1792 3060
1793 3061
1794 3062
1795 3063
1796 3064
1797 3065
1798 3066
1799 3067
1800 3068
1801 3075
1802 3076
1803 3077
1804 3078
1805 3079
1806 3080
1807 3081
1808 3095
1809 3096
1810 3097
1811 3098
1812 3099
1813 3100
1814 3101
1815 3102
1816 3103
1817 3104
1818 3105
1819 3115
1820 3116
1821 3117
1822 3118
1823 3119
1824 3120
1825 3121
1826 3122
1827 3123
1828 3124
1829 3125
1830 3126
1831 3127
1832 3128
1833 3135
1834 3136
1835 3137
1836 3138
1837 3139
1838 3140
1839 3141
1840 3155
1841 3156
1842 3157
1843 3158
1844 3159
1845 3160
1846 3161
1847 3162
1848 3175
1849 3176
1850 3177
1851 3178
1852 3179
1853 3180
1854 3181
1855 3182
1856 3183
1857 3184
1858 3185
1859 3195
1860 3196
1861 3197
1862 3198
1863 3199
1864 3200
1865 3201
1866 3202
1867 3203
1868 3204
1869 3205
1870 3206
1871 3215
1872 3216
1873 3217
1874 3218
1875 3219
1876 3220
1877 3221
1878 3222
1879 3223
1880 3224
1881 3225
1882 3226
1883 3227
1884 3228
1885 3235
1886 3236
1887 3237
1888 3238
1889 3239
1890 3240
1891 3241
1892 3242
1893 3243
1894 3244
1895 3245
1896 3255
1897 3256
1898 3257
1899 3258
1900 3259
1901 3260
1902 3261
1903 3262
1904 3263
1905 3264
1906 3275
1907 3276
1908 3277
1909 3278
1910 3279
1911 3280
1912 3281
1913 3282
1914 3283
1915 3284
1916 3285
1917 3286
1918 3287
1919 3288
1920 3295
1921 3296
1922 3297
1923 3298
1924 3299
1925 3300
1926 3301
1927 3302
1928 3303
1929 3304
1930 3305
1931 3306
1932 3315
1933 3316
1934 3317
1935 3318
1936 3319
1937 3320
1938 3321
1939 3322
1940 3323
1941 3324
1942 3325
1943 3326
1944 3327
1945 3335
1946 3336
1947 3337
1948 3338
1949 3339
1950 3340
1951 3341
1952 3342
1953 3343
1954 3355
1955 3356
1956 3357
1957 3358
1958 3359
1959 3360
1960 3361
1961 3362
1962 3363
1963 3364
1964 3375
1965 3376
1966 3377
1967 3378
1968 3379
1969 3380
1970 3381
1971 3382
1972 3383
1973 3384
1974 3385
1975 3386
1976 3387
1977 3388
1978 3395
1979 3396
1980 3397
1981 3398
1982 3399
1983 3400
1984 3401
1985 3402
1986 3403
1987 3404
1988 3405
1989 3406
1990 3407
1991 3408
1992 3415
1993 3416
1994 3417
1995 3418
1996 3419
1997 3420
1998 3421
1999 3422
2000 3423
2001 3424
2002 3435
2003 3436
2004 3437
2005 3438
2006 3439
2007 3440
2008 3441
2009 3442
2010 3443
2011 3444
2012 3445
2013 3446
2014 3455
2015 3456
2016 3457
2017 3458
2018 3459
2019 3460
2020 3461
2021 3462
2022 3463
2023 3464
2024 3465
2025 3466
2026 3467
2027 3468
2028 3475
2029 3476
2030 3477
2031 3478
2032 3479
2033 3480
2034 3481
2035 3482
2036 3495
2037 3496
2038 3497
2039 3498
2040 3499
2041 3500
2042 3501
2043 3502
2044 3515
2045 3516
2046 3517
2047 3518
2048 3519
2049 3520
2050 3521
2051 3522
2052 3523
2053 3524
2054 3525
2055 3535
2056 3536
2057 3537
2058 3538
2059 3539
2060 3540
2061 3541
2062 3542
2063 3543
2064 3555
2065 3556
2066 3557
2067 3558
2068 3559
2069 3560
2070 3561
2071 3562
2072 3563
2073 3564
2074 3565
2075 3566
2076 3575
2077 3576
2078 3577
2079 3578
2080 3579
2081 3580
2082 3581
2083 3582
2084 3583
2085 3595
2086 3596
2087 3597
2088 3598
2089 3599
2090 3600
2091 3601
2092 3602
2093 3603
2094 3604
2095 3605
2096 3606
2097 3615
2098 3616
2099 3617
2100 3618
2101 3619
2102 3620
2103 3621
2104 3622
2105 3623
2106 3624
2107 3635
2108 3636
2109 3637
2110 3638
2111 3639
2112 3640
2113 3641
2114 3642
2115 3643
2116 3644
2117 3655
2118 3656
2119 3657
2120 3658
2121 3659
2122 3660
2123 3661
2124 3662
2125 3663
2126 3664
2127 3665
2128 3666
2129 3667
2130 3668
2131 3669
2132 3670
2133 3675
2134 3676
2135 3677
2136 3678
2137 3679
2138 3680
2139 3681
2140 3682
2141 3683
2142 3684
2143 3685
2144 3686
2145 3687
2146 3688
2147 3689
2148 3690
2149 3695
2150 3696
2151 3697
2152 3698
2153 3699
2154 3700
2155 3701
2156 3702
2157 3703
2158 3704
2159 3705
2160 3715
2161 3716
2162 3717
2163 3718
2164 3719
2165 3720
2166 3721
2167 3722
2168 3723
2169 3724
2170 3725
2171 3726
2172 3727
2173 3728
2174 3729
2175 3735
2176 3736
2177 3737
2178 3738
2179 3739
2180 3740
2181 3741
2182 3742
2183 3743
2184 3744
2185 3745
2186 3746
2187 3747
2188 3755
2189 3756
2190 3757
2191 3758
2192 3759
2193 3760
2194 3761
2195 3762
2196 3763
2197 3764
2198 3765
2199 3766
2200 3775
2201 3776
2202 3777
2203 3778
2204 3779
2205 3780
2206 3781
2207 3782
2208 3783
2209 3784
2210 3785
2211 3795
2212 3796
2213 3797
2214 3798
2215 3799
2216 3800
2217 3801
2218 3802
2219 3803
2220 3815
2221 3816
2222 3817
2223 3818
2224 3819
2225 3820
2226 3821
2227 3822
2228 3823
2229 3824
2230 3825
2231 3826
2232 3827
2233 3828
2234 3835
2235 3836
2236 3837
2237 3838
2238 3839
2239 3840
2240 3841
2241 3842
2242 3855
2243 3856
2244 3857
2245 3858
2246 3859
2247 3860
2248 3861
2249 3862
2250 3863
2251 3864
2252 3865
2253 3866
2254 3867
2255 3868
2256 3875
2257 3876
2258 3877
2259 3878
2260 3879
2261 3880
2262 3881
2263 3882
2264 3883
2265 3884
2266 3885
2267 3895
2268 3896
2269 3897
2270 3898
2271 3899
2272 3900
2273 3915
2274 3916
2275 3917
2276 3918
2277 3919
2278 3920
2279 3921
2280 3922
2281 3935
2282 3936
2283 3937
2284 3938
2285 3939
2286 3940
2287 3941
2288 3942
2289 3943
2290 3944
2291 3945
2292 3946
2293 3947
2294 3948
2295 3955
2296 3956
2297 3957
2298 3958
2299 3959
2300 3960
2301 3961
2302 3962
2303 3963
2304 3964
2305 3965
2306 3966
2307 3967
2308 3968
2309 3975
2310 3976
2311 3977
2312 3978
2313 3979
2314 3980
2315 3981
2316 3982
2317 3983
2318 3984
2319 3985
2320 3986
2321 3987
2322 3988
2323 3995
2324 3996
2325 3997
2326 3998
2327 3999
2328 4000
2329 4001
2330 4002
2331 4003
2332 4015
2333 4016
2334 4017
2335 4018
2336 4019
2337 4020
2338 4021
2339 4022
2340 4023
2341 4024
2342 4025
2343 4026
2344 4027
2345 4028
2346 4029
2347 4035
2348 4036
2349 4037
2350 4038
2351 4039
2352 4040
2353 4041
2354 4042
2355 4043
2356 4044
2357 4045
2358 4046
2359 4055
2360 4056
2361 4057
2362 4058
2363 4059
2364 4060
2365 4061
2366 4062
2367 4063
2368 4064
2369 4065
2370 4066
2371 4075
2372 4076
2373 4077
2374 4078
2375 4079
2376 4080
2377 4081
2378 4082
2379 4083
2380 4095
2381 4096
2382 4097
2383 4098
2384 4099
2385 4100
2386 4101
2387 4102
2388 4115
2389 4116
2390 4117
2391 4118
2392 4119
2393 4120
2394 4121
2395 4122
2396 4135
2397 4136
2398 4137
2399 4138
2400 4139
2401 4140
2402 4141
2403 4142
2404 4143
2405 4144
2406 4155
2407 4156
2408 4157
2409 4158
2410 4159
2411 4160
2412 4161
2413 4162
2414 4163
2415 4164
2416 4165
2417 4166
2418 4167
2419 4175
2420 4176
2421 4177
2422 4178
2423 4179
2424 4180
2425 4181
2426 4182
2427 4195
2428 4196
2429 4197
2430 4198
2431 4199
2432 4200
2433 4201
2434 4202
2435 4203
2436 4204
2437 4205
2438 4215
2439 4216
2440 4217
2441 4218
2442 4219
2443 4220
2444 4221
2445 4235
2446 4236
2447 4237
2448 4238
2449 4239
2450 4240
2451 4241
2452 4242
2453 4243
2454 4244
2455 4245
2456 4246
2457 4247
2458 4255
2459 4256
2460 4257
2461 4258
2462 4259
2463 4260
2464 4261
2465 4262
2466 4263
2467 4264
2468 4265
2469 4266
2470 4267
2471 4275
2472 4276
2473 4277
2474 4278
2475 4279
2476 4280
2477 4281
2478 4295
2479 4296
2480 4297
2481 4298
2482 4299
2483 4300
2484 4301
2485 4302
2486 4303
2487 4304
2488 4305
2489 4306
2490 4307
2491 4308
2492 4315
2493 4316
2494 4317
2495 4318
2496 4319
2497 4320
2498 4321
2499 4322
2500 4323
2501 4324
2502 4325
2503 4326
2504 4327
2505 4328
2506 4335
2507 4336
2508 4337
2509 4338
2510 4339
2511 4340
2512 4341
2513 4342
2514 4343
2515 4344
2516 4345
2517 4346
2518 4347
2519 4355
2520 4356
2521 4357
2522 4358
2523 4359
2524 4360
2525 4361
2526 4362
2527 4363
2528 4364
2529 4365
2530 4366
2531 4375
2532 4376
2533 4377
2534 4378
2535 4379
2536 4380
2537 4381
2538 4382
2539 4383
2540 4384
2541 4395
2542 4396
2543 4397
2544 4398
2545 4399
2546 4400
2547 4401
2548 4402
2549 4415
2550 4416
2551 4417
2552 4418
2553 4419
2554 4420
2555 4421
2556 4422
2557 4423
2558 4424
2559 4425
2560 4426
2561 4427
2562 4435
2563 4436
2564 4437
2565 4438
2566 4439
2567 4440
2568 4441
2569 4442
2570 4443
2571 4444
2572 4445
2573 4455
2574 4456
2575 4457
2576 4458
2577 4459
2578 4460
2579 4461
2580 4462
2581 4463
2582 4464
2583 4475
2584 4476
2585 4477
2586 4478
2587 4479
2588 4480
2589 4481
2590 4482
2591 4483
2592 4495
2593 4496
2594 4497
2595 4498
2596 4499
2597 4500
2598 4501
2599 4502
2600 4515
2601 4516
2602 4517
2603 4518
2604 4519
2605 4520
2606 4521
2607 4522
2608 4523
2609 4524
2610 4525
2611 4526
2612 4527
2613 4535
2614 4536
2615 4537
2616 4538
2617 4539
2618 4540
2619 4541
2620 4542
2621 4543
2622 4555
2623 4556
2624 4557
2625 4558
2626 4559
2627 4560
2628 4561
2629 4562
2630 4563
2631 4564
2632 4565
2633 4575
2634 4576
2635 4577
2636 4578
2637 4579
2638 4580
2639 4581
2640 4582
2641 4583
2642 4595
2643 4596
2644 4597
2645 4598
2646 4599
2647 4600
2648 4601
2649 4602
2650 4615
2651 4616
2652 4617
2653 4618
2654 4619
2655 4620
2656 4621
2657 4622
2658 4623
2659 4624
2660 4635
2661 4636
2662 4637
2663 4638
2664 4639
2665 4640
2666 4641
2667 4642
2668 4655
2669 4656
2670 4657
2671 4658
2672 4659
2673 4660
2674 4661
2675 4662
2676 4663
2677 4664
2678 4675
2679 4676
2680 4677
2681 4678
2682 4679
2683 4695
2684 4696
2685 4697
2686 4698
2687 4699
2688 4700
2689 4701
2690 4702
2691 4703
2692 4715
2693 4716
2694 4717
2695 4718
2696 4719
2697 4720
2698 4721
2699 4722
2700 4723
2701 4724
2702 4725
2703 4726
2704 4727
2705 4735
2706 4736
2707 4737
2708 4738
2709 4739
2710 4740
2711 4741
2712 4742
2713 4743
2714 4744
2715 4745
2716 4746
2717 4747
2718 4748
2719 4749
2720 4750
2721 4751
2722 4752
2723 4755
2724 4756
2725 4757
2726 4758
2727 4759
2728 4760
2729 4761
2730 4762
2731 4763
2732 4764
2733 4765
2734 4766
2735 4767
2736 4768
2737 4775
2738 4776
2739 4777
2740 4778
2741 4779
2742 4780
2743 4781
2744 4782
2745 4783
2746 4784
2747 4785
2748 4795
2749 4796
2750 4797
2751 4798
2752 4799
2753 4800
2754 4801
2755 4802
2756 4803
2757 4804
2758 4805
2759 4806
2760 4807
2761 4815
2762 4816
2763 4817
2764 4818
2765 4819
2766 4820
2767 4821
2768 4822
2769 4823
2770 4824
2771 4825
2772 4826
2773 4827
2774 4828
2775 4829
2776 4835
2777 4836
2778 4837
2779 4838
2780 4839
2781 4840
2782 4841
2783 4842
2784 4843
2785 4844
2786 4845
2787 4846
2788 4847
2789 4855
2790 4856
2791 4857
2792 4858
2793 4859
2794 4860
2795 4861
2796 4862
2797 4863
2798 4864
2799 4865
2800 4866
2801 4875
2802 4876
2803 4877
2804 4878
2805 4879
2806 4880
2807 4881
2808 4882
2809 4883
2810 4884
2811 4895
2812 4896
2813 4897
2814 4898
2815 4899
2816 4900
2817 4901
2818 4902
2819 4903
2820 4904
2821 4905
2822 4906
2823 4915
2824 4916
2825 4917
2826 4918
2827 4919
2828 4920
2829 4921
2830 4922
2831 4923
2832 4924
2833 4925
2834 4926
2835 4927
2836 4928
2837 4935
2838 4936
2839 4937
2840 4955
2841 4956
2842 4957
2843 4958
2844 4959
2845 4960
2846 4961
2847 4962
2848 4963
2849 4964
2850 4965
2851 4966
2852 4967
2853 4968
2854 4975
2855 4976
2856 4977
2857 4978
2858 4979
2859 4980
2860 4981
2861 4982
2862 4983
2863 4984
2864 4985
2865 4986
2866 4987
2867 4988
2868 4989
2869 4990
2870 4995
2871 4996
2872 4997
2873 4998
2874 4999
2875 5000
2876 5001
2877 5002
2878 5003
2879 5004
2880 5005
2881 5006
2882 5015
2883 5016
2884 5017
2885 5018
2886 5019
2887 5020
2888 5021
2889 5022
2890 5023
2891 5024
2892 5025
2893 5026
2894 5027
2895 5028
2896 5029
2897 5035
2898 5036
2899 5037
2900 5038
2901 5039
2902 5040
2903 5041
2904 5042
2905 5043
2906 5044
2907 5045
2908 5046
2909 5047
2910 5048
2911 5055
2912 5056
2913 5057
2914 5058
2915 5059
2916 5060
2917 5061
2918 5062
2919 5063
2920 5064
2921 5065
2922 5066
2923 5067
2924 5068
2925 5069
2926 5070
2927 5075
2928 5076
2929 5077
2930 5078
2931 5079
2932 5080
2933 5081
2934 5082
2935 5083
2936 5084
2937 5085
2938 5086
2939 5087
2940 5088
2941 5095
2942 5096
2943 5097
2944 5098
2945 5099
2946 5100
2947 5101
2948 5102
2949 5103
2950 5104
2951 5105
2952 5106
2953 5107
2954 5108
2955 5115
2956 5116
2957 5117
2958 5118
2959 5119
2960 5120
2961 5121
2962 5122
2963 5123
2964 5124
2965 5135
2966 5136
2967 5137
2968 5138
2969 5139
2970 5140
2971 5141
2972 5142
2973 5143
2974 5144
2975 5145
2976 5146
2977 5147
2978 5148
2979 5155
2980 5156
2981 5157
2982 5158
2983 5159
2984 5160
2985 5161
2986 5162
2987 5163
2988 5164
2989 5165
2990 5166
2991 5167
2992 5168
2993 5175
2994 5176
2995 5177
2996 5178
2997 5179
2998 5180
2999 5181
3000 5182
3001 5183
3002 5184
3003 5185
3004 5186
3005 5187
3006 5195
3007 5196
3008 5197
3009 5198
3010 5199
3011 5200
3012 5201
3013 5202
3014 5203
3015 5204
3016 5205
3017 5206
3018 5207
3019 5208
3020 5215
3021 5216
3022 5217
3023 5218
3024 5219
3025 5220
3026 5221
3027 5222
3028 5223
3029 5224
3030 5225
3031 5226
3032 5227
3033 5235
3034 5236
3035 5237
3036 5238
3037 5239
3038 5240
3039 5241
3040 5242
3041 5243
3042 5244
3043 5245
3044 5246
3045 5247
3046 5248
3047 5255
3048 5256
3049 5257
3050 5258
3051 5259
3052 5260
3053 5261
3054 5262
3055 5263
3056 5264
3057 5265
3058 5266
3059 5267
3060 5268
3061 5269
3062 5270
3063 5275
3064 5276
3065 5277
3066 5278
3067 5279
3068 5280
3069 5281
3070 5282
3071 5283
3072 5284
3073 5285
3074 5286
3075 5287
3076 5295
3077 5296
3078 5297
3079 5298
3080 5299
3081 5300
3082 5301
3083 5302
3084 5303
3085 5304
3086 5305
3087 5306
3088 5307
3089 5308
3090 5309
3091 5315
3092 5316
3093 5317
3094 5318
3095 5319
3096 5320
3097 5321
3098 5322
3099 5323
3100 5324
3101 5325
3102 5326
3103 5327
3104 5328
3105 5329
3106 5335
3107 5336
3108 5337
3109 5338
3110 5339
3111 5340
3112 5341
3113 5342
3114 5343
3115 5344
3116 5345
3117 5346
3118 5355
3119 5356
3120 5357
3121 5358
3122 5359
3123 5360
3124 5361
3125 5362
3126 5363
3127 5364
3128 5365
3129 5366
3130 5367
3131 5375
3132 5376
3133 5377
3134 5378
3135 5379
3136 5380
3137 5381
3138 5382
3139 5383
3140 5384
3141 5385
3142 5386
3143 5387
3144 5388
3145 5395
3146 5396
3147 5397
3148 5398
3149 5399
3150 5400
3151 5401
3152 5402
3153 5403
3154 5404
3155 5405
3156 5415
3157 5416
3158 5417
3159 5418
3160 5419
3161 5420
3162 5421
3163 5422
3164 5423
3165 5424
3166 5425
3167 5426
3168 5427
3169 5428
3170 5429
3171 5430
3172 5435
3173 5436
3174 5437
3175 5438
3176 5439
3177 5440
3178 5441
3179 5442
3180 5443
3181 5444
3182 5445
3183 5446
3184 5447
3185 5448
3186 5449
3187 5450
3188 5455
3189 5456
3190 5457
3191 5458
3192 5459
3193 5460
3194 5475
3195 5476
3196 5477
3197 5478
3198 5479
3199 5480
3200 5481
3201 5482
3202 5483
3203 5484
3204 5485
3205 5486
3206 5487
3207 5495
3208 5496
3209 5497
3210 5498
3211 5499
3212 5500
3213 5501
3214 5515
3215 5516
3216 5517
3217 5518
3218 5519
3219 5520
3220 5521
3221 5522
3222 5523
3223 5524
3224 5535
3225 5536
3226 5537
3227 5538
3228 5539
3229 5540
3230 5541
3231 5542
3232 5543
3233 5544
3234 5545
3235 5555
3236 5556
3237 5557
3238 5558
3239 5559
3240 5560
3241 5561
3242 5562
3243 5575
3244 5576
3245 5577
3246 5578
3247 5579
3248 5580
3249 5581
3250 5582
3251 5583
3252 5584
3253 5585
3254 5595
3255 5596
3256 5597
3257 5598
3258 5599
3259 5600
3260 5601
3261 5602
3262 5603
3263 5604
3264 5605
3265 5606
3266 5607
3267 5608
3268 5609
3269 5610
3270 5615
3271 5616
3272 5617
3273 5618
3274 5619
3275 5620
3276 5621
3277 5622
3278 5635
3279 5636
3280 5637
3281 5638
3282 5639
3283 5640
3284 5655
3285 5656
3286 5657
3287 5658
3288 5659
3289 5660
3290 5661
3291 5662
3292 5663
3293 5664
3294 5665
3295 5666
3296 5667
3297 5668
3298 5669
3299 5670
3300 5675
3301 5676
3302 5677
3303 5678
3304 5679
3305 5680
3306 5681
3307 5682
3308 5683
3309 5684
3310 5685
3311 5686
3312 5687
3313 5688
3314 5695
3315 5696
3316 5697
3317 5698
3318 5699
3319 5700
3320 5701
3321 5702
3322 5703
3323 5704
3324 5705
3325 5706
3326 5707
3327 5708
3328 5709
3329 5710
3330 5711
3331 5712
3332 5715
3333 5716
3334 5717
3335 5718
3336 5719
3337 5720
3338 5721
3339 5722
3340 5723
3341 5724
3342 5725
3343 5726
3344 5727
3345 5735
3346 5736
3347 5737
3348 5738
3349 5739
3350 5740
3351 5741
3352 5742
3353 5743
3354 5744
3355 5745
3356 5746
3357 5755
3358 5756
3359 5757
3360 5758
3361 5759
3362 5760
3363 5761
3364 5762
3365 5763
3366 5764
3367 5765
3368 5766
3369 5767
3370 5768
3371 5769
3372 5775
3373 5776
3374 5777
3375 5778
3376 5779
3377 5780
3378 5781
3379 5782
3380 5783
3381 5784
3382 5785
3383 5795
3384 5796
3385 5797
3386 5798
3387 5799
3388 5800
3389 5801
3390 5802
3391 5803
3392 5804
3393 5805
3394 5806
3395 5807
3396 5808
3397 5809
3398 5815
3399 5816
3400 5817
3401 5818
3402 5819
3403 5820
3404 5821
3405 5822
3406 5823
3407 5824
3408 5825
3409 5826
3410 5827
3411 5835
3412 5836
3413 5837
3414 5838
3415 5839
3416 5840
3417 5841
3418 5842
3419 5843
3420 5844
3421 5845
3422 5855
3423 5856
3424 5857
3425 5858
3426 5859
3427 5860
3428 5861
3429 5862
3430 5863
3431 5864
3432 5865
3433 5866
3434 5867
3435 5868
3436 5869
3437 5870
3438 5871
3439 5875
3440 5876
3441 5877
3442 5878
3443 5879
3444 5880
3445 5881
3446 5882
3447 5883
3448 5884
3449 5885
3450 5895
3451 5896
3452 5897
3453 5898
3454 5899
3455 5900
3456 5901
3457 5902
3458 5903
3459 5904
3460 5905
3461 5906
3462 5907
3463 5915
3464 5916
3465 5917
3466 5918
3467 5919
3468 5920
3469 5921
3470 5922
3471 5923
3472 5924
3473 5925
3474 5926
3475 5927
3476 5935
3477 5936
3478 5937
3479 5938
3480 5939
3481 5940
3482 5941
3483 5942
3484 5955
3485 5956
3486 5957
3487 5958
3488 5959
3489 5960
3490 5961
3491 5962
3492 5963
3493 5964
3494 5965
3495 5966
3496 5975
3497 5976
3498 5977
3499 5978
3500 5979
3501 5980
3502 5981
3503 5982
3504 5983
3505 5984
3506 5985
3507 5986
3508 5987
3509 5988
3510 5995
3511 5996
3512 5997
3513 5998
3514 5999
3515 6000
3516 6001
3517 6002
3518 6003
3519 6004
3520 6015
3521 6016
3522 6017
3523 6018
3524 6019
3525 6020
3526 6021
3527 6022
3528 6023
3529 6024
3530 6025
3531 6026
3532 6027
3533 6028
3534 6035
3535 6036
3536 6037
3537 6038
3538 6039
3539 6040
3540 6041
3541 6042
3542 6043
3543 6055
3544 6056
3545 6057
3546 6058
3547 6059
3548 6060
3549 6061
3550 6062
3551 6075
3552 6076
3553 6077
3554 6078
3555 6079
3556 6080
3557 6081
3558 6082
3559 6083
3560 6084
3561 6085
3562 6095
3563 6096
3564 6097
3565 6098
3566 6099
3567 6100
3568 6101
3569 6102
3570 6115
3571 6116
3572 6117
3573 6118
3574 6119
3575 6120
3576 6121
3577 6122
3578 6123
3579 6124
3580 6125
3581 6126
3582 6135
3583 6136
3584 6137
3585 6138
3586 6139
3587 6140
3588 6141
3589 6142
3590 6143
3591 6144
3592 6145
3593 6146
3594 6147
3595 6155
3596 6156
3597 6157
3598 6158
3599 6159
3600 6160
3601 6161
3602 6162
3603 6163
3604 6164
3605 6165
3606 6166
3607 6167
3608 6168
3609 6175
3610 6176
3611 6177
3612 6178
3613 6179
3614 6180
3615 6181
3616 6182
3617 6183
3618 6184
3619 6185
3620 6186
3621 6187
3622 6188
3623 6189
3624 6190
3625 6195
3626 6196
3627 6197
3628 6198
3629 6199
3630 6200
3631 6201
3632 6202
3633 6203
3634 6204
3635 6215
3636 6216
3637 6217
3638 6218
3639 6219
3640 6220
3641 6221
3642 6222
3643 6223
3644 6224
3645 6225
3646 6235
3647 6236
3648 6237
3649 6238
3650 6239
3651 6240
3652 6241
3653 6242
3654 6243
3655 6244
3656 6245
3657 6255
3658 6256
3659 6257
3660 6258
3661 6259
3662 6260
3663 6261
3664 6262
3665 6263
3666 6264
3667 6265
3668 6266
3669 6267
3670 6275
3671 6276
3672 6277
3673 6278
3674 6279
3675 6280
3676 6281
3677 6282
3678 6283
3679 6295
3680 6296
3681 6297
3682 6298
3683 6299
3684 6300
3685 6301
3686 6302
3687 6303
3688 6304
3689 6305
3690 6306
3691 6315
3692 6316
3693 6317
3694 6318
3695 6319
3696 6320
3697 6321
3698 6322
3699 6323
3700 6324
3701 6335
3702 6336
3703 6337
3704 6338
3705 6339
3706 6340
3707 6341
3708 6342
3709 6343
3710 6344
3711 6345
3712 6346
3713 6347
3714 6348
3715 6349
3716 6355
3717 6356
3718 6357
3719 6358
3720 6359
3721 6360
3722 6361
3723 6362
3724 6363
3725 6364
3726 6365
3727 6366
3728 6367
3729 6368
3730 6369
3731 6375
3732 6376
3733 6377
3734 6378
3735 6379
3736 6380
3737 6381
3738 6382
3739 6383
3740 6384
3741 6385
3742 6386
3743 6387
3744 6395
3745 6396
3746 6397
3747 6398
3748 6399
3749 6400
3750 6401
3751 6402
3752 6403
3753 6404
3754 6415
3755 6416
3756 6417
3757 6418
3758 6419
3759 6420
3760 6421
3761 6422
3762 6423
3763 6424
3764 6425
3765 6426
3766 6427
3767 6428
3768 6429
3769 6430
3770 6435
3771 6436
3772 6437
3773 6438
3774 6439
3775 6440
3776 6441
3777 6442
3778 6443
3779 6444
3780 6445
3781 6446
3782 6447
3783 6448
3784 6449
3785 6450
3786 6455
3787 6456
3788 6457
3789 6458
3790 6459
3791 6460
3792 6461
3793 6462
3794 6463
3795 6464
3796 6465
3797 6466
3798 6467
3799 6468
3800 6469
3801 6470
3802 6471
3803 6475
3804 6476
3805 6477
3806 6478
3807 6479
3808 6480
3809 6481
3810 6482
3811 6483
3812 6484
3813 6485
3814 6486
3815 6487
3816 6495
3817 6496
3818 6497
3819 6498
3820 6499
3821 6500
3822 6501
3823 6502
3824 6503
3825 6504
3826 6505
3827 6506
3828 6507
3829 6508
3830 6509
3831 6510
3832 6511
3833 6515
3834 6516
3835 6517
3836 6518
3837 6519
3838 6520
3839 6521
3840 6522
3841 6523
3842 6524
3843 6525
3844 6526
3845 6527
3846 6528
3847 6529
3848 6535
3849 6536
3850 6537
3851 6538
3852 6539
3853 6540
3854 6541
3855 6542
3856 6543
3857 6544
3858 6555
3859 6556
3860 6557
3861 6558
3862 6559
3863 6560
3864 6561
3865 6562
3866 6563
3867 6564
3868 6565
3869 6566
3870 6567
3871 6568
3872 6575
3873 6576
3874 6577
3875 6578
3876 6579
3877 6580
3878 6581
3879 6582
3880 6583
3881 6584
3882 6585
3883 6586
3884 6587
3885 6588
3886 6589
3887 6595
3888 6596
3889 6597
3890 6598
3891 6599
3892 6600
3893 6601
3894 6602
3895 6603
3896 6604
3897 6605
3898 6606
3899 6607
3900 6608
3901 6609
3902 6610
3903 6611
3904 6612
3905 6615
3906 6616
3907 6617
3908 6618
3909 6619
3910 6620
3911 6621
3912 6622
3913 6623
3914 6624
3915 6625
3916 6626
3917 6627
3918 6628
3919 6629
3920 6630
3921 6631
3922 6635
3923 6636
3924 6637
3925 6638
3926 6639
3927 6640
3928 6655
3929 6656
3930 6657
3931 6658
3932 6659
3933 6660
3934 6661
3935 6662
3936 6663
3937 6675
3938 6676
3939 6677
3940 6678
3941 6679
3942 6680
3943 6681
3944 6682
3945 6683
3946 6684
3947 6685
3948 6686
3949 6687
3950 6688
3951 6689
3952 6695
3953 6696
3954 6697
3955 6698
3956 6699
3957 6700
3958 6701
3959 6702
3960 6703
3961 6704
3962 6705
3963 6706
3964 6715
3965 6716
3966 6717
3967 6718
3968 6719
3969 6720
3970 6721
3971 6722
3972 6723
3973 6724
3974 6725
3975 6726
3976 6727
3977 6728
3978 6729
3979 6735
3980 6736
3981 6737
3982 6738
3983 6739
3984 6740
3985 6741
3986 6742
3987 6743
3988 6744
3989 6755
3990 6756
3991 6757
3992 6758
3993 6759
3994 6760
3995 6761
3996 6762
3997 6763
3998 6764
3999 6765
4000 6766
4001 6767
4002 6768
4003 6775
4004 6776
4005 6777
4006 6778
4007 6779
4008 6780
4009 6781
4010 6782
4011 6783
4012 6784
4013 6785
4014 6786
4015 6787
4016 6788
4017 6795
4018 6796
4019 6797
4020 6798
4021 6799
4022 6800
4023 6801
4024 6802
4025 6803
4026 6804
4027 6805
4028 6806
4029 6807
4030 6808
4031 6809
4032 6815
4033 6816
4034 6817
4035 6818
4036 6819
4037 6820
4038 6821
4039 6822
4040 6823
4041 6824
4042 6835
4043 6836
4044 6837
4045 6838
4046 6839
4047 6840
4048 6841
4049 6842
4050 6843
4051 6855
4052 6856
4053 6857
4054 6858
4055 6859
4056 6860
4057 6861
4058 6862
4059 6863
4060 6864
4061 6875
4062 6876
4063 6877
4064 6878
4065 6879
4066 6880
4067 6881
4068 6882
4069 6883
4070 6884
4071 6895
4072 6896
4073 6897
4074 6898
4075 6899
4076 6900
4077 6901
4078 6902
4079 6903
4080 6904
4081 6905
4082 6906
4083 6915
4084 6916
4085 6917
4086 6918
4087 6919
4088 6920
4089 6921
4090 6922
4091 6923
4092 6924
4093 6925
4094 6926
4095 6927
4096 6928
4097 6935
4098 6936
4099 6937
4100 6938
4101 6939
4102 6940
4103 6941
4104 6942
4105 6943
4106 6944
4107 6945
4108 6946
4109 6947
4110 6948
4111 6949
4112 6950
4113 6951
4114 6955
4115 6956
4116 6957
4117 6958
4118 6959
4119 6960
4120 6961
4121 6962
4122 6963
4123 6964
4124 6965
4125 6966
4126 6967
4127 6975
4128 6976
4129 6977
4130 6978
4131 6979
4132 6980
4133 6981
4134 6995
4135 6996
4136 6997
4137 6998
4138 6999
4139 7000
4140 7001
4141 7002
4142 7003
4143 7004
4144 7005
4145 7015
4146 7016
4147 7017
