0 0
1 1
2 2
3 10
4 11
5 12
6 13
7 14
8 15
9 16
10 17
11 18
12 30
13 31
14 32
15 33
16 34
17 35
18 36
19 37
20 38
21 39
22 40
23 41
24 42
25 43
26 44
27 45
28 50
29 51
30 52
31 53
32 54
33 55
34 56
35 57
36 58
37 59
38 60
39 61
40 70
41 71
42 72
43 73
44 74
45 75
46 76
47 77
48 78
49 79
50 80
51 81
52 82
53 83
54 84
55 90
56 91
57 92
58 93
59 94
60 95
61 96
62 97
63 98
64 99
65 100
66 101
67 102
68 103
69 104
70 110
71 111
72 112
73 113
74 114
75 115
76 116
77 117
78 118
79 119
80 120
81 121
82 122
83 123
84 124
85 130
86 131
87 132
88 133
89 134
90 135
91 136
92 137
93 138
94 139
95 150
96 151
97 152
98 153
99 154
100 155
101 156
102 157
103 158
104 159
105 160
106 161
107 162
108 163
109 170
110 171
111 172
112 173
113 174
114 175
115 176
116 177
117 178
118 179
119 180
120 181
121 182
122 190
123 191
124 192
125 193
126 194
127 195
128 196
129 197
130 198
131 199
132 200
133 201
134 202
135 210
136 211
137 212
138 213
139 214
140 215
141 216
142 217
143 218
144 219
145 220
146 221
147 222
148 223
149 230
150 231
151 232
152 233
153 234
154 235
155 236
156 237
157 238
158 239
159 240
160 241
161 242
162 250
163 251
164 252
165 253
166 254
167 255
168 256
169 257
170 258
171 259
172 260
173 261
174 262
175 263
176 264
177 270
178 271
179 272
180 273
181 274
182 275
183 276
184 277
185 278
186 279
187 280
188 281
189 282
190 283
191 284
192 290
193 291
194 292
195 293
196 294
197 295
198 296
199 297
200 298
201 299
202 300
203 301
204 302
205 303
206 304
207 305
208 310
209 311
210 312
211 313
212 314
213 315
214 316
215 317
216 318
217 319
218 320
219 330
220 331
221 332
222 333
223 334
224 335
225 336
226 337
227 338
228 339
229 340
230 341
231 342
232 350
233 351
234 352
235 353
236 354
237 355
238 356
239 357
240 358
241 359
242 360
243 361
244 362
245 363
246 370
247 371
248 372
249 373
250 374
251 375
252 376
253 377
254 378
255 379
256 380
257 381
258 382
259 383
260 384
261 385
262 390
263 391
264 392
265 393
266 394
267 395
268 396
269 397
270 398
271 399
272 410
273 411
274 412
275 413
276 414
277 415
278 416
279 417
280 418
281 419
282 420
283 421
284 422
285 423
286 424
287 430
288 431
289 432
290 433
291 434
292 435
293 436
294 437
295 438
296 439
297 440
298 441
299 442
300 443
301 444
302 445
303 446
304 447
305 450
306 451
307 452
308 453
309 454
310 455
311 456
312 457
313 470
314 471
315 472
316 473
317 474
318 475
319 476
320 477
321 478
322 490
323 491
324 492
325 493
326 494
327 495
328 496
329 497
330 498
331 499
332 500
333 501
334 510
335 511
336 512
337 513
338 514
339 515
340 516
341 517
342 518
343 519
344 520
345 521
346 522
347 523
348 530
349 531
350 532
351 533
352 534
353 535
354 536
355 537
356 538
357 539
358 540
359 541
360 542
361 543
362 544
363 545
364 546
365 550
366 551
367 552
368 553
369 554
370 555
371 556
372 557
373 558
374 559
375 560
376 561
377 562
378 563
379 564
380 565
381 566
382 567
383 568
384 570
385 571
386 572
387 573
388 574
389 575
390 576
391 577
392 578
393 579
394 580
395 581
396 582
397 583
398 584
399 585
400 586
401 590
402 591
403 592
404 593
405 594
406 595
407 596
408 597
409 598
410 599
411 600
412 601
413 602
414 603
415 604
416 605
417 606
418 610
419 611
420 612
421 613
422 614
423 615
424 616
425 617
426 618
427 619
428 620
429 621
430 622
431 623
432 624
433 625
434 626
435 630
436 631
437 632
438 633
439 634
440 635
441 636
442 637
443 638
444 639
445 640
446 641
447 642
448 643
449 644
450 645
451 650
452 651
453 652
454 653
455 654
456 655
457 656
458 657
459 658
460 659
461 660
462 661
463 662
464 670
465 671
466 672
467 673
468 674
469 675
470 676
471 677
472 678
473 679
474 680
475 681
476 682
477 683
478 684
479 685
480 686
481 687
482 690
483 691
484 692
485 693
486 694
487 695
488 696
489 697
490 698
491 699
492 700
493 701
494 702
495 703
496 710
497 711
498 712
499 713
500 714
501 715
502 716
503 717
504 718
505 719
506 720
507 721
508 722
509 723
510 724
511 730
512 731
513 732
514 733
515 734
516 735
517 736
518 737
519 738
520 739
521 740
522 741
523 742
524 743
525 744
526 745
527 746
528 750
529 751
530 752
531 753
532 754
533 755
534 756
535 757
536 758
537 759
538 760
539 761
540 762
541 763
542 764
543 770
544 771
545 772
546 773
547 774
548 775
549 776
550 777
551 778
552 779
553 780
554 781
555 790
556 791
557 792
558 793
559 794
560 795
561 796
562 797
563 798
564 799
565 800
566 801
567 802
568 803
569 804
570 805
571 810
572 811
573 812
574 813
575 814
576 815
577 816
578 817
579 818
580 819
581 820
582 821
583 822
584 830
585 831
586 832
587 833
588 834
589 835
590 836
591 837
592 838
593 839
594 840
595 841
596 842
597 843
598 844
599 850
600 851
601 852
602 853
603 854
604 855
605 856
606 857
607 858
608 859
609 860
610 861
611 862
612 863
613 864
614 865
615 870
616 871
617 872
618 873
619 874
620 875
621 876
622 877
623 878
624 879
625 880
626 881
627 882
628 883
629 884
630 885
631 890
632 891
633 892
634 893
635 894
636 895
637 896
638 897
639 898
640 899
641 900
642 901
643 902
644 903
645 904
646 905
647 906
648 910
649 911
650 912
651 913
652 914
653 915
654 916
655 917
656 918
657 919
658 920
659 921
660 922
661 923
662 924
663 930
664 931
665 932
666 933
667 934
668 935
669 936
670 937
671 938
672 939
673 940
674 941
675 942
676 943
677 944
678 945
679 946
680 947
681 950
682 951
683 952
684 953
685 954
686 955
687 956
688 957
689 958
690 959
691 960
692 961
693 962
694 970
695 971
696 972
697 973
698 974
699 975
700 976
701 977
702 978
703 979
704 980
705 981
706 982
707 990
708 991
709 992
710 993
711 994
712 995
713 996
714 997
715 998
716 999
717 1000
718 1001
719 1002
720 1003
721 1004
722 1005
723 1006
724 1010
725 1011
726 1012
727 1013
728 1014
729 1015
730 1016
731 1017
732 1018
733 1019
734 1020
735 1021
736 1022
737 1023
738 1024
739 1025
740 1030
741 1031
742 1032
743 1033
744 1034
745 1035
746 1036
747 1037
748 1038
749 1039
750 1040
751 1041
752 1042
753 1043
754 1044
755 1045
756 1046
757 1047
758 1050
759 1051
760 1052
761 1053
762 1054
763 1055
764 1056
765 1057
766 1058
767 1059
768 1060
769 1061
770 1062
771 1063
772 1064
773 1070
774 1071
775 1072
776 1073
777 1074
778 1075
779 1076
780 1077
781 1078
782 1079
783 1080
784 1081
785 1082
786 1083
787 1084
788 1090
789 1091
790 1092
791 1093
792 1094
793 1095
794 1096
795 1097
796 1098
797 1099
798 1100
799 1101
800 1102
801 1110
802 1111
803 1112
804 1113
805 1114
806 1115
807 1116
808 1117
809 1118
810 1119
811 1120
812 1121
813 1122
814 1123
815 1124
816 1125
817 1126
818 1130
819 1131
820 1132
821 1133
822 1134
823 1135
824 1136
825 1137
826 1138
827 1139
828 1140
829 1141
830 1142
831 1143
832 1150
833 1151
834 1152
835 1153
836 1154
837 1155
838 1156
839 1170
840 1171
841 1172
842 1173
843 1174
844 1175
845 1176
846 1177
847 1178
848 1179
849 1190
850 1191
851 1192
852 1193
853 1194
854 1195
855 1196
856 1197
857 1198
858 1199
859 1200
860 1201
861 1210
862 1211
863 1212
864 1213
865 1214
866 1215
867 1216
868 1217
869 1218
870 1219
871 1220
872 1221
873 1222
874 1223
875 1224
876 1225
877 1230
878 1231
879 1232
880 1233
881 1234
882 1235
883 1236
884 1237
885 1238
886 1239
887 1240
888 1241
889 1242
890 1243
891 1244
892 1245
893 1246
894 1250
895 1251
896 1252
897 1253
898 1254
899 1255
900 1256
901 1257
902 1258
903 1259
904 1260
905 1261
906 1262
907 1263
908 1264
909 1270
910 1271
911 1272
912 1273
913 1274
914 1275
915 1276
916 1277
917 1278
918 1279
919 1280
920 1281
921 1282
922 1283
923 1290
924 1291
925 1292
926 1293
927 1294
928 1295
929 1296
930 1297
931 1298
932 1299
933 1300
934 1310
935 1311
936 1312
937 1313
938 1314
939 1315
940 1316
941 1317
942 1318
943 1319
944 1320
945 1321
946 1322
947 1323
948 1324
949 1325
950 1326
951 1327
952 1330
953 1331
954 1332
955 1333
956 1334
957 1335
958 1336
959 1337
960 1338
961 1339
962 1340
963 1341
964 1342
965 1343
966 1344
967 1345
968 1350
969 1351
970 1352
971 1353
972 1354
973 1355
974 1356
975 1357
976 1358
977 1359
978 1360
979 1361
980 1362
981 1363
982 1364
983 1365
984 1370
985 1371
986 1372
987 1373
988 1374
989 1375
990 1376
991 1377
992 1378
993 1379
994 1380
995 1381
996 1382
997 1383
998 1384
999 1385
1000 1386
1001 1390
1002 1391
1003 1392
1004 1393
1005 1394
1006 1395
1007 1396
1008 1397
1009 1398
1010 1399
1011 1400
1012 1401
1013 1402
1014 1403
1015 1404
1016 1410
1017 1411
1018 1412
1019 1413
1020 1414
1021 1415
1022 1416
1023 1417
1024 1418
1025 1419
1026 1420
1027 1421
1028 1422
1029 1430
1030 1431
1031 1432
1032 1433
1033 1434
1034 1435
1035 1436
1036 1437
1037 1438
1038 1439
1039 1440
1040 1441
1041 1442
1042 1443
1043 1444
1044 1450
1045 1451
1046 1452
1047 1453
1048 1454
1049 1455
1050 1456
1051 1457
1052 1458
1053 1459
1054 1470
1055 1471
1056 1472
1057 1473
1058 1474
1059 1475
1060 1476
1061 1477
1062 1478
1063 1479
1064 1480
1065 1481
1066 1482
1067 1490
1068 1491
1069 1492
1070 1493
1071 1494
1072 1495
1073 1496
1074 1497
1075 1498
1076 1499
1077 1500
1078 1510
1079 1511
1080 1512
1081 1513
1082 1514
1083 1515
1084 1516
1085 1517
1086 1518
1087 1519
1088 1520
1089 1521
1090 1530
1091 1531
1092 1532
1093 1533
1094 1534
1095 1535
1096 1536
1097 1537
1098 1538
1099 1539
1100 1540
1101 1541
1102 1542
1103 1543
1104 1544
1105 1550
1106 1551
1107 1552
1108 1553
1109 1554
1110 1555
1111 1556
1112 1557
1113 1558
1114 1559
1115 1560
1116 1570
1117 1571
1118 1572
1119 1573
1120 1574
1121 1575
1122 1576
1123 1577
1124 1578
1125 1579
1126 1580
1127 1581
1128 1590
1129 1591
1130 1592
1131 1593
1132 1594
1133 1595
1134 1596
1135 1597
1136 1598
1137 1599
1138 1600
1139 1601
1140 1602
1141 1603
1142 1610
1143 1611
1144 1612
1145 1613
1146 1614
1147 1615
1148 1616
1149 1617
1150 1618
1151 1619
1152 1620
1153 1621
1154 1630
1155 1631
1156 1632
1157 1633
1158 1634
1159 1635
1160 1636
1161 1637
1162 1638
1163 1639
1164 1640
1165 1641
1166 1642
1167 1643
1168 1644
1169 1645
1170 1646
1171 1647
1172 1648
1173 1650
1174 1651
1175 1652
1176 1653
1177 1654
1178 1655
1179 1656
1180 1657
1181 1658
1182 1659
1183 1660
1184 1661
1185 1662
1186 1663
1187 1664
1188 1670
1189 1671
1190 1672
1191 1673
1192 1674
1193 1675
1194 1676
1195 1677
1196 1678
1197 1679
1198 1680
1199 1681
1200 1682
1201 1683
1202 1684
1203 1685
1204 1690
1205 1691
1206 1692
1207 1693
1208 1694
1209 1695
1210 1696
1211 1697
1212 1698
1213 1699
1214 1700
1215 1701
1216 1702
1217 1703
1218 1704
1219 1705
1220 1706
1221 1707
1222 1710
1223 1711
1224 1712
1225 1713
1226 1714
1227 1715
1228 1716
1229 1717
1230 1718
1231 1719
1232 1720
1233 1721
1234 1722
1235 1723
1236 1730
1237 1731
1238 1732
1239 1733
1240 1734
1241 1735
1242 1736
1243 1737
1244 1738
1245 1739
1246 1740
1247 1741
1248 1742
1249 1743
1250 1744
1251 1745
1252 1746
1253 1750
1254 1751
1255 1752
1256 1753
1257 1754
1258 1755
1259 1756
1260 1757
1261 1758
1262 1759
1263 1760
1264 1761
1265 1762
1266 1763
1267 1764
1268 1770
1269 1771
1270 1772
1271 1773
1272 1774
1273 1775
1274 1776
1275 1777
1276 1778
1277 1779
1278 1780
1279 1781
1280 1782
1281 1783
1282 1784
1283 1785
1284 1786
1285 1790
1286 1791
1287 1792
1288 1793
1289 1794
1290 1795
1291 1796
1292 1797
1293 1798
1294 1799
1295 1800
1296 1801
1297 1802
1298 1803
1299 1804
1300 1805
1301 1806
1302 1810
1303 1811
1304 1812
1305 1813
1306 1814
1307 1815
1308 1816
1309 1817
