0 0
1 1
2 2
3 3
4 4
5 5
6 6
7 7
8 8
9 9
10 10
11 11
12 15
13 16
14 17
15 18
16 19
17 20
18 21
19 22
20 23
21 24
22 25
23 26
24 27
25 28
26 29
27 35
28 36
29 37
30 38
31 39
32 40
33 41
34 42
35 43
36 44
37 45
38 46
39 47
40 48
41 49
42 50
43 51
44 55
45 56
46 57
47 58
48 59
49 60
50 61
51 62
52 63
53 64
54 65
55 66
56 67
57 68
58 69
59 70
60 75
61 76
62 77
63 78
64 79
65 80
66 81
67 82
68 83
69 84
70 85
71 86
72 87
73 88
74 89
75 90
76 95
77 96
78 97
79 98
80 99
81 100
82 101
83 102
84 103
85 104
86 105
87 106
88 107
89 108
90 115
91 116
92 117
93 118
94 119
95 120
96 121
97 122
98 123
99 124
100 125
101 126
102 135
103 136
104 137
105 138
106 139
107 140
108 141
109 142
110 143
111 144
112 145
113 155
114 156
115 157
116 158
117 159
118 160
119 161
120 162
121 163
122 164
123 165
124 166
125 167
126 175
127 176
128 177
129 178
130 179
131 180
132 181
133 182
134 183
135 195
136 196
137 197
138 198
139 199
140 200
141 201
142 202
143 203
144 204
145 205
146 215
147 216
148 217
149 218
150 219
151 220
152 221
153 222
154 223
155 224
156 225
157 226
158 227
159 228
160 229
161 230
162 235
163 236
164 237
165 238
166 239
167 240
168 241
169 242
170 243
171 244
172 245
173 246
174 247
175 248
176 249
177 255
178 256
179 257
180 258
181 259
182 260
183 261
184 262
185 263
186 264
187 265
188 266
189 267
190 268
191 269
192 275
193 276
194 277
195 278
196 279
197 280
198 281
199 282
200 283
201 284
202 285
203 286
204 287
205 288
206 289
207 290
208 295
209 296
210 297
211 298
212 299
213 300
214 301
215 302
216 303
217 304
218 305
219 306
220 307
221 308
222 309
223 315
224 316
225 317
226 318
227 319
228 320
229 321
230 322
231 323
232 324
233 325
234 326
235 327
236 328
237 329
238 330
239 331
240 335
241 336
242 337
243 338
244 339
245 340
246 341
247 342
248 343
249 344
250 345
251 346
252 347
253 355
254 356
255 357
256 358
257 359
258 360
259 361
260 362
261 363
262 364
263 365
264 366
265 367
266 368
267 375
268 376
269 377
270 378
271 379
272 380
273 381
274 382
275 383
276 384
277 385
278 386
279 387
280 388
281 389
282 390
283 391
284 395
285 396
286 397
287 398
288 399
289 400
290 401
291 402
292 403
293 404
294 405
295 406
296 407
297 408
298 409
299 410
300 415
301 416
302 417
303 418
304 419
305 420
306 421
307 422
308 423
309 424
310 425
311 426
312 427
313 428
314 429
315 435
316 436
317 437
318 438
319 439
320 440
321 441
322 442
323 443
324 444
325 445
326 446
327 447
328 448
329 449
330 450
331 451
332 455
333 456
334 457
335 458
336 459
337 460
338 461
339 462
340 463
341 464
342 465
343 466
344 467
345 468
346 469
347 470
348 471
349 472
350 475
351 476
352 477
353 478
354 479
355 480
356 481
357 482
358 483
359 484
360 485
361 486
362 487
363 488
364 489
365 490
366 491
367 492
368 495
369 496
370 497
371 498
372 499
373 500
374 501
375 502
376 503
377 504
378 505
379 506
380 507
381 508
382 509
383 510
384 515
385 516
386 517
387 518
388 519
389 520
390 521
391 522
392 523
393 524
394 525
395 526
396 527
397 528
398 529
399 530
400 531
401 535
402 536
403 537
404 538
405 539
406 540
407 541
408 542
409 543
410 544
411 545
412 546
413 547
414 548
415 549
416 550
417 555
418 556
419 557
420 558
421 559
422 560
423 561
424 562
425 563
426 564
427 565
428 566
429 567
430 568
431 569
432 575
433 576
434 577
435 578
436 579
437 580
438 581
439 582
440 583
441 584
442 585
443 586
444 587
445 588
446 589
447 590
448 591
449 595
450 596
451 597
452 598
453 599
454 600
455 601
456 602
457 603
458 604
459 605
460 606
461 607
462 608
463 609
464 610
465 611
466 612
467 615
468 616
469 617
470 618
471 619
472 620
473 621
474 622
475 623
476 624
477 625
478 626
479 627
480 628
481 629
482 630
483 635
484 636
485 637
486 638
487 639
488 640
489 641
490 642
491 643
492 644
493 645
494 646
495 647
496 648
497 649
498 655
499 656
500 657
501 658
502 659
503 660
504 661
505 662
506 663
507 664
508 665
509 666
510 667
511 668
512 669
513 670
514 671
515 672
516 673
517 674
518 675
519 676
520 677
521 678
522 679
523 680
524 681
525 682
526 683
527 684
528 685
529 686
530 687
531 688
532 689
533 690
534 695
535 696
536 697
537 698
538 699
539 700
540 701
541 702
542 703
543 704
544 705
545 706
546 707
547 708
548 709
549 710
550 715
551 716
552 717
553 718
554 719
555 720
556 721
557 722
558 723
559 724
560 725
561 726
562 727
563 735
564 736
565 737
566 738
567 739
568 740
569 741
570 742
571 743
572 744
573 745
574 746
575 747
576 748
577 749
578 750
579 751
580 755
581 756
582 757
583 758
584 759
585 760
586 761
587 762
588 763
589 764
590 765
591 766
592 767
593 768
594 769
595 770
596 771
597 772
598 775
599 776
600 777
601 778
602 779
603 780
604 781
605 782
606 783
607 784
608 785
609 786
610 787
611 788
612 789
613 790
614 791
615 795
616 796
617 797
618 798
619 799
620 800
621 801
622 802
623 803
624 804
625 805
626 806
627 807
628 808
629 809
630 810
631 811
632 815
633 816
634 817
635 818
636 819
637 820
638 821
639 822
640 823
641 824
642 825
643 826
644 827
645 828
646 829
647 835
648 836
649 837
650 838
651 839
652 840
653 841
654 842
655 843
656 844
657 845
658 846
659 847
660 848
661 849
662 850
663 855
664 856
665 857
666 858
667 859
668 860
669 861
670 862
671 863
672 864
673 865
674 866
675 867
676 868
677 869
678 870
679 871
680 875
681 876
682 877
683 878
684 879
685 880
686 881
687 882
688 883
689 884
690 885
691 886
692 887
693 888
694 895
695 896
696 897
697 898
698 899
699 900
700 901
701 915
702 916
703 917
704 918
705 919
706 920
707 921
708 922
709 923
710 924
711 925
712 935
713 936
714 937
715 938
716 939
717 940
718 941
719 942
720 943
721 944
722 945
723 946
724 947
725 948
726 949
727 955
728 956
729 957
730 958
731 959
732 960
733 961
734 962
735 963
736 964
737 965
738 966
739 967
740 968
741 969
742 970
743 971
744 975
745 976
746 977
747 978
748 979
749 980
750 981
751 982
752 983
753 984
754 985
755 986
756 987
757 988
758 989
759 990
760 995
761 996
762 997
763 998
764 999
765 1000
766 1001
767 1002
768 1003
769 1004
770 1005
771 1006
772 1007
773 1008
774 1009
775 1010
776 1015
777 1016
778 1017
779 1018
780 1019
781 1020
782 1021
783 1022
784 1023
785 1024
786 1025
787 1026
788 1027
789 1035
790 1036
791 1037
792 1038
793 1039
794 1040
795 1041
796 1042
797 1043
798 1044
799 1045
800 1046
801 1047
802 1048
803 1055
804 1056
805 1057
806 1058
807 1059
808 1060
809 1061
810 1062
811 1063
812 1064
813 1065
814 1066
815 1067
816 1068
817 1075
818 1076
819 1077
820 1078
821 1079
822 1080
823 1081
824 1082
825 1083
826 1084
827 1085
828 1086
829 1087
830 1088
831 1089
832 1090
833 1091
834 1095
835 1096
836 1097
837 1098
838 1099
839 1100
840 1101
841 1102
842 1103
843 1104
844 1105
845 1106
846 1107
847 1108
848 1115
849 1116
850 1117
851 1118
852 1119
853 1120
854 1121
855 1122
856 1123
857 1124
858 1125
859 1126
860 1127
861 1128
862 1129
863 1130
864 1135
865 1136
866 1137
867 1138
868 1139
869 1140
870 1141
871 1142
872 1143
873 1144
874 1145
875 1146
876 1147
877 1148
878 1149
879 1150
880 1151
881 1155
882 1156
883 1157
884 1158
885 1159
886 1160
887 1161
888 1162
889 1163
890 1164
891 1165
892 1166
893 1167
894 1168
895 1169
896 1175
897 1176
898 1177
899 1178
900 1179
901 1180
902 1181
903 1182
904 1183
905 1184
906 1185
907 1186
908 1187
909 1188
910 1189
911 1190
912 1191
913 1192
914 1193
915 1195
916 1196
917 1197
918 1198
919 1199
920 1200
921 1201
922 1202
923 1203
924 1204
925 1205
926 1206
927 1207
928 1208
929 1209
930 1215
931 1216
932 1217
933 1218
934 1219
935 1220
936 1221
937 1222
938 1223
939 1224
940 1225
941 1226
942 1227
943 1228
944 1229
945 1230
946 1231
947 1235
948 1236
949 1237
950 1238
951 1239
952 1240
953 1241
954 1242
955 1243
956 1244
957 1245
958 1246
959 1247
960 1248
961 1249
962 1250
963 1255
964 1256
965 1257
966 1258
967 1259
968 1260
969 1261
970 1262
971 1263
972 1264
973 1265
974 1266
975 1267
976 1268
977 1269
978 1270
979 1275
980 1276
981 1277
982 1278
983 1279
984 1280
985 1281
986 1282
987 1283
988 1284
989 1285
990 1286
991 1287
992 1288
993 1289
994 1290
995 1291
996 1295
997 1296
998 1297
999 1298
1000 1299
1001 1300
1002 1301
1003 1302
1004 1303
1005 1304
1006 1305
1007 1306
1008 1307
1009 1308
1010 1309
1011 1310
1012 1311
1013 1312
1014 1315
1015 1316
1016 1317
1017 1318
1018 1319
1019 1320
1020 1321
1021 1322
1022 1323
1023 1324
1024 1325
1025 1326
1026 1335
1027 1336
1028 1337
1029 1338
1030 1339
1031 1340
1032 1341
1033 1342
1034 1343
1035 1344
1036 1345
1037 1346
1038 1347
1039 1348
1040 1349
1041 1350
1042 1351
1043 1355
1044 1356
1045 1357
1046 1358
1047 1359
1048 1360
1049 1361
1050 1362
1051 1363
1052 1364
1053 1365
1054 1366
1055 1367
1056 1368
1057 1369
1058 1370
1059 1371
1060 1372
1061 1375
1062 1376
1063 1377
1064 1378
1065 1379
1066 1380
1067 1381
1068 1382
1069 1383
1070 1384
1071 1385
1072 1386
1073 1387
1074 1388
1075 1389
1076 1395
1077 1396
1078 1397
1079 1398
1080 1399
1081 1400
1082 1401
1083 1402
1084 1403
1085 1404
1086 1405
1087 1406
1088 1407
1089 1408
1090 1409
1091 1410
1092 1415
1093 1416
1094 1417
1095 1418
1096 1419
1097 1420
1098 1421
1099 1422
1100 1423
1101 1424
1102 1425
1103 1426
1104 1427
1105 1428
1106 1429
1107 1430
1108 1431
1109 1432
1110 1435
1111 1436
1112 1437
1113 1438
1114 1439
1115 1440
1116 1441
1117 1442
1118 1443
1119 1444
1120 1445
1121 1446
1122 1447
1123 1448
1124 1455
1125 1456
1126 1457
1127 1458
1128 1459
1129 1460
1130 1461
1131 1462
1132 1463
1133 1464
1134 1465
1135 1475
1136 1476
1137 1477
1138 1478
1139 1479
1140 1480
1141 1481
1142 1482
1143 1483
1144 1484
1145 1485
1146 1486
1147 1487
1148 1488
1149 1489
1150 1495
1151 1496
1152 1497
1153 1498
1154 1499
1155 1500
1156 1501
1157 1502
1158 1503
1159 1504
1160 1505
1161 1506
1162 1507
1163 1508
1164 1509
1165 1510
1166 1515
1167 1516
1168 1517
1169 1518
1170 1519
1171 1520
1172 1521
1173 1522
1174 1523
1175 1524
1176 1525
1177 1526
1178 1535
1179 1536
1180 1537
1181 1538
1182 1539
1183 1540
1184 1541
1185 1542
1186 1543
1187 1544
1188 1545
1189 1546
1190 1547
1191 1548
1192 1549
1193 1550
1194 1551
1195 1555
1196 1556
1197 1557
1198 1558
1199 1559
1200 1560
1201 1561
1202 1562
1203 1563
1204 1564
1205 1565
1206 1566
1207 1567
1208 1568
1209 1575
1210 1576
1211 1577
1212 1578
1213 1579
1214 1580
1215 1581
1216 1582
1217 1583
1218 1584
1219 1585
1220 1586
1221 1587
1222 1588
1223 1589
1224 1590
1225 1591
1226 1595
1227 1596
1228 1597
1229 1598
1230 1599
1231 1600
1232 1601
1233 1602
1234 1603
1235 1604
1236 1605
1237 1606
1238 1607
1239 1608
1240 1609
1241 1610
1242 1611
1243 1612
1244 1615
1245 1616
1246 1617
1247 1618
1248 1619
1249 1620
1250 1621
1251 1622
1252 1623
1253 1624
1254 1625
1255 1626
1256 1627
1257 1628
1258 1629
1259 1630
1260 1631
1261 1632
1262 1633
1263 1635
1264 1636
1265 1637
1266 1638
1267 1639
1268 1640
1269 1641
1270 1642
1271 1643
1272 1644
1273 1645
1274 1646
1275 1647
1276 1648
1277 1649
1278 1650
1279 1651
1280 1652
1281 1655
1282 1656
1283 1657
1284 1658
1285 1659
1286 1660
1287 1661
1288 1662
1289 1663
1290 1664
1291 1665
1292 1666
1293 1667
1294 1668
1295 1669
1296 1670
1297 1671
1298 1672
1299 1675
1300 1676
1301 1677
1302 1678
1303 1679
1304 1680
1305 1681
1306 1682
1307 1683
1308 1684
1309 1685
1310 1686
1311 1687
1312 1688
1313 1689
1314 1690
1315 1691
1316 1695
1317 1696
1318 1697
1319 1698
1320 1699
1321 1700
1322 1701
1323 1702
1324 1703
1325 1704
1326 1705
1327 1706
1328 1707
1329 1708
1330 1709
1331 1710
1332 1711
1333 1715
1334 1716
1335 1717
1336 1718
1337 1719
1338 1720
1339 1721
1340 1722
1341 1723
1342 1724
1343 1725
1344 1726
1345 1727
1346 1728
1347 1729
1348 1730
1349 1731
1350 1732
1351 1735
1352 1736
1353 1737
1354 1738
1355 1739
1356 1740
1357 1741
1358 1742
1359 1743
1360 1744
1361 1745
1362 1746
1363 1747
1364 1748
1365 1749
1366 1750
1367 1751
1368 1752
1369 1753
1370 1755
1371 1756
1372 1757
1373 1758
1374 1759
1375 1760
1376 1761
1377 1762
1378 1763
1379 1764
1380 1765
1381 1766
1382 1767
1383 1768
1384 1769
1385 1770
1386 1771
1387 1775
1388 1776
1389 1777
1390 1778
1391 1779
1392 1780
1393 1781
1394 1782
1395 1783
1396 1784
1397 1785
1398 1786
1399 1787
1400 1788
1401 1789
1402 1790
1403 1791
1404 1795
1405 1796
1406 1797
1407 1798
1408 1799
1409 1800
1410 1801
1411 1802
1412 1803
1413 1804
1414 1805
1415 1806
1416 1807
1417 1808
1418 1809
1419 1810
1420 1811
1421 1812
1422 1815
1423 1816
1424 1817
1425 1818
1426 1819
1427 1820
1428 1821
1429 1822
1430 1823
1431 1824
1432 1825
1433 1826
1434 1827
1435 1828
1436 1829
1437 1835
1438 1836
1439 1837
1440 1838
1441 1839
1442 1840
1443 1841
1444 1842
1445 1843
1446 1844
1447 1845
1448 1846
1449 1847
1450 1848
1451 1849
1452 1850
1453 1855
1454 1856
1455 1857
1456 1858
1457 1859
1458 1860
1459 1861
1460 1862
1461 1863
1462 1864
1463 1865
1464 1866
1465 1867
1466 1868
1467 1869
1468 1870
1469 1871
1470 1872
1471 1875
1472 1876
1473 1877
1474 1878
1475 1879
1476 1880
1477 1881
1478 1882
1479 1883
1480 1884
1481 1885
1482 1886
1483 1887
1484 1888
1485 1889
1486 1890
1487 1891
1488 1895
1489 1896
1490 1897
1491 1898
1492 1899
1493 1900
1494 1901
1495 1902
1496 1903
1497 1904
1498 1905
1499 1906
1500 1907
1501 1908
1502 1909
1503 1910
1504 1911
1505 1912
1506 1913
1507 1915
1508 1916
1509 1917
1510 1918
1511 1919
1512 1920
1513 1921
1514 1922
1515 1923
1516 1924
1517 1925
1518 1926
1519 1927
1520 1928
1521 1929
1522 1930
1523 1935
1524 1936
1525 1937
1526 1938
1527 1939
1528 1940
1529 1941
1530 1942
1531 1943
1532 1944
1533 1945
1534 1946
1535 1947
1536 1948
1537 1949
1538 1950
1539 1951
1540 1952
1541 1953
1542 1955
1543 1956
1544 1957
1545 1958
1546 1959
1547 1960
1548 1961
1549 1962
1550 1963
1551 1964
1552 1965
1553 1975
1554 1976
1555 1977
1556 1978
1557 1979
1558 1980
1559 1981
1560 1982
1561 1983
1562 1984
1563 1985
1564 1986
1565 1987
1566 1995
1567 1996
1568 1997
1569 1998
1570 1999
1571 2000
1572 2001
1573 2002
1574 2003
1575 2004
1576 2005
1577 2006
1578 2015
1579 2016
1580 2017
1581 2018
1582 2019
1583 2020
1584 2021
1585 2022
1586 2023
1587 2024
1588 2025
1589 2026
1590 2027
1591 2028
1592 2035
1593 2036
1594 2037
1595 2038
1596 2039
1597 2040
1598 2041
1599 2042
1600 2043
1601 2044
1602 2045
1603 2046
1604 2047
1605 2048
1606 2049
1607 2055
1608 2056
1609 2057
1610 2058
1611 2059
1612 2060
1613 2061
1614 2062
1615 2063
1616 2064
1617 2065
1618 2066
1619 2067
1620 2068
1621 2069
1622 2075
1623 2076
1624 2077
1625 2078
1626 2079
1627 2080
1628 2081
1629 2082
1630 2083
1631 2084
1632 2085
1633 2086
1634 2087
1635 2088
1636 2089
1637 2095
1638 2096
1639 2097
1640 2098
1641 2099
1642 2100
1643 2101
1644 2102
1645 2103
1646 2104
1647 2105
1648 2106
1649 2107
1650 2108
1651 2115
1652 2116
1653 2117
1654 2118
1655 2119
1656 2120
1657 2121
1658 2122
1659 2123
1660 2124
1661 2125
1662 2126
1663 2127
1664 2128
1665 2129
1666 2130
1667 2135
1668 2136
1669 2137
1670 2138
1671 2139
1672 2140
1673 2141
1674 2142
1675 2143
1676 2144
1677 2145
1678 2146
1679 2147
1680 2148
1681 2149
1682 2150
1683 2151
1684 2155
1685 2156
1686 2157
1687 2158
1688 2159
1689 2160
1690 2161
1691 2162
1692 2163
1693 2164
1694 2165
1695 2166
1696 2167
1697 2168
1698 2169
1699 2170
1700 2175
1701 2176
1702 2177
1703 2178
1704 2179
1705 2180
1706 2181
1707 2182
1708 2183
1709 2184
1710 2185
1711 2186
1712 2187
1713 2188
1714 2189
1715 2190
1716 2195
1717 2196
1718 2197
1719 2198
1720 2199
1721 2200
1722 2201
1723 2202
1724 2203
1725 2204
1726 2205
1727 2206
1728 2207
1729 2208
1730 2209
1731 2210
1732 2211
1733 2212
1734 2213
1735 2215
1736 2216
1737 2217
1738 2218
1739 2219
1740 2220
1741 2221
1742 2222
1743 2223
1744 2224
1745 2225
1746 2226
1747 2227
1748 2228
1749 2229
1750 2230
1751 2231
1752 2232
1753 2233
1754 2235
1755 2236
1756 2237
1757 2238
1758 2239
1759 2240
1760 2241
1761 2242
1762 2243
1763 2244
1764 2245
1765 2246
1766 2247
1767 2248
1768 2249
1769 2250
1770 2255
1771 2256
1772 2257
1773 2258
1774 2259
1775 2260
1776 2261
1777 2262
1778 2263
1779 2264
1780 2265
1781 2266
1782 2267
1783 2268
1784 2269
1785 2270
1786 2275
1787 2276
1788 2277
1789 2278
1790 2279
1791 2280
1792 2281
1793 2282
1794 2283
1795 2284
1796 2285
1797 2286
1798 2287
1799 2288
1800 2289
1801 2290
1802 2291
1803 2292
1804 2295
1805 2296
1806 2297
1807 2298
1808 2299
1809 2300
1810 2301
1811 2302
1812 2303
1813 2304
1814 2305
1815 2306
1816 2307
1817 2308
1818 2309
1819 2310
1820 2311
1821 2315
1822 2316
1823 2317
1824 2318
1825 2319
1826 2320
1827 2321
1828 2322
1829 2323
1830 2324
1831 2325
1832 2326
1833 2327
1834 2328
1835 2329
1836 2330
1837 2331
1838 2335
1839 2336
1840 2337
1841 2338
1842 2339
1843 2340
1844 2341
1845 2342
1846 2343
1847 2344
1848 2345
1849 2346
1850 2347
1851 2348
1852 2349
1853 2355
1854 2356
1855 2357
1856 2358
1857 2359
1858 2360
1859 2361
1860 2362
1861 2363
1862 2364
1863 2365
1864 2366
1865 2367
1866 2368
1867 2375
1868 2376
1869 2377
1870 2378
1871 2379
1872 2380
1873 2381
1874 2382
1875 2383
1876 2384
1877 2385
1878 2386
1879 2387
1880 2395
1881 2396
1882 2397
1883 2398
1884 2399
1885 2400
1886 2401
1887 2402
1888 2403
1889 2404
1890 2405
1891 2406
1892 2407
1893 2408
1894 2409
1895 2410
1896 2415
1897 2416
1898 2417
1899 2418
1900 2419
1901 2420
1902 2421
1903 2422
1904 2423
1905 2424
1906 2425
1907 2426
1908 2427
1909 2428
1910 2429
1911 2435
1912 2436
1913 2437
1914 2438
1915 2439
1916 2440
1917 2441
1918 2442
1919 2443
1920 2444
1921 2445
1922 2446
1923 2447
1924 2448
1925 2449
1926 2450
1927 2451
1928 2452
1929 2455
1930 2456
1931 2457
1932 2458
1933 2459
1934 2460
1935 2461
1936 2462
1937 2463
1938 2464
1939 2465
1940 2475
1941 2476
1942 2477
1943 2478
1944 2479
1945 2480
1946 2481
1947 2482
1948 2483
1949 2484
1950 2485
1951 2486
1952 2487
1953 2488
1954 2495
1955 2496
1956 2497
1957 2498
1958 2499
1959 2500
1960 2501
1961 2502
1962 2503
1963 2504
1964 2505
1965 2506
1966 2507
1967 2515
1968 2516
1969 2517
1970 2518
1971 2519
1972 2520
1973 2521
1974 2522
1975 2523
1976 2524
1977 2525
1978 2526
1979 2527
1980 2528
1981 2529
1982 2535
1983 2536
1984 2537
1985 2538
1986 2539
1987 2540
1988 2541
1989 2542
1990 2543
1991 2544
1992 2545
1993 2546
1994 2547
1995 2548
1996 2549
1997 2550
1998 2551
1999 2555
2000 2556
2001 2557
2002 2558
2003 2559
2004 2560
2005 2561
2006 2562
2007 2563
2008 2564
2009 2565
2010 2566
2011 2567
2012 2575
2013 2576
2014 2577
2015 2578
2016 2579
2017 2580
2018 2581
2019 2582
2020 2583
2021 2584
2022 2585
2023 2586
2024 2587
2025 2588
2026 2589
2027 2590
2028 2591
2029 2592
2030 2593
2031 2595
2032 2596
2033 2597
2034 2598
2035 2599
2036 2600
2037 2601
2038 2602
2039 2603
2040 2604
2041 2605
2042 2606
2043 2607
2044 2608
2045 2609
2046 2615
2047 2616
2048 2617
2049 2618
2050 2619
2051 2620
2052 2621
2053 2622
2054 2623
2055 2624
2056 2625
2057 2626
2058 2627
2059 2635
2060 2636
2061 2637
2062 2638
2063 2639
2064 2640
2065 2641
2066 2642
2067 2643
2068 2644
2069 2645
2070 2646
2071 2647
2072 2648
2073 2655
2074 2656
2075 2657
2076 2658
2077 2659
2078 2660
2079 2661
2080 2662
2081 2663
2082 2664
2083 2665
2084 2666
2085 2667
2086 2668
2087 2669
2088 2670
2089 2671
2090 2672
2091 2673
2092 2674
2093 2675
2094 2676
2095 2677
2096 2678
2097 2679
2098 2680
2099 2681
2100 2682
2101 2683
2102 2684
2103 2685
2104 2686
2105 2687
2106 2688
2107 2689
2108 2690
2109 2691
2110 2692
2111 2693
2112 2695
2113 2696
2114 2697
2115 2698
2116 2699
2117 2700
2118 2701
2119 2702
2120 2703
2121 2704
2122 2705
2123 2706
2124 2707
2125 2708
2126 2709
2127 2710
2128 2711
2129 2712
2130 2715
2131 2716
2132 2717
2133 2718
2134 2719
2135 2720
2136 2721
2137 2722
2138 2723
2139 2724
2140 2725
2141 2726
2142 2727
2143 2728
2144 2729
2145 2730
2146 2731
2147 2732
2148 2733
2149 2735
2150 2736
2151 2737
2152 2738
2153 2739
2154 2740
2155 2741
2156 2742
2157 2743
2158 2744
2159 2745
2160 2746
2161 2747
2162 2748
2163 2749
2164 2755
2165 2756
2166 2757
2167 2758
2168 2759
2169 2760
2170 2761
2171 2762
2172 2763
2173 2764
2174 2765
2175 2766
2176 2767
2177 2768
2178 2769
2179 2770
2180 2775
2181 2776
2182 2777
2183 2778
2184 2779
2185 2780
2186 2781
2187 2782
2188 2783
2189 2784
2190 2785
2191 2786
2192 2787
2193 2788
2194 2789
2195 2790
2196 2791
2197 2792
2198 2793
2199 2795
2200 2796
2201 2797
2202 2798
2203 2799
2204 2800
2205 2801
2206 2802
2207 2803
2208 2804
2209 2805
2210 2806
2211 2807
2212 2808
2213 2809
2214 2810
2215 2815
2216 2816
2217 2817
2218 2818
2219 2819
2220 2820
2221 2821
2222 2822
2223 2823
2224 2824
2225 2825
2226 2826
2227 2827
2228 2828
2229 2829
2230 2835
2231 2836
2232 2837
2233 2838
2234 2839
2235 2840
2236 2841
2237 2842
2238 2843
2239 2844
2240 2845
2241 2846
2242 2847
2243 2848
2244 2849
2245 2850
2246 2851
2247 2855
2248 2856
2249 2857
2250 2858
2251 2859
2252 2860
2253 2861
2254 2862
2255 2863
2256 2864
2257 2865
2258 2866
2259 2867
2260 2868
2261 2869
2262 2870
2263 2875
2264 2876
2265 2877
2266 2878
2267 2879
2268 2880
2269 2881
2270 2882
2271 2883
2272 2884
2273 2885
2274 2886
2275 2887
2276 2888
2277 2895
2278 2896
2279 2897
2280 2898
2281 2899
2282 2900
2283 2901
2284 2902
2285 2903
2286 2904
2287 2905
2288 2906
2289 2907
2290 2915
2291 2916
2292 2917
2293 2918
2294 2919
2295 2920
2296 2921
2297 2922
2298 2923
2299 2924
2300 2925
2301 2926
2302 2927
2303 2928
2304 2929
2305 2935
2306 2936
2307 2937
2308 2938
2309 2939
2310 2940
2311 2941
2312 2942
2313 2943
2314 2944
2315 2945
2316 2946
2317 2947
2318 2955
2319 2956
2320 2957
2321 2958
2322 2959
2323 2960
2324 2961
2325 2962
2326 2963
2327 2964
2328 2965
2329 2966
2330 2967
2331 2968
2332 2969
2333 2970
2334 2975
2335 2976
2336 2977
2337 2978
2338 2979
2339 2980
2340 2981
2341 2982
2342 2983
2343 2984
2344 2985
2345 2986
2346 2987
2347 2988
2348 2989
2349 2990
2350 2991
2351 2992
2352 2993
2353 2995
2354 2996
2355 2997
2356 2998
2357 2999
2358 3000
2359 3001
2360 3002
2361 3003
2362 3004
2363 3005
2364 3006
2365 3007
2366 3008
2367 3009
2368 3015
2369 3016
2370 3017
2371 3018
2372 3019
2373 3020
2374 3021
2375 3022
2376 3023
2377 3024
2378 3025
2379 3026
2380 3027
2381 3028
2382 3029
2383 3035
2384 3036
2385 3037
2386 3038
2387 3039
2388 3040
2389 3041
2390 3042
2391 3043
2392 3044
2393 3045
2394 3046
2395 3047
2396 3048
2397 3049
2398 3055
2399 3056
2400 3057
2401 3058
2402 3059
2403 3060
2404 3061
2405 3062
2406 3063
2407 3064
2408 3065
2409 3066
2410 3067
2411 3068
2412 3069
2413 3070
2414 3071
2415 3075
2416 3076
2417 3077
2418 3078
2419 3079
2420 3080
2421 3081
2422 3082
2423 3083
2424 3084
2425 3085
2426 3086
2427 3087
2428 3088
2429 3089
2430 3090
2431 3095
2432 3096
2433 3097
2434 3098
2435 3099
2436 3100
2437 3101
2438 3102
2439 3103
2440 3104
2441 3105
2442 3106
2443 3107
2444 3108
2445 3109
2446 3115
2447 3116
2448 3117
2449 3118
2450 3119
2451 3120
2452 3121
2453 3122
2454 3123
2455 3124
2456 3125
2457 3126
2458 3127
2459 3128
2460 3129
2461 3130
2462 3131
2463 3132
2464 3135
2465 3136
2466 3137
2467 3138
2468 3139
2469 3140
2470 3141
2471 3142
2472 3143
2473 3144
2474 3145
2475 3146
2476 3147
2477 3148
2478 3155
2479 3156
2480 3157
2481 3158
2482 3159
2483 3160
2484 3161
2485 3162
2486 3163
2487 3164
2488 3165
2489 3166
2490 3167
2491 3168
2492 3175
2493 3176
2494 3177
2495 3178
2496 3179
2497 3180
2498 3181
2499 3182
2500 3183
2501 3184
2502 3185
2503 3186
2504 3195
2505 3196
2506 3197
2507 3198
2508 3199
2509 3200
2510 3201
2511 3202
2512 3203
2513 3204
2514 3205
2515 3206
2516 3207
2517 3208
2518 3209
2519 3215
2520 3216
2521 3217
2522 3218
2523 3219
2524 3220
2525 3221
2526 3222
2527 3223
2528 3224
2529 3225
2530 3226
2531 3235
2532 3236
2533 3237
2534 3238
2535 3239
2536 3240
2537 3241
2538 3242
2539 3243
2540 3244
2541 3245
2542 3246
2543 3255
2544 3256
2545 3257
2546 3258
2547 3259
2548 3260
2549 3261
2550 3262
2551 3263
2552 3264
2553 3265
2554 3275
2555 3276
2556 3277
2557 3278
2558 3279
2559 3280
2560 3281
2561 3282
2562 3283
2563 3284
2564 3285
2565 3286
2566 3287
2567 3288
2568 3289
2569 3290
2570 3291
2571 3292
2572 3295
2573 3296
2574 3297
2575 3298
2576 3299
2577 3300
2578 3301
2579 3302
2580 3303
2581 3304
2582 3305
2583 3306
2584 3307
2585 3308
2586 3309
2587 3310
2588 3311
2589 3312
2590 3315
2591 3316
2592 3317
2593 3318
2594 3319
2595 3320
2596 3321
2597 3322
2598 3323
2599 3324
2600 3325
2601 3326
2602 3327
2603 3328
2604 3335
2605 3336
2606 3337
2607 3338
2608 3339
2609 3340
2610 3341
2611 3342
2612 3343
2613 3344
2614 3345
2615 3346
2616 3347
2617 3348
2618 3349
2619 3350
2620 3355
2621 3356
2622 3357
2623 3358
2624 3359
2625 3360
2626 3361
2627 3362
2628 3363
2629 3364
2630 3365
2631 3366
2632 3367
2633 3368
2634 3369
2635 3375
2636 3376
2637 3377
2638 3378
2639 3379
2640 3380
2641 3381
2642 3382
2643 3383
2644 3384
2645 3385
2646 3386
2647 3387
2648 3388
2649 3389
2650 3390
2651 3391
2652 3392
2653 3393
2654 3395
2655 3396
2656 3397
2657 3398
2658 3399
2659 3400
2660 3401
2661 3402
2662 3403
2663 3404
2664 3405
2665 3406
2666 3407
2667 3408
2668 3409
2669 3410
2670 3415
2671 3416
2672 3417
2673 3418
2674 3419
2675 3420
2676 3421
2677 3422
2678 3423
2679 3424
2680 3425
2681 3426
2682 3427
2683 3428
2684 3429
2685 3430
2686 3431
2687 3435
2688 3436
2689 3437
2690 3438
2691 3439
2692 3440
2693 3441
2694 3442
2695 3443
2696 3444
2697 3445
2698 3446
2699 3447
2700 3448
2701 3455
2702 3456
2703 3457
2704 3458
2705 3459
2706 3460
2707 3461
2708 3462
2709 3463
2710 3464
2711 3465
2712 3466
2713 3467
2714 3475
2715 3476
2716 3477
2717 3478
2718 3479
2719 3480
2720 3481
2721 3482
2722 3483
2723 3484
2724 3485
2725 3486
2726 3487
2727 3495
2728 3496
2729 3497
2730 3498
2731 3499
2732 3500
2733 3501
2734 3502
2735 3503
2736 3504
2737 3505
2738 3506
2739 3507
2740 3508
2741 3509
2742 3510
2743 3515
2744 3516
2745 3517
2746 3518
2747 3519
2748 3520
2749 3521
2750 3522
2751 3523
2752 3524
2753 3525
2754 3526
2755 3527
2756 3528
2757 3529
2758 3535
2759 3536
2760 3537
2761 3538
2762 3539
2763 3540
2764 3541
2765 3542
2766 3543
2767 3544
2768 3545
2769 3546
2770 3547
2771 3548
2772 3549
2773 3555
2774 3556
2775 3557
2776 3558
2777 3559
2778 3560
2779 3561
2780 3562
2781 3563
2782 3564
2783 3565
2784 3566
2785 3567
2786 3568
2787 3569
2788 3575
2789 3576
2790 3577
2791 3578
2792 3579
2793 3580
2794 3581
2795 3582
2796 3583
2797 3584
2798 3585
2799 3586
2800 3587
2801 3588
2802 3595
2803 3596
2804 3597
2805 3598
2806 3599
2807 3600
2808 3601
2809 3602
2810 3603
2811 3604
2812 3605
2813 3606
2814 3607
2815 3608
2816 3609
2817 3615
2818 3616
2819 3617
2820 3618
2821 3619
2822 3620
2823 3621
2824 3622
2825 3623
2826 3624
2827 3625
2828 3626
2829 3635
2830 3636
2831 3637
2832 3638
2833 3639
2834 3640
2835 3641
2836 3642
2837 3643
2838 3644
2839 3645
2840 3646
2841 3647
2842 3655
2843 3656
2844 3657
2845 3658
2846 3659
2847 3660
2848 3661
2849 3662
2850 3663
2851 3664
2852 3665
2853 3666
2854 3667
2855 3668
2856 3669
2857 3670
2858 3675
2859 3676
2860 3677
2861 3678
2862 3679
2863 3680
2864 3681
2865 3682
2866 3683
2867 3684
2868 3685
2869 3686
2870 3695
2871 3696
2872 3697
2873 3698
2874 3699
2875 3700
2876 3701
2877 3702
2878 3703
2879 3704
2880 3705
2881 3706
2882 3707
2883 3708
2884 3709
2885 3710
2886 3715
2887 3716
2888 3717
2889 3718
2890 3719
2891 3720
2892 3721
2893 3722
2894 3723
2895 3724
2896 3725
2897 3726
2898 3727
2899 3735
2900 3736
2901 3737
2902 3738
2903 3739
2904 3740
2905 3741
2906 3742
2907 3743
2908 3744
2909 3745
2910 3746
2911 3747
2912 3748
2913 3749
2914 3755
2915 3756
2916 3757
2917 3758
2918 3759
2919 3760
2920 3761
2921 3762
2922 3763
2923 3764
2924 3765
2925 3766
2926 3767
2927 3768
2928 3769
2929 3770
2930 3775
2931 3776
2932 3777
2933 3778
2934 3779
2935 3780
2936 3781
2937 3782
2938 3783
2939 3784
2940 3785
2941 3786
2942 3787
2943 3788
2944 3789
2945 3790
2946 3795
2947 3796
2948 3797
2949 3798
2950 3799
2951 3800
2952 3801
2953 3802
2954 3803
2955 3804
2956 3805
2957 3806
2958 3807
2959 3808
2960 3809
2961 3815
2962 3816
2963 3817
2964 3818
2965 3819
2966 3820
2967 3821
2968 3822
2969 3823
2970 3824
2971 3825
2972 3835
2973 3836
2974 3837
2975 3838
2976 3839
2977 3840
2978 3841
2979 3842
2980 3843
2981 3844
2982 3845
2983 3846
2984 3847
2985 3848
2986 3849
2987 3850
2988 3855
2989 3856
2990 3857
2991 3858
2992 3859
2993 3860
2994 3861
2995 3862
2996 3863
2997 3864
2998 3865
2999 3866
3000 3867
3001 3868
3002 3869
3003 3870
3004 3871
3005 3872
3006 3873
3007 3875
3008 3876
3009 3877
3010 3878
3011 3879
3012 3880
3013 3881
3014 3882
3015 3883
3016 3884
3017 3885
3018 3886
3019 3887
3020 3888
3021 3889
3022 3890
3023 3891
3024 3892
3025 3893
3026 3895
3027 3896
3028 3897
3029 3898
3030 3899
3031 3900
3032 3901
3033 3902
3034 3903
3035 3904
3036 3905
3037 3906
3038 3907
3039 3908
3040 3909
3041 3910
3042 3915
3043 3916
3044 3917
3045 3918
3046 3919
3047 3920
3048 3921
3049 3922
3050 3923
3051 3924
3052 3925
3053 3926
3054 3927
3055 3928
3056 3935
3057 3936
3058 3937
3059 3938
3060 3939
3061 3940
3062 3941
3063 3942
3064 3943
3065 3944
3066 3945
3067 3955
3068 3956
3069 3957
3070 3958
3071 3959
3072 3960
3073 3961
3074 3962
3075 3963
3076 3964
3077 3975
3078 3976
3079 3977
3080 3978
3081 3979
3082 3980
3083 3981
3084 3982
3085 3983
3086 3984
3087 3985
3088 3986
3089 3987
3090 3988
3091 3989
3092 3990
3093 3991
3094 3995
3095 3996
3096 3997
3097 3998
3098 3999
3099 4000
3100 4001
3101 4002
3102 4003
3103 4004
3104 4005
3105 4006
3106 4007
3107 4008
3108 4009
3109 4015
3110 4016
3111 4017
3112 4018
3113 4019
3114 4020
3115 4021
3116 4022
3117 4023
3118 4024
3119 4025
3120 4035
3121 4036
3122 4037
3123 4038
3124 4039
3125 4040
3126 4041
3127 4042
3128 4043
3129 4044
3130 4045
3131 4046
3132 4047
3133 4048
3134 4049
3135 4050
3136 4055
3137 4056
3138 4057
3139 4058
3140 4059
3141 4060
3142 4061
3143 4062
3144 4063
3145 4064
3146 4065
3147 4066
3148 4067
3149 4068
3150 4069
3151 4070
3152 4071
3153 4072
3154 4075
3155 4076
3156 4077
3157 4078
3158 4079
3159 4080
3160 4081
3161 4082
3162 4083
3163 4084
3164 4085
3165 4086
3166 4087
3167 4088
3168 4089
3169 4090
3170 4091
3171 4092
3172 4095
3173 4096
3174 4097
3175 4098
3176 4099
3177 4100
3178 4101
3179 4102
3180 4103
3181 4104
3182 4105
3183 4106
3184 4107
3185 4108
3186 4109
3187 4110
3188 4111
3189 4115
3190 4116
3191 4117
3192 4118
3193 4119
3194 4120
3195 4121
3196 4122
3197 4123
3198 4124
3199 4125
3200 4126
3201 4127
3202 4128
3203 4129
3204 4130
3205 4131
3206 4132
3207 4135
3208 4136
3209 4137
3210 4138
3211 4139
3212 4140
3213 4141
3214 4142
3215 4143
3216 4144
3217 4145
3218 4146
3219 4147
3220 4148
3221 4149
3222 4150
3223 4151
3224 4152
3225 4155
3226 4156
3227 4157
3228 4158
3229 4159
3230 4160
3231 4161
3232 4162
3233 4163
3234 4164
3235 4165
3236 4166
3237 4167
3238 4168
3239 4169
3240 4170
3241 4171
3242 4172
3243 4175
3244 4176
3245 4177
3246 4178
3247 4179
3248 4180
3249 4181
3250 4182
3251 4183
3252 4184
3253 4185
3254 4186
3255 4187
3256 4188
3257 4195
3258 4196
3259 4197
3260 4198
3261 4199
3262 4200
3263 4201
3264 4202
3265 4203
3266 4204
3267 4205
3268 4206
3269 4207
3270 4208
3271 4209
3272 4215
3273 4216
3274 4217
3275 4218
3276 4219
3277 4220
3278 4221
3279 4222
3280 4223
3281 4224
3282 4225
3283 4226
3284 4227
3285 4228
3286 4229
3287 4230
3288 4231
3289 4235
3290 4236
3291 4237
3292 4238
3293 4239
3294 4240
3295 4241
3296 4242
3297 4243
3298 4244
3299 4245
3300 4246
3301 4247
3302 4248
3303 4249
3304 4250
3305 4251
3306 4255
3307 4256
3308 4257
3309 4258
3310 4259
3311 4260
3312 4261
3313 4262
3314 4263
3315 4264
3316 4265
3317 4266
3318 4267
3319 4268
3320 4269
3321 4270
3322 4275
3323 4276
3324 4277
3325 4278
3326 4279
3327 4280
3328 4281
3329 4282
3330 4283
3331 4284
3332 4285
3333 4286
3334 4287
3335 4288
3336 4289
3337 4290
3338 4291
3339 4295
3340 4296
3341 4297
3342 4298
3343 4299
3344 4300
3345 4301
3346 4302
3347 4303
3348 4304
3349 4305
3350 4306
3351 4307
3352 4308
3353 4309
3354 4310
3355 4315
3356 4316
3357 4317
3358 4318
3359 4319
3360 4320
3361 4321
3362 4322
3363 4323
3364 4324
3365 4325
3366 4326
3367 4327
3368 4328
3369 4329
3370 4330
3371 4335
3372 4336
3373 4337
3374 4338
3375 4339
3376 4340
3377 4341
3378 4342
3379 4343
3380 4344
3381 4345
3382 4346
3383 4347
3384 4348
3385 4349
3386 4355
3387 4356
3388 4357
3389 4358
3390 4359
3391 4360
3392 4361
3393 4362
3394 4363
3395 4364
3396 4365
3397 4366
3398 4367
3399 4368
3400 4369
3401 4370
3402 4371
3403 4375
3404 4376
3405 4377
3406 4378
3407 4379
3408 4380
3409 4381
3410 4382
3411 4383
3412 4384
3413 4385
3414 4386
3415 4387
3416 4388
3417 4389
3418 4390
3419 4391
3420 4395
3421 4396
3422 4397
3423 4398
3424 4399
3425 4400
3426 4401
3427 4402
3428 4403
3429 4404
3430 4405
3431 4406
3432 4415
3433 4416
3434 4417
3435 4418
3436 4419
3437 4420
3438 4421
3439 4422
3440 4423
3441 4424
3442 4425
3443 4426
3444 4427
3445 4428
3446 4435
3447 4436
3448 4437
3449 4438
3450 4439
3451 4440
3452 4441
3453 4442
3454 4443
3455 4444
3456 4445
3457 4455
3458 4456
3459 4457
3460 4458
3461 4459
3462 4460
3463 4461
3464 4462
3465 4463
3466 4464
3467 4465
3468 4466
3469 4467
3470 4475
3471 4476
3472 4477
3473 4478
3474 4479
3475 4480
3476 4481
3477 4482
3478 4483
3479 4484
3480 4485
3481 4486
3482 4487
3483 4495
3484 4496
3485 4497
3486 4498
3487 4499
3488 4500
3489 4501
3490 4502
3491 4503
3492 4504
3493 4505
3494 4515
3495 4516
3496 4517
3497 4518
3498 4519
3499 4520
3500 4521
3501 4522
3502 4523
3503 4524
3504 4525
3505 4526
3506 4527
3507 4535
3508 4536
3509 4537
3510 4538
3511 4539
3512 4540
3513 4541
3514 4542
3515 4555
3516 4556
3517 4557
3518 4558
3519 4559
3520 4560
3521 4561
3522 4562
3523 4563
3524 4564
3525 4565
3526 4566
3527 4567
3528 4575
3529 4576
3530 4577
3531 4578
3532 4579
3533 4580
3534 4581
3535 4582
3536 4583
3537 4584
3538 4585
3539 4586
3540 4587
3541 4588
3542 4589
3543 4595
3544 4596
3545 4597
3546 4598
3547 4599
3548 4600
3549 4601
3550 4602
3551 4603
3552 4604
3553 4605
3554 4606
3555 4607
3556 4608
3557 4609
3558 4615
3559 4616
3560 4617
3561 4618
3562 4619
3563 4620
3564 4621
3565 4622
3566 4623
3567 4624
3568 4625
3569 4626
3570 4627
3571 4628
3572 4635
3573 4636
3574 4637
3575 4638
3576 4639
3577 4640
3578 4641
3579 4642
3580 4643
3581 4644
3582 4645
3583 4646
3584 4647
3585 4648
3586 4649
3587 4655
3588 4656
3589 4657
3590 4658
3591 4659
3592 4660
3593 4661
3594 4662
3595 4663
3596 4664
3597 4665
3598 4666
3599 4667
3600 4668
3601 4675
3602 4676
3603 4677
3604 4678
3605 4679
3606 4680
3607 4681
3608 4682
3609 4683
3610 4684
3611 4685
3612 4686
3613 4687
3614 4688
3615 4689
3616 4695
3617 4696
3618 4697
3619 4698
3620 4699
3621 4700
3622 4701
3623 4702
3624 4703
3625 4704
3626 4705
3627 4706
3628 4707
3629 4708
3630 4709
3631 4715
3632 4716
3633 4717
3634 4718
3635 4719
3636 4720
3637 4721
3638 4722
3639 4723
3640 4724
3641 4725
3642 4726
3643 4727
3644 4728
3645 4729
3646 4730
3647 4735
3648 4736
3649 4737
3650 4738
3651 4739
3652 4740
3653 4741
3654 4742
3655 4743
3656 4744
3657 4745
3658 4746
3659 4747
3660 4748
3661 4749
3662 4750
3663 4751
3664 4752
3665 4755
3666 4756
3667 4757
3668 4758
3669 4759
3670 4760
3671 4761
3672 4762
3673 4763
3674 4764
3675 4765
3676 4766
3677 4767
3678 4768
3679 4769
3680 4775
3681 4776
3682 4777
3683 4778
3684 4779
3685 4780
3686 4781
3687 4782
3688 4783
3689 4784
3690 4785
3691 4786
3692 4787
3693 4788
3694 4795
3695 4796
3696 4797
3697 4798
3698 4799
3699 4800
3700 4801
3701 4802
3702 4803
3703 4804
3704 4805
3705 4806
3706 4807
3707 4808
3708 4809
3709 4810
3710 4815
3711 4816
3712 4817
3713 4818
3714 4819
3715 4820
3716 4821
3717 4822
3718 4823
3719 4824
3720 4825
3721 4826
3722 4827
3723 4835
3724 4836
3725 4837
3726 4838
3727 4839
3728 4840
3729 4841
3730 4842
3731 4843
3732 4844
3733 4845
3734 4846
3735 4847
3736 4848
3737 4849
3738 4855
3739 4856
3740 4857
3741 4858
3742 4859
3743 4860
3744 4861
3745 4862
3746 4863
3747 4864
3748 4865
3749 4866
3750 4867
3751 4868
3752 4869
3753 4875
3754 4876
3755 4877
3756 4878
3757 4879
3758 4880
3759 4881
3760 4882
3761 4883
3762 4884
3763 4895
3764 4896
3765 4897
3766 4898
3767 4899
3768 4900
3769 4901
3770 4902
3771 4903
3772 4904
3773 4905
3774 4906
3775 4915
3776 4916
3777 4917
3778 4918
3779 4919
3780 4920
3781 4921
3782 4922
3783 4923
3784 4924
3785 4925
3786 4926
3787 4927
3788 4928
3789 4929
3790 4935
3791 4936
3792 4937
3793 4938
3794 4939
3795 4940
3796 4941
3797 4942
3798 4943
3799 4944
3800 4945
3801 4946
3802 4947
3803 4955
3804 4956
3805 4957
3806 4958
3807 4959
3808 4960
3809 4961
3810 4962
3811 4963
3812 4964
3813 4965
3814 4966
3815 4967
3816 4968
3817 4969
3818 4970
3819 4971
3820 4975
3821 4976
3822 4977
3823 4978
3824 4979
3825 4980
3826 4981
3827 4982
3828 4983
3829 4984
3830 4985
3831 4986
3832 4987
3833 4988
3834 4989
3835 4990
3836 4991
3837 4995
3838 4996
3839 4997
3840 4998
3841 4999
3842 5000
3843 5001
3844 5002
3845 5003
3846 5004
3847 5005
3848 5006
3849 5007
3850 5008
3851 5009
3852 5010
3853 5011
3854 5015
3855 5016
3856 5017
3857 5018
3858 5019
3859 5020
3860 5021
3861 5022
3862 5023
3863 5024
3864 5025
3865 5026
3866 5027
3867 5035
3868 5036
3869 5037
3870 5038
3871 5039
3872 5040
3873 5041
3874 5042
3875 5043
3876 5044
3877 5045
3878 5046
3879 5047
3880 5048
3881 5049
3882 5055
3883 5056
3884 5057
3885 5058
3886 5059
3887 5060
3888 5061
3889 5062
3890 5063
3891 5064
3892 5065
3893 5066
3894 5067
3895 5068
3896 5069
3897 5070
3898 5071
3899 5075
3900 5076
3901 5077
3902 5078
3903 5079
3904 5080
3905 5081
3906 5082
3907 5083
3908 5084
3909 5085
3910 5086
3911 5087
3912 5088
3913 5095
3914 5096
3915 5097
3916 5098
3917 5099
3918 5100
3919 5101
3920 5102
3921 5103
3922 5104
3923 5105
3924 5106
3925 5107
3926 5108
3927 5115
3928 5116
3929 5117
3930 5118
3931 5119
3932 5120
3933 5121
3934 5122
3935 5123
3936 5124
3937 5125
3938 5126
3939 5127
3940 5128
3941 5129
3942 5130
3943 5135
3944 5136
3945 5137
3946 5138
3947 5139
3948 5140
3949 5141
3950 5142
3951 5143
3952 5144
3953 5145
3954 5146
3955 5155
3956 5156
3957 5157
3958 5158
3959 5159
3960 5160
3961 5161
3962 5162
3963 5163
3964 5164
3965 5165
3966 5166
3967 5167
3968 5168
3969 5169
3970 5170
3971 5175
3972 5176
3973 5177
3974 5178
3975 5179
3976 5180
3977 5181
3978 5182
3979 5183
3980 5184
3981 5185
3982 5186
3983 5187
3984 5188
3985 5195
3986 5196
3987 5197
3988 5198
3989 5199
3990 5200
3991 5201
3992 5202
3993 5203
3994 5204
3995 5205
3996 5206
3997 5207
3998 5208
3999 5209
4000 5210
4001 5211
4002 5215
4003 5216
4004 5217
4005 5218
4006 5219
4007 5220
4008 5221
4009 5222
4010 5223
4011 5224
4012 5225
4013 5226
4014 5227
4015 5235
4016 5236
4017 5237
4018 5238
4019 5239
4020 5240
4021 5241
4022 5242
4023 5243
4024 5244
4025 5245
4026 5246
4027 5247
4028 5248
4029 5249
4030 5255
4031 5256
4032 5257
4033 5258
4034 5259
4035 5260
4036 5261
4037 5262
4038 5263
4039 5264
4040 5265
4041 5266
4042 5267
4043 5268
4044 5269
4045 5270
4046 5271
4047 5275
4048 5276
4049 5277
4050 5278
4051 5279
4052 5280
4053 5281
4054 5282
4055 5283
4056 5284
4057 5285
4058 5286
4059 5295
4060 5296
4061 5297
4062 5298
4063 5299
4064 5300
4065 5301
4066 5302
4067 5303
4068 5304
4069 5305
4070 5306
4071 5307
4072 5315
4073 5316
4074 5317
4075 5318
4076 5319
4077 5320
4078 5321
4079 5322
4080 5323
4081 5324
4082 5325
4083 5326
4084 5327
4085 5328
4086 5329
4087 5330
4088 5335
4089 5336
4090 5337
4091 5338
4092 5339
4093 5340
4094 5341
4095 5342
4096 5343
4097 5344
4098 5345
4099 5346
4100 5347
4101 5348
4102 5349
4103 5350
4104 5351
4105 5352
4106 5355
4107 5356
4108 5357
4109 5358
4110 5359
4111 5360
4112 5361
4113 5362
4114 5363
4115 5364
4116 5365
4117 5366
4118 5367
4119 5368
4120 5369
4121 5370
4122 5375
4123 5376
4124 5377
4125 5378
4126 5379
4127 5380
4128 5381
4129 5382
4130 5383
4131 5384
4132 5385
4133 5386
4134 5395
4135 5396
4136 5397
4137 5398
4138 5399
4139 5400
4140 5401
4141 5402
4142 5403
4143 5404
4144 5405
4145 5406
4146 5407
4147 5408
4148 5409
4149 5410
4150 5415
4151 5416
4152 5417
4153 5418
4154 5419
4155 5420
4156 5421
4157 5422
4158 5423
4159 5424
4160 5425
4161 5426
4162 5427
4163 5428
4164 5429
4165 5430
4166 5431
4167 5435
4168 5436
4169 5437
4170 5438
4171 5439
4172 5440
4173 5441
4174 5442
4175 5443
4176 5444
4177 5445
4178 5446
4179 5447
4180 5448
4181 5449
4182 5450
4183 5451
4184 5452
4185 5453
4186 5455
4187 5456
4188 5457
4189 5458
4190 5459
4191 5460
4192 5461
4193 5462
4194 5463
4195 5464
4196 5465
4197 5466
4198 5467
4199 5468
4200 5475
4201 5476
4202 5477
4203 5478
4204 5479
4205 5480
4206 5481
4207 5482
4208 5483
4209 5484
4210 5485
4211 5486
4212 5487
4213 5488
4214 5489
4215 5490
4216 5495
4217 5496
4218 5497
4219 5498
4220 5499
4221 5500
4222 5501
4223 5502
4224 5503
4225 5504
4226 5505
4227 5506
4228 5507
4229 5508
4230 5509
4231 5510
4232 5511
4233 5512
4234 5515
4235 5516
4236 5517
4237 5518
4238 5519
4239 5520
4240 5521
4241 5522
4242 5523
4243 5524
4244 5525
4245 5526
4246 5527
4247 5528
4248 5529
4249 5530
4250 5531
4251 5535
4252 5536
4253 5537
4254 5538
4255 5539
4256 5540
4257 5541
4258 5542
4259 5543
4260 5544
4261 5545
4262 5546
4263 5547
4264 5548
4265 5549
4266 5555
4267 5556
4268 5557
4269 5558
4270 5559
4271 5560
4272 5561
4273 5562
4274 5563
4275 5564
4276 5565
4277 5566
4278 5567
4279 5568
4280 5569
4281 5575
4282 5576
4283 5577
4284 5578
4285 5579
4286 5580
4287 5581
4288 5582
4289 5583
4290 5584
4291 5585
4292 5586
4293 5587
4294 5588
4295 5589
4296 5590
4297 5591
4298 5592
4299 5595
4300 5596
4301 5597
4302 5598
4303 5599
4304 5600
4305 5601
4306 5602
4307 5603
4308 5604
4309 5605
4310 5606
4311 5607
4312 5608
4313 5609
4314 5615
4315 5616
4316 5617
4317 5618
4318 5619
4319 5620
4320 5621
4321 5622
4322 5623
4323 5624
4324 5625
4325 5626
4326 5627
4327 5628
4328 5629
4329 5630
4330 5631
4331 5632
4332 5635
4333 5636
4334 5637
4335 5638
4336 5639
4337 5640
4338 5641
4339 5642
4340 5643
4341 5644
4342 5645
4343 5646
4344 5647
4345 5648
4346 5655
4347 5656
4348 5657
4349 5658
4350 5659
4351 5660
4352 5661
4353 5662
4354 5663
4355 5664
4356 5665
4357 5666
4358 5667
4359 5668
4360 5669
4361 5670
4362 5675
4363 5676
4364 5677
4365 5678
4366 5679
4367 5680
4368 5681
4369 5682
4370 5683
4371 5684
4372 5685
4373 5686
4374 5687
4375 5688
4376 5689
4377 5695
4378 5696
4379 5697
4380 5698
4381 5699
4382 5700
4383 5701
4384 5702
4385 5703
4386 5704
4387 5705
4388 5706
4389 5707
4390 5708
4391 5709
4392 5710
4393 5711
4394 5715
4395 5716
4396 5717
4397 5718
4398 5719
4399 5720
4400 5721
4401 5722
4402 5723
4403 5724
4404 5725
4405 5726
4406 5727
4407 5728
4408 5729
4409 5735
4410 5736
4411 5737
4412 5738
4413 5739
4414 5740
4415 5741
4416 5742
4417 5743
4418 5744
4419 5745
4420 5746
4421 5747
4422 5748
4423 5749
4424 5750
4425 5751
4426 5755
4427 5756
4428 5757
4429 5758
4430 5759
4431 5760
4432 5761
4433 5762
4434 5763
4435 5764
4436 5765
4437 5766
4438 5767
4439 5768
4440 5769
4441 5770
4442 5771
4443 5775
4444 5776
4445 5777
4446 5778
4447 5779
4448 5780
4449 5781
4450 5782
4451 5783
4452 5784
4453 5785
4454 5786
4455 5787
4456 5788
4457 5789
4458 5790
4459 5791
4460 5792
4461 5795
4462 5796
4463 5797
4464 5798
4465 5799
4466 5800
4467 5801
4468 5802
4469 5803
4470 5804
4471 5805
4472 5806
4473 5807
4474 5808
4475 5809
4476 5810
4477 5811
4478 5815
4479 5816
4480 5817
4481 5818
4482 5819
4483 5820
4484 5821
4485 5822
4486 5823
4487 5824
4488 5825
4489 5826
4490 5827
4491 5828
4492 5829
4493 5830
4494 5831
4495 5832
4496 5835
4497 5836
4498 5837
4499 5838
4500 5839
4501 5840
4502 5841
4503 5842
4504 5843
4505 5844
4506 5845
4507 5846
4508 5847
4509 5848
4510 5849
4511 5850
4512 5851
4513 5852
4514 5855
4515 5856
4516 5857
4517 5858
4518 5859
4519 5860
4520 5861
4521 5862
4522 5863
4523 5864
4524 5865
4525 5866
4526 5867
4527 5868
4528 5869
4529 5870
4530 5871
4531 5875
4532 5876
4533 5877
4534 5878
4535 5879
4536 5880
4537 5881
4538 5882
4539 5883
4540 5884
4541 5885
4542 5886
4543 5887
4544 5888
4545 5889
4546 5895
4547 5896
4548 5897
4549 5898
4550 5899
4551 5900
4552 5901
4553 5902
4554 5903
4555 5904
4556 5905
4557 5906
4558 5907
4559 5908
4560 5909
4561 5910
4562 5911
4563 5912
4564 5913
4565 5915
4566 5916
4567 5917
4568 5918
4569 5919
4570 5920
4571 5921
4572 5922
4573 5923
4574 5924
4575 5925
4576 5926
4577 5927
4578 5928
4579 5929
4580 5930
4581 5935
4582 5936
4583 5937
4584 5938
4585 5939
4586 5940
4587 5941
4588 5942
4589 5943
4590 5944
4591 5945
4592 5946
4593 5947
4594 5948
4595 5949
4596 5955
4597 5956
4598 5957
4599 5958
4600 5959
4601 5960
4602 5961
4603 5962
4604 5963
4605 5964
4606 5965
4607 5966
4608 5967
4609 5968
4610 5969
4611 5970
4612 5975
4613 5976
4614 5977
4615 5978
4616 5979
4617 5980
4618 5981
4619 5982
4620 5983
4621 5984
4622 5995
4623 5996
4624 5997
4625 5998
4626 5999
4627 6000
4628 6001
4629 6002
4630 6003
4631 6004
4632 6005
4633 6015
4634 6016
4635 6017
4636 6018
4637 6019
4638 6020
4639 6021
4640 6022
4641 6023
4642 6024
4643 6025
4644 6026
4645 6027
4646 6028
4647 6035
4648 6036
4649 6037
4650 6038
4651 6039
4652 6040
4653 6041
4654 6042
4655 6043
4656 6044
4657 6045
4658 6046
4659 6055
4660 6056
4661 6057
4662 6058
4663 6059
4664 6060
4665 6061
4666 6062
4667 6063
4668 6064
4669 6065
4670 6066
4671 6067
4672 6068
4673 6075
4674 6076
4675 6077
4676 6078
4677 6079
4678 6080
4679 6081
4680 6082
4681 6083
4682 6084
4683 6085
4684 6086
4685 6087
4686 6088
4687 6089
4688 6090
4689 6095
4690 6096
4691 6097
4692 6098
4693 6099
4694 6100
4695 6101
4696 6102
4697 6103
4698 6104
4699 6115
4700 6116
4701 6117
4702 6118
4703 6119
4704 6120
4705 6121
4706 6122
4707 6123
4708 6124
4709 6125
4710 6126
4711 6127
4712 6128
4713 6129
4714 6130
4715 6131
4716 6135
4717 6136
4718 6137
4719 6138
4720 6139
4721 6140
4722 6141
4723 6142
4724 6143
4725 6144
4726 6145
4727 6146
4728 6147
4729 6148
4730 6149
4731 6150
4732 6151
4733 6152
4734 6153
4735 6155
4736 6156
4737 6157
4738 6158
4739 6159
4740 6160
4741 6161
4742 6162
4743 6163
4744 6164
4745 6165
4746 6166
4747 6167
4748 6168
4749 6169
4750 6170
4751 6171
4752 6175
4753 6176
4754 6177
4755 6178
4756 6179
4757 6180
4758 6181
4759 6182
4760 6183
4761 6184
4762 6185
4763 6186
4764 6187
4765 6188
4766 6189
4767 6190
4768 6195
4769 6196
4770 6197
4771 6198
4772 6199
4773 6200
4774 6201
4775 6202
4776 6203
4777 6204
4778 6205
4779 6206
4780 6207
4781 6208
4782 6209
4783 6210
4784 6211
4785 6215
4786 6216
4787 6217
4788 6218
4789 6219
4790 6220
4791 6221
4792 6222
4793 6223
4794 6224
4795 6225
4796 6226
4797 6227
4798 6228
4799 6229
4800 6230
4801 6231
4802 6232
4803 6235
4804 6236
4805 6237
4806 6238
4807 6239
4808 6240
4809 6241
4810 6242
4811 6243
4812 6244
4813 6245
4814 6246
4815 6247
4816 6248
4817 6249
4818 6250
4819 6255
4820 6256
4821 6257
4822 6258
4823 6259
4824 6260
4825 6261
4826 6262
4827 6263
4828 6264
4829 6265
4830 6266
4831 6267
4832 6268
4833 6269
4834 6270
4835 6275
4836 6276
4837 6277
4838 6278
4839 6279
4840 6280
4841 6281
4842 6282
4843 6283
4844 6284
4845 6285
4846 6286
4847 6287
4848 6288
4849 6289
4850 6290
4851 6291
4852 6295
4853 6296
4854 6297
4855 6298
4856 6299
4857 6300
4858 6301
4859 6302
4860 6303
4861 6304
4862 6305
4863 6306
4864 6307
4865 6308
4866 6309
4867 6315
4868 6316
4869 6317
4870 6318
4871 6319
4872 6320
4873 6321
4874 6322
4875 6323
4876 6324
4877 6335
4878 6336
4879 6337
4880 6338
4881 6339
4882 6340
4883 6341
4884 6342
4885 6343
4886 6344
4887 6345
4888 6346
4889 6347
4890 6348
4891 6349
4892 6350
4893 6355
4894 6356
4895 6357
4896 6358
4897 6359
4898 6360
4899 6361
4900 6362
4901 6363
4902 6364
4903 6365
4904 6366
4905 6375
4906 6376
4907 6377
4908 6378
4909 6379
4910 6380
4911 6381
4912 6382
4913 6383
4914 6384
4915 6385
4916 6386
4917 6387
4918 6395
4919 6396
4920 6397
4921 6398
4922 6399
4923 6400
4924 6401
4925 6402
4926 6403
4927 6404
4928 6405
4929 6406
4930 6407
4931 6408
4932 6409
4933 6410
4934 6415
4935 6416
4936 6417
4937 6418
4938 6419
4939 6420
4940 6421
4941 6422
4942 6423
4943 6424
4944 6425
4945 6426
4946 6427
4947 6428
4948 6429
4949 6430
4950 6435
4951 6436
4952 6437
4953 6438
4954 6439
4955 6440
4956 6441
4957 6442
4958 6443
4959 6444
4960 6445
4961 6446
4962 6447
4963 6448
4964 6449
4965 6450
4966 6451
4967 6452
4968 6453
4969 6455
4970 6456
4971 6457
4972 6458
4973 6459
4974 6460
4975 6461
4976 6462
4977 6463
4978 6464
4979 6465
4980 6466
4981 6467
4982 6468
4983 6469
4984 6470
4985 6471
4986 6472
4987 6475
4988 6476
4989 6477
4990 6478
4991 6479
4992 6480
4993 6481
4994 6482
4995 6483
4996 6484
4997 6485
4998 6486
4999 6487
5000 6488
5001 6489
5002 6490
5003 6491
5004 6492
5005 6495
5006 6496
5007 6497
5008 6498
5009 6499
5010 6500
5011 6501
5012 6502
5013 6503
5014 6504
5015 6505
5016 6506
5017 6507
5018 6508
5019 6509
5020 6510
5021 6511
5022 6515
5023 6516
5024 6517
5025 6518
5026 6519
5027 6520
5028 6521
5029 6522
5030 6523
5031 6524
5032 6525
5033 6526
5034 6527
5035 6535
5036 6536
5037 6537
5038 6538
5039 6539
5040 6540
5041 6541
5042 6542
5043 6543
5044 6544
5045 6545
5046 6546
5047 6547
5048 6548
5049 6549
5050 6550
5051 6551
5052 6555
5053 6556
5054 6557
5055 6558
5056 6559
5057 6560
5058 6561
5059 6562
5060 6563
5061 6564
5062 6565
5063 6566
5064 6567
5065 6568
5066 6569
5067 6570
5068 6571
5069 6572
5070 6575
5071 6576
5072 6577
5073 6578
5074 6579
5075 6580
5076 6581
5077 6582
5078 6583
5079 6584
5080 6585
5081 6586
5082 6587
5083 6588
5084 6589
5085 6590
5086 6591
5087 6592
5088 6595
5089 6596
5090 6597
5091 6598
5092 6599
5093 6600
5094 6601
5095 6602
5096 6603
5097 6604
5098 6605
5099 6606
5100 6607
5101 6608
5102 6609
5103 6610
5104 6611
5105 6612
5106 6613
5107 6615
5108 6616
5109 6617
5110 6618
5111 6619
5112 6620
5113 6621
5114 6622
5115 6623
5116 6624
5117 6625
5118 6626
5119 6627
5120 6628
5121 6629
5122 6630
5123 6631
5124 6632
5125 6633
5126 6635
5127 6636
5128 6637
5129 6638
5130 6639
5131 6640
5132 6641
5133 6642
5134 6643
5135 6644
5136 6645
5137 6646
5138 6647
5139 6648
5140 6649
5141 6655
5142 6656
5143 6657
5144 6658
5145 6659
5146 6660
5147 6661
5148 6662
5149 6663
5150 6664
5151 6665
5152 6666
5153 6667
5154 6668
5155 6669
5156 6670
5157 6675
5158 6676
5159 6677
5160 6678
5161 6679
5162 6680
5163 6681
5164 6682
5165 6683
5166 6684
5167 6685
5168 6686
5169 6687
5170 6695
5171 6696
5172 6697
5173 6698
5174 6699
5175 6700
5176 6701
5177 6702
5178 6703
5179 6704
5180 6705
5181 6706
5182 6715
5183 6716
5184 6717
5185 6718
5186 6719
5187 6720
5188 6721
5189 6722
5190 6723
5191 6724
5192 6725
5193 6726
5194 6727
5195 6735
5196 6736
5197 6737
5198 6738
5199 6739
5200 6740
5201 6741
5202 6742
5203 6743
5204 6744
5205 6745
5206 6746
5207 6747
5208 6748
5209 6755
5210 6756
5211 6757
5212 6758
5213 6759
5214 6760
5215 6761
5216 6762
5217 6763
5218 6764
5219 6765
5220 6766
5221 6767
5222 6768
5223 6769
5224 6770
5225 6775
5226 6776
5227 6777
5228 6778
5229 6779
5230 6780
5231 6781
5232 6782
5233 6783
5234 6784
5235 6785
5236 6786
5237 6787
5238 6788
5239 6795
5240 6796
5241 6797
5242 6798
5243 6799
5244 6800
5245 6801
5246 6802
5247 6803
5248 6804
5249 6805
5250 6806
5251 6807
5252 6808
5253 6809
5254 6810
5255 6811
5256 6815
5257 6816
5258 6817
5259 6818
5260 6819
5261 6820
5262 6821
5263 6822
5264 6823
5265 6824
5266 6825
5267 6826
5268 6827
5269 6828
5270 6829
5271 6835
5272 6836
5273 6837
5274 6838
5275 6839
5276 6840
5277 6841
5278 6842
5279 6843
5280 6844
5281 6845
5282 6846
5283 6847
5284 6848
5285 6849
5286 6850
5287 6855
5288 6856
5289 6857
5290 6858
5291 6859
5292 6860
5293 6861
5294 6862
5295 6863
5296 6864
5297 6865
5298 6866
5299 6867
5300 6868
5301 6869
5302 6870
5303 6875
5304 6876
5305 6877
5306 6878
5307 6879
5308 6880
5309 6881
5310 6882
5311 6883
5312 6884
5313 6885
5314 6886
5315 6887
5316 6888
5317 6889
5318 6890
5319 6891
5320 6892
5321 6895
5322 6896
5323 6897
5324 6898
5325 6899
5326 6900
5327 6901
5328 6902
5329 6903
5330 6904
5331 6905
5332 6906
5333 6907
5334 6908
5335 6909
5336 6910
5337 6915
5338 6916
5339 6917
5340 6918
5341 6919
5342 6920
5343 6921
5344 6922
5345 6923
5346 6924
5347 6925
5348 6926
5349 6927
5350 6935
5351 6936
5352 6937
5353 6938
5354 6939
5355 6940
5356 6941
5357 6942
5358 6943
5359 6944
5360 6945
5361 6946
5362 6947
5363 6948
5364 6955
5365 6956
5366 6957
5367 6958
5368 6959
5369 6960
5370 6961
5371 6962
5372 6963
5373 6964
5374 6965
5375 6966
5376 6975
5377 6976
5378 6977
5379 6978
5380 6979
5381 6980
5382 6981
5383 6982
5384 6983
5385 6984
5386 6985
5387 6986
5388 6987
5389 6988
5390 6989
5391 6995
5392 6996
5393 6997
5394 6998
5395 6999
5396 7000
5397 7001
5398 7002
5399 7003
5400 7004
5401 7015
5402 7016
5403 7017
5404 7018
