0 0
1 1
2 2
3 3
4 6
5 7
6 8
7 9
8 10
9 11
10 12
11 13
12 14
13 15
14 16
15 17
16 18
17 19
18 20
19 21
20 26
21 27
22 28
23 29
24 30
25 31
26 32
27 33
28 34
29 35
30 36
31 37
32 38
33 39
34 40
35 41
36 46
37 47
38 48
39 49
40 50
41 51
42 52
43 53
44 54
45 55
46 56
47 57
48 58
49 59
50 60
51 61
52 62
53 66
54 67
55 68
56 69
57 70
58 71
59 72
60 73
61 74
62 75
63 76
64 77
65 78
66 79
67 80
68 81
69 82
70 86
71 87
72 88
73 89
74 90
75 91
76 92
77 93
78 94
79 95
80 96
81 97
82 98
83 99
84 100
85 101
86 102
87 103
88 106
89 107
90 108
91 109
92 110
93 111
94 112
95 113
96 114
97 115
98 116
99 117
100 118
101 119
102 120
103 121
104 126
105 127
106 128
107 129
108 130
109 131
110 132
111 133
112 134
113 135
114 136
115 137
116 138
117 139
118 140
119 141
120 142
121 143
122 146
123 147
124 148
125 149
126 150
127 151
128 152
129 153
130 154
131 155
132 156
133 157
134 158
135 159
136 160
137 161
138 162
139 166
140 167
141 168
142 169
143 170
144 171
145 172
146 173
147 174
148 175
149 176
150 177
151 178
152 179
153 180
154 181
155 186
156 187
157 188
158 189
159 190
160 191
161 192
162 193
163 194
164 195
165 196
166 197
167 198
168 199
169 200
170 201
171 206
172 207
173 208
174 209
175 210
176 211
177 212
178 213
179 214
180 215
181 216
182 217
183 218
184 219
185 220
186 226
187 227
188 228
189 229
190 230
191 231
192 232
193 233
194 234
195 235
196 236
197 237
198 238
199 239
200 240
201 241
202 242
203 246
204 247
205 248
206 249
207 250
208 251
209 252
210 253
211 254
212 255
213 256
214 257
215 258
216 259
217 266
218 267
219 268
220 269
221 270
222 271
223 272
224 273
225 274
226 275
227 286
228 287
229 288
230 289
231 290
232 291
233 292
234 293
235 294
236 295
237 296
238 297
239 298
240 299
241 306
242 307
243 308
244 309
245 310
246 311
247 312
248 313
249 326
250 327
251 328
252 329
253 330
254 331
255 332
256 333
257 334
258 335
259 336
260 337
261 338
262 346
263 347
264 348
265 349
266 350
267 351
268 352
269 353
270 354
271 366
272 367
273 368
274 369
275 370
276 371
277 372
278 373
279 374
280 375
281 386
282 387
283 388
284 389
285 390
286 391
287 392
288 393
289 394
290 406
291 407
292 408
293 409
294 410
295 411
296 412
297 413
298 414
299 415
300 416
301 426
302 427
303 428
304 429
305 430
306 431
307 432
308 433
309 434
310 435
311 436
312 446
313 447
314 448
315 449
316 450
317 451
318 452
319 453
320 454
321 455
322 456
323 457
324 458
325 459
326 466
327 467
328 468
329 469
330 470
331 471
332 472
333 473
334 474
335 475
336 476
337 477
338 478
339 486
340 487
341 488
342 489
343 490
344 491
345 492
346 506
347 507
348 508
349 509
350 510
351 511
352 512
353 513
354 514
355 515
356 516
357 517
358 526
359 527
360 528
361 529
362 530
363 531
364 532
365 533
366 534
367 535
368 536
369 537
370 546
371 547
372 548
373 549
374 550
375 551
376 552
377 553
378 554
379 555
380 556
381 557
382 558
383 559
384 566
385 567
386 568
387 569
388 570
389 571
390 572
391 573
392 574
393 575
394 576
395 577
396 578
397 579
398 580
399 581
400 586
401 587
402 588
403 589
404 590
405 591
406 592
407 593
408 594
409 595
410 596
411 597
412 598
413 599
414 600
415 606
416 607
417 608
418 609
419 610
420 626
421 627
422 628
423 629
424 630
425 631
426 632
427 633
428 634
429 635
430 636
431 637
432 638
433 639
434 646
435 647
436 648
437 649
438 650
439 651
440 652
441 653
442 654
443 655
444 656
445 657
446 658
447 659
448 666
449 667
450 668
451 669
452 670
453 671
454 672
455 673
456 674
457 675
458 676
459 677
460 678
461 679
462 680
463 681
464 686
465 687
466 688
467 689
468 690
469 691
470 692
471 693
472 694
473 695
474 696
475 697
476 698
477 706
478 707
479 708
480 709
481 710
482 711
483 712
484 713
485 714
486 715
487 716
488 717
489 718
490 719
491 726
492 727
493 728
494 729
495 730
496 731
497 732
498 733
499 734
500 735
501 736
502 737
503 738
504 746
505 747
506 748
507 749
508 750
509 751
510 752
511 753
512 754
513 766
514 767
515 768
516 769
517 770
518 771
519 772
520 773
521 774
522 775
523 776
524 786
525 787
526 788
527 789
528 790
529 791
530 792
531 793
532 794
533 795
534 806
535 807
536 808
537 809
538 810
539 811
540 812
541 826
542 827
543 828
544 829
545 830
546 831
547 832
548 833
549 834
550 835
551 836
552 837
553 846
554 847
555 848
556 849
557 850
558 851
559 852
560 853
561 854
562 855
563 856
564 857
565 858
566 859
567 860
568 866
569 867
570 868
571 869
572 870
573 871
574 872
575 873
576 874
577 875
578 876
579 877
580 878
581 879
582 880
583 881
584 882
585 883
586 884
587 886
588 887
589 888
590 889
591 890
592 891
593 892
594 893
595 894
596 895
597 896
598 897
599 898
600 899
601 900
602 901
603 902
604 906
605 907
606 908
607 909
608 910
609 911
610 912
611 913
612 914
613 915
614 916
615 917
616 918
617 919
618 920
619 921
620 922
621 926
622 927
623 928
624 929
625 930
626 931
627 932
628 933
629 934
630 935
631 936
632 937
633 938
634 939
635 940
636 941
637 942
638 943
639 946
640 947
641 948
642 949
643 950
644 951
645 952
646 953
647 954
648 955
649 956
650 957
651 958
652 959
653 960
654 966
655 967
656 968
657 969
658 970
659 971
660 972
661 973
662 974
663 975
664 976
665 977
666 978
667 979
668 980
669 981
670 986
671 987
672 988
673 989
674 990
675 991
676 992
677 993
678 994
679 995
680 996
681 997
682 998
683 999
684 1000
685 1006
686 1007
687 1008
688 1009
689 1010
690 1011
691 1012
692 1013
693 1014
694 1015
695 1016
696 1017
697 1018
698 1019
699 1020
700 1021
701 1026
702 1027
703 1028
704 1029
705 1030
706 1031
707 1032
708 1033
709 1034
710 1035
711 1036
712 1037
713 1038
714 1039
715 1046
716 1047
717 1048
718 1049
719 1050
720 1051
721 1052
722 1053
723 1054
724 1055
725 1056
726 1057
727 1058
728 1059
729 1060
730 1061
731 1062
732 1063
733 1066
734 1067
735 1068
736 1069
737 1070
738 1071
739 1072
740 1073
741 1074
742 1075
743 1076
744 1077
745 1078
746 1079
747 1080
748 1081
749 1086
750 1087
751 1088
752 1089
753 1090
754 1091
755 1092
756 1093
757 1094
758 1095
759 1096
760 1097
761 1098
762 1099
763 1100
764 1101
765 1102
766 1103
767 1106
768 1107
769 1108
770 1109
771 1110
772 1111
773 1112
774 1113
775 1114
776 1115
777 1116
778 1117
779 1118
780 1126
781 1127
782 1128
783 1129
784 1130
785 1131
786 1132
787 1133
788 1134
789 1135
790 1136
791 1146
792 1147
793 1148
794 1149
795 1150
796 1151
797 1152
798 1153
799 1154
800 1155
801 1156
802 1157
803 1158
804 1159
805 1160
806 1166
807 1167
808 1168
809 1169
810 1170
811 1171
812 1172
813 1173
814 1174
815 1175
816 1176
817 1177
818 1178
819 1186
820 1187
821 1188
822 1189
823 1190
824 1191
825 1192
826 1193
827 1194
828 1195
829 1196
830 1197
831 1198
832 1199
833 1206
834 1207
835 1208
836 1209
837 1210
838 1211
839 1212
840 1213
841 1214
842 1215
843 1216
844 1217
845 1218
846 1219
847 1220
848 1221
849 1222
850 1226
851 1227
852 1228
853 1229
854 1230
855 1231
856 1232
857 1233
858 1234
859 1235
860 1236
861 1246
862 1247
863 1248
864 1249
865 1250
866 1251
867 1252
868 1253
869 1254
870 1255
871 1256
872 1257
873 1258
874 1259
875 1260
876 1261
877 1266
878 1267
879 1268
880 1269
881 1270
882 1271
883 1272
884 1273
885 1274
886 1275
887 1276
888 1286
889 1287
890 1288
891 1289
892 1290
893 1291
894 1292
895 1293
896 1294
897 1295
898 1296
899 1297
900 1298
901 1306
902 1307
903 1308
904 1309
905 1310
906 1311
907 1312
908 1313
909 1314
910 1315
911 1316
912 1317
913 1326
914 1327
915 1328
916 1329
917 1330
918 1331
919 1332
920 1333
921 1334
922 1335
923 1336
924 1337
925 1338
926 1339
927 1340
928 1341
929 1346
930 1347
931 1348
932 1349
933 1350
934 1351
935 1352
936 1353
937 1354
938 1355
939 1356
940 1357
941 1366
942 1367
943 1368
944 1369
945 1370
946 1371
947 1372
948 1373
949 1374
950 1375
951 1376
952 1377
953 1378
954 1379
955 1380
956 1386
957 1387
958 1388
959 1389
960 1390
961 1391
962 1392
963 1393
964 1394
965 1395
966 1396
967 1397
968 1398
969 1399
970 1400
971 1401
972 1406
973 1407
974 1408
975 1409
976 1410
977 1411
978 1412
979 1413
980 1414
981 1415
982 1416
983 1417
984 1418
985 1419
986 1420
987 1421
988 1422
989 1423
990 1426
991 1427
992 1428
993 1429
994 1430
995 1431
996 1432
997 1433
998 1434
999 1435
1000 1436
1001 1437
1002 1438
1003 1439
1004 1440
1005 1441
1006 1442
1007 1443
1008 1446
1009 1447
1010 1448
1011 1449
1012 1450
1013 1451
1014 1452
1015 1453
1016 1454
1017 1455
1018 1456
1019 1457
1020 1466
1021 1467
1022 1468
1023 1469
1024 1470
1025 1471
1026 1472
1027 1473
1028 1474
1029 1475
1030 1476
1031 1477
1032 1478
1033 1479
1034 1480
1035 1486
1036 1487
1037 1488
1038 1489
1039 1490
1040 1491
1041 1492
1042 1493
1043 1494
1044 1495
1045 1496
1046 1497
1047 1498
1048 1499
1049 1500
1050 1501
1051 1506
1052 1507
1053 1508
1054 1509
1055 1510
1056 1511
1057 1512
1058 1513
1059 1514
1060 1515
1061 1516
1062 1517
1063 1518
1064 1519
1065 1520
1066 1521
1067 1522
1068 1523
1069 1524
1070 1526
1071 1527
1072 1528
1073 1529
1074 1530
1075 1531
1076 1532
1077 1533
1078 1534
1079 1535
1080 1536
1081 1537
1082 1538
1083 1539
1084 1540
1085 1546
1086 1547
1087 1548
1088 1549
1089 1550
1090 1551
1091 1552
1092 1553
1093 1554
1094 1555
1095 1556
1096 1557
1097 1558
1098 1559
1099 1566
1100 1567
1101 1568
1102 1569
1103 1570
1104 1571
1105 1572
1106 1573
1107 1574
1108 1575
1109 1576
1110 1577
1111 1578
1112 1579
1113 1580
1114 1581
1115 1582
1116 1583
1117 1586
1118 1587
1119 1588
1120 1589
1121 1590
1122 1591
1123 1592
1124 1593
1125 1594
1126 1595
1127 1596
1128 1597
1129 1598
1130 1599
1131 1600
1132 1601
1133 1602
1134 1606
1135 1607
1136 1608
1137 1609
1138 1610
1139 1611
1140 1612
1141 1613
1142 1614
1143 1615
1144 1616
1145 1617
1146 1618
1147 1619
1148 1626
1149 1627
1150 1628
1151 1629
1152 1630
1153 1631
1154 1632
1155 1633
1156 1634
1157 1635
1158 1636
1159 1637
1160 1638
1161 1639
1162 1640
1163 1641
1164 1646
1165 1647
1166 1648
1167 1649
1168 1650
1169 1651
1170 1652
1171 1653
1172 1654
1173 1655
1174 1656
1175 1657
1176 1658
1177 1659
1178 1660
1179 1661
1180 1666
1181 1667
1182 1668
1183 1669
1184 1670
1185 1671
1186 1672
1187 1673
1188 1674
1189 1675
1190 1676
1191 1677
1192 1678
1193 1679
1194 1680
1195 1686
1196 1687
1197 1688
1198 1689
1199 1690
1200 1691
1201 1692
1202 1693
1203 1694
1204 1695
1205 1696
1206 1697
1207 1698
1208 1699
1209 1706
1210 1707
1211 1708
1212 1709
1213 1710
1214 1711
1215 1712
1216 1713
1217 1714
1218 1715
1219 1716
1220 1717
1221 1718
1222 1719
1223 1726
1224 1727
1225 1728
1226 1729
1227 1730
1228 1731
1229 1732
1230 1733
1231 1734
1232 1735
1233 1736
1234 1737
1235 1738
1236 1746
1237 1747
1238 1748
1239 1749
1240 1750
1241 1751
1242 1752
1243 1753
1244 1754
1245 1755
1246 1756
1247 1757
1248 1758
1249 1759
1250 1760
1251 1761
1252 1766
1253 1767
1254 1768
1255 1769
1256 1770
1257 1771
1258 1772
1259 1773
1260 1774
1261 1775
1262 1776
1263 1777
1264 1786
1265 1787
1266 1788
1267 1789
1268 1790
1269 1791
1270 1792
1271 1793
1272 1794
1273 1806
1274 1807
1275 1808
1276 1809
1277 1810
1278 1811
1279 1812
1280 1813
1281 1814
1282 1815
1283 1816
1284 1817
1285 1826
1286 1827
1287 1828
1288 1829
1289 1830
1290 1831
1291 1832
1292 1833
1293 1834
1294 1846
1295 1847
1296 1848
1297 1849
1298 1850
1299 1851
1300 1852
1301 1853
1302 1854
1303 1855
1304 1856
1305 1857
1306 1866
1307 1867
1308 1868
1309 1869
1310 1870
1311 1871
1312 1886
1313 1887
1314 1888
1315 1889
1316 1890
1317 1891
1318 1892
1319 1893
1320 1894
1321 1895
1322 1896
1323 1897
1324 1898
1325 1899
1326 1900
1327 1906
1328 1907
1329 1908
1330 1909
1331 1910
1332 1911
1333 1912
1334 1913
1335 1914
1336 1915
1337 1916
1338 1917
1339 1926
1340 1927
1341 1928
1342 1929
1343 1930
1344 1931
1345 1932
1346 1933
1347 1934
1348 1935
1349 1946
1350 1947
1351 1948
1352 1949
1353 1950
1354 1951
1355 1952
1356 1953
1357 1954
1358 1966
1359 1967
1360 1968
1361 1969
1362 1970
1363 1971
1364 1972
1365 1973
1366 1986
1367 1987
1368 1988
1369 1989
1370 1990
1371 1991
1372 1992
1373 1993
1374 1994
1375 1995
1376 1996
1377 1997
1378 1998
1379 1999
1380 2000
1381 2001
1382 2002
1383 2003
1384 2004
1385 2006
1386 2007
1387 2008
1388 2009
1389 2010
1390 2011
1391 2012
1392 2013
1393 2014
1394 2015
1395 2016
1396 2017
1397 2018
1398 2019
1399 2020
1400 2021
1401 2026
1402 2027
1403 2028
1404 2029
1405 2030
1406 2031
1407 2032
1408 2033
1409 2034
1410 2035
1411 2036
1412 2037
1413 2038
1414 2039
1415 2040
1416 2046
1417 2047
1418 2048
1419 2049
1420 2050
1421 2051
1422 2052
1423 2053
1424 2054
1425 2055
1426 2056
1427 2057
1428 2058
1429 2059
1430 2060
1431 2061
1432 2062
1433 2063
1434 2066
1435 2067
1436 2068
1437 2069
1438 2070
1439 2071
1440 2072
1441 2073
1442 2074
1443 2075
1444 2076
1445 2077
1446 2078
1447 2079
1448 2080
1449 2086
1450 2087
1451 2088
1452 2089
1453 2090
1454 2091
1455 2092
1456 2093
1457 2094
1458 2095
1459 2096
1460 2097
1461 2098
1462 2099
1463 2106
1464 2107
1465 2108
1466 2109
1467 2110
1468 2111
1469 2112
1470 2113
1471 2114
1472 2115
1473 2116
1474 2117
1475 2118
1476 2119
1477 2120
1478 2126
1479 2127
1480 2128
1481 2129
1482 2130
1483 2131
1484 2132
1485 2133
1486 2134
1487 2135
1488 2136
1489 2137
1490 2138
1491 2139
1492 2140
1493 2141
1494 2142
1495 2146
1496 2147
1497 2148
1498 2149
1499 2150
1500 2151
1501 2152
1502 2153
1503 2154
1504 2155
1505 2156
1506 2157
1507 2158
1508 2159
