0 0
1 1
2 8
3 9
4 10
5 11
6 12
7 13
8 14
9 15
10 16
11 28
12 29
13 30
14 31
15 32
16 33
17 34
18 35
19 36
20 37
21 38
22 39
23 48
24 49
25 50
26 51
27 52
28 53
29 54
30 55
31 68
32 69
33 70
34 71
35 72
36 73
37 74
38 75
39 76
40 77
41 78
42 79
43 88
44 89
45 90
46 91
47 92
48 93
49 94
50 95
51 96
52 97
53 98
54 99
55 100
56 101
57 102
58 103
59 104
60 108
61 109
62 110
63 111
64 112
65 113
66 114
67 115
68 116
69 117
70 118
71 128
72 129
73 130
74 131
75 132
76 133
77 134
78 148
79 149
80 150
81 151
82 152
83 153
84 154
85 168
86 169
87 170
88 171
89 172
90 173
91 174
92 175
93 176
94 188
95 189
96 190
97 191
98 192
99 193
100 194
101 195
102 196
103 197
104 198
105 199
106 200
107 201
108 202
109 203
110 204
111 205
112 208
113 209
114 210
115 211
116 212
117 213
118 214
119 215
120 216
121 217
122 218
123 219
124 220
125 221
126 222
127 223
128 228
129 229
130 230
131 231
132 232
133 233
134 234
135 235
136 236
137 237
138 238
139 239
140 240
141 241
142 248
143 249
144 250
145 251
146 252
147 253
148 254
149 255
150 256
151 257
152 258
153 259
154 260
155 268
156 269
157 270
158 271
159 272
160 273
161 274
162 275
163 276
164 277
165 278
166 279
167 280
168 288
169 289
170 290
171 291
172 292
173 293
174 294
175 295
176 296
177 297
178 298
179 299
180 300
181 308
182 309
183 310
184 311
185 312
186 313
187 314
188 315
189 316
190 317
191 328
192 329
193 330
194 331
195 332
196 333
197 334
198 335
199 336
200 337
201 338
202 339
203 340
204 341
205 342
206 348
207 349
208 350
209 351
210 352
211 353
212 354
213 355
214 356
215 357
216 358
217 359
218 360
219 368
220 369
221 370
222 371
223 372
224 373
225 374
226 375
227 376
228 377
229 378
230 379
231 380
232 381
233 388
234 389
235 390
236 391
237 392
238 393
239 394
240 395
241 396
242 397
243 398
244 399
245 400
246 401
247 402
248 408
249 409
250 410
251 411
252 412
253 413
254 414
255 415
256 416
257 428
258 429
259 430
260 431
261 432
262 433
263 434
264 435
265 436
266 437
267 438
268 439
269 440
270 441
271 448
272 449
273 450
274 451
275 452
276 453
277 454
278 455
279 456
280 457
281 458
282 459
283 460
284 461
285 462
286 468
287 469
288 470
289 471
290 472
291 473
292 474
293 475
294 476
295 477
296 478
297 488
298 489
299 490
300 491
301 492
302 493
303 494
304 495
305 496
306 497
307 498
308 499
309 500
310 501
311 502
312 503
313 508
314 509
315 510
316 511
317 512
318 513
319 514
320 515
321 516
322 528
323 529
324 530
325 531
326 548
327 549
328 550
329 551
330 552
331 553
332 568
333 569
334 570
335 571
336 572
337 573
338 574
339 575
340 576
341 577
342 578
343 579
344 580
345 581
346 588
347 589
348 590
349 591
350 592
351 593
352 594
353 595
354 596
355 597
356 598
357 599
358 608
359 609
360 610
361 611
362 612
363 613
364 614
365 615
366 616
367 617
368 628
369 629
370 630
371 631
372 632
373 633
374 634
375 635
376 636
377 648
378 649
379 650
380 651
381 652
382 653
383 654
384 655
385 656
386 657
387 658
388 659
389 660
390 661
391 662
392 663
393 668
394 669
395 670
396 671
397 672
398 673
399 674
400 675
401 688
402 689
403 690
404 691
405 692
406 693
407 694
408 695
409 696
410 697
411 698
412 708
413 709
414 710
415 711
416 712
417 713
418 714
419 715
420 728
421 729
422 730
423 731
424 732
425 733
426 734
427 735
428 736
429 737
430 738
431 739
432 740
433 741
434 742
435 743
436 748
437 749
438 750
439 751
440 752
441 753
442 754
443 755
444 756
445 757
446 758
447 768
448 769
449 770
450 771
451 772
452 773
453 774
454 775
455 776
456 777
457 778
458 779
459 780
460 781
461 782
462 788
463 789
464 790
465 791
466 792
467 793
468 794
469 795
470 796
471 797
472 798
473 799
474 800
475 801
476 808
477 809
478 810
479 811
480 812
481 813
482 814
483 815
484 816
485 817
486 818
487 819
488 820
489 828
490 829
491 830
492 831
493 832
494 833
495 834
496 835
497 836
498 837
499 838
500 839
501 840
502 848
503 849
504 850
505 851
506 852
507 853
508 854
509 868
510 869
511 870
512 871
513 872
514 873
515 874
516 875
517 876
518 877
519 878
520 879
521 888
522 889
523 890
524 891
525 892
526 893
527 894
528 895
529 896
530 897
531 898
532 899
533 900
534 901
535 902
536 908
537 909
538 910
539 911
540 912
541 913
542 914
543 915
544 916
545 917
546 918
547 919
548 920
549 921
550 922
551 928
552 929
553 930
554 931
555 932
556 933
557 934
558 935
559 936
560 937
561 938
562 948
563 949
564 950
565 951
566 952
567 953
568 954
569 955
570 956
571 957
572 958
573 959
574 968
575 969
576 970
577 971
578 972
579 973
580 974
581 975
582 976
583 977
584 988
585 989
586 990
587 991
588 992
589 1008
590 1009
591 1010
592 1011
593 1012
594 1013
595 1014
596 1015
597 1016
598 1017
599 1018
600 1019
601 1028
602 1029
603 1030
604 1031
605 1032
606 1033
607 1034
608 1035
609 1036
610 1037
611 1038
612 1039
613 1040
614 1048
615 1049
616 1050
617 1051
618 1052
619 1053
620 1054
621 1055
622 1056
623 1057
624 1058
625 1068
626 1069
627 1070
628 1071
629 1072
630 1073
631 1074
632 1075
633 1076
634 1077
635 1088
636 1089
637 1090
638 1091
639 1092
640 1093
641 1094
642 1095
643 1096
644 1097
645 1098
646 1099
647 1100
648 1101
649 1108
650 1109
651 1110
652 1111
653 1112
654 1113
655 1114
656 1115
657 1116
658 1117
659 1118
660 1119
661 1120
662 1128
663 1129
664 1130
665 1131
666 1132
667 1133
668 1134
669 1135
670 1136
671 1137
672 1138
673 1139
674 1140
675 1141
676 1148
677 1149
678 1150
679 1151
680 1152
681 1153
682 1154
683 1155
684 1156
685 1157
686 1158
687 1159
688 1168
689 1169
690 1170
691 1171
692 1172
693 1173
694 1174
695 1188
696 1189
697 1208
698 1209
699 1210
700 1211
701 1228
702 1229
703 1230
704 1248
705 1249
706 1250
707 1268
708 1269
709 1288
710 1289
711 1290
712 1291
713 1292
714 1293
715 1294
716 1295
717 1296
718 1297
719 1298
720 1299
721 1300
722 1308
723 1309
724 1310
725 1311
726 1312
727 1313
728 1314
729 1315
730 1316
731 1317
732 1328
733 1329
734 1330
735 1331
736 1332
737 1333
738 1334
739 1348
740 1349
741 1368
742 1369
743 1370
744 1371
745 1388
746 1389
747 1408
748 1409
749 1428
750 1429
751 1430
752 1431
753 1448
754 1449
755 1450
756 1451
757 1468
758 1469
759 1488
760 1489
761 1490
762 1491
763 1492
764 1493
765 1494
766 1495
767 1496
768 1497
769 1498
770 1499
771 1508
772 1509
773 1510
774 1511
775 1512
776 1513
777 1514
778 1515
779 1516
780 1517
781 1518
782 1519
783 1520
784 1521
785 1528
786 1529
787 1530
788 1531
789 1532
790 1533
791 1534
792 1535
793 1536
794 1537
795 1538
796 1539
797 1548
798 1549
799 1550
800 1551
801 1552
802 1553
803 1554
804 1555
805 1556
806 1557
807 1558
808 1568
809 1569
810 1570
811 1571
812 1572
813 1573
814 1574
815 1575
816 1576
817 1577
818 1578
819 1579
820 1588
821 1589
822 1590
823 1591
824 1592
825 1593
826 1594
827 1595
828 1596
829 1597
830 1598
831 1599
832 1608
833 1609
834 1610
835 1611
836 1612
837 1613
838 1614
839 1615
840 1616
841 1617
842 1618
843 1628
844 1629
845 1630
846 1631
847 1632
848 1633
849 1634
850 1635
851 1636
852 1637
853 1638
854 1639
855 1648
856 1649
857 1650
858 1651
859 1652
860 1653
861 1654
862 1655
863 1656
864 1657
865 1658
866 1659
867 1660
868 1661
869 1662
870 1663
871 1664
872 1668
873 1669
874 1670
875 1671
876 1672
877 1673
878 1674
879 1675
880 1676
881 1677
882 1678
883 1679
884 1688
885 1689
886 1690
887 1691
888 1692
889 1693
890 1694
891 1695
892 1696
893 1697
894 1698
895 1699
896 1700
897 1701
898 1702
899 1703
900 1708
901 1709
902 1710
903 1711
904 1712
905 1713
906 1714
907 1715
908 1716
909 1717
910 1718
911 1719
912 1720
913 1728
914 1729
915 1730
916 1731
917 1732
918 1733
919 1734
920 1735
921 1736
922 1737
923 1738
924 1739
925 1748
926 1749
927 1750
928 1751
929 1752
930 1753
931 1754
932 1755
933 1756
934 1757
935 1758
936 1768
937 1769
938 1770
939 1771
940 1772
941 1773
942 1774
943 1775
944 1776
945 1777
946 1778
947 1779
948 1780
949 1788
950 1789
951 1790
952 1791
953 1792
954 1793
955 1794
956 1795
957 1796
958 1797
959 1798
960 1808
961 1809
962 1810
963 1811
964 1812
965 1813
966 1814
967 1815
968 1816
969 1817
970 1818
971 1819
972 1820
973 1821
974 1828
975 1829
976 1830
977 1831
978 1832
979 1833
980 1834
981 1848
982 1849
983 1850
984 1851
985 1852
986 1853
987 1854
988 1855
989 1856
990 1857
991 1858
992 1868
993 1869
994 1870
995 1871
996 1872
997 1873
998 1874
999 1875
1000 1876
1001 1877
1002 1878
1003 1879
1004 1888
1005 1889
1006 1890
1007 1891
1008 1892
1009 1893
1010 1894
1011 1895
1012 1896
1013 1897
1014 1898
1015 1908
1016 1909
1017 1910
1018 1911
1019 1912
1020 1913
1021 1914
1022 1915
1023 1916
1024 1917
1025 1918
1026 1919
1027 1920
1028 1921
1029 1928
1030 1929
1031 1930
1032 1931
1033 1932
1034 1933
1035 1934
1036 1935
1037 1948
1038 1949
1039 1950
1040 1951
1041 1952
1042 1953
1043 1954
1044 1955
1045 1956
1046 1957
1047 1968
1048 1969
1049 1970
1050 1971
1051 1972
1052 1973
1053 1974
1054 1975
1055 1988
1056 1989
1057 1990
1058 1991
1059 2008
1060 2009
1061 2028
1062 2029
1063 2030
1064 2031
1065 2032
1066 2033
1067 2034
1068 2035
1069 2048
1070 2049
1071 2050
1072 2051
1073 2052
1074 2053
1075 2068
1076 2069
1077 2070
1078 2071
1079 2072
1080 2073
1081 2074
1082 2075
1083 2076
1084 2077
1085 2078
1086 2088
1087 2089
1088 2090
1089 2091
1090 2092
1091 2093
1092 2094
1093 2095
1094 2096
1095 2097
1096 2098
1097 2099
1098 2100
1099 2101
1100 2108
1101 2109
1102 2110
1103 2111
1104 2112
1105 2113
1106 2128
1107 2129
1108 2130
1109 2131
1110 2132
1111 2133
1112 2134
1113 2135
1114 2136
1115 2137
1116 2148
1117 2149
1118 2168
1119 2169
1120 2188
1121 2189
1122 2208
1123 2209
1124 2228
1125 2229
1126 2248
1127 2249
1128 2268
1129 2269
1130 2270
1131 2271
1132 2288
1133 2289
1134 2290
1135 2291
1136 2308
1137 2309
1138 2310
1139 2311
1140 2328
1141 2329
1142 2330
1143 2331
1144 2348
1145 2349
1146 2350
1147 2351
1148 2352
1149 2353
1150 2368
1151 2369
1152 2370
1153 2371
1154 2372
1155 2388
1156 2389
1157 2390
1158 2391
1159 2392
1160 2408
1161 2409
1162 2410
1163 2411
1164 2412
1165 2413
1166 2414
1167 2415
1168 2428
1169 2429
1170 2430
1171 2431
1172 2432
1173 2433
1174 2434
1175 2435
1176 2448
1177 2449
1178 2450
1179 2451
1180 2452
1181 2453
1182 2454
1183 2455
1184 2456
1185 2457
1186 2458
1187 2459
1188 2468
1189 2469
1190 2470
1191 2471
1192 2472
1193 2473
1194 2474
1195 2475
1196 2476
1197 2477
1198 2478
1199 2479
1200 2480
1201 2481
1202 2482
1203 2488
1204 2489
1205 2490
1206 2491
1207 2492
1208 2493
1209 2494
1210 2495
1211 2496
1212 2497
1213 2498
1214 2508
1215 2509
1216 2510
1217 2511
1218 2512
1219 2513
1220 2514
1221 2515
1222 2516
1223 2517
1224 2518
1225 2528
1226 2529
1227 2530
1228 2531
1229 2532
1230 2533
1231 2534
1232 2535
1233 2536
1234 2537
1235 2538
1236 2539
1237 2540
1238 2541
1239 2548
1240 2549
1241 2550
1242 2551
1243 2552
1244 2553
1245 2554
1246 2555
1247 2556
1248 2557
1249 2558
1250 2559
1251 2560
1252 2561
1253 2562
1254 2568
1255 2569
1256 2570
1257 2571
1258 2572
1259 2573
1260 2574
1261 2575
1262 2576
1263 2577
1264 2578
1265 2579
1266 2580
1267 2581
1268 2588
1269 2589
1270 2590
1271 2591
1272 2592
1273 2593
1274 2594
1275 2595
1276 2596
1277 2608
1278 2609
1279 2610
1280 2611
1281 2612
1282 2613
1283 2614
1284 2615
1285 2616
1286 2617
1287 2618
1288 2628
1289 2629
1290 2630
1291 2631
1292 2632
1293 2633
1294 2634
1295 2635
1296 2648
1297 2649
1298 2650
1299 2651
1300 2652
1301 2653
1302 2654
1303 2655
1304 2656
1305 2657
1306 2668
1307 2669
1308 2670
1309 2671
1310 2672
1311 2673
1312 2674
1313 2675
1314 2676
1315 2677
1316 2678
1317 2679
1318 2680
1319 2688
1320 2689
1321 2690
1322 2691
1323 2692
1324 2693
1325 2694
1326 2695
1327 2696
1328 2697
1329 2698
1330 2708
1331 2709
1332 2710
1333 2711
1334 2712
1335 2713
1336 2714
1337 2715
1338 2716
1339 2717
1340 2728
1341 2729
1342 2730
1343 2731
1344 2732
1345 2733
1346 2734
1347 2735
1348 2736
1349 2737
1350 2738
1351 2739
1352 2740
1353 2741
1354 2742
1355 2743
1356 2744
1357 2748
1358 2749
1359 2750
1360 2751
1361 2752
1362 2753
1363 2754
1364 2768
1365 2769
1366 2770
1367 2771
1368 2772
1369 2773
1370 2774
1371 2775
1372 2776
1373 2777
1374 2778
1375 2779
1376 2788
1377 2789
1378 2790
1379 2791
1380 2792
1381 2793
1382 2794
1383 2795
1384 2808
1385 2809
1386 2810
1387 2811
1388 2812
1389 2813
1390 2814
1391 2815
1392 2816
1393 2817
1394 2828
1395 2829
1396 2830
1397 2831
1398 2832
1399 2833
1400 2834
1401 2835
1402 2836
1403 2837
1404 2838
1405 2848
1406 2849
1407 2850
1408 2851
1409 2852
1410 2853
1411 2854
1412 2855
1413 2856
1414 2857
1415 2868
1416 2869
1417 2870
1418 2871
1419 2872
1420 2873
1421 2874
1422 2875
1423 2876
1424 2877
1425 2888
1426 2889
1427 2890
1428 2891
1429 2892
1430 2893
1431 2894
1432 2895
1433 2896
1434 2908
1435 2909
1436 2910
1437 2911
1438 2912
1439 2913
1440 2914
1441 2915
1442 2916
1443 2917
1444 2918
1445 2919
1446 2920
1447 2921
1448 2922
1449 2923
1450 2928
1451 2929
1452 2930
1453 2931
1454 2932
1455 2933
1456 2934
1457 2935
1458 2936
1459 2937
1460 2938
1461 2948
1462 2949
1463 2950
1464 2951
1465 2952
1466 2953
1467 2954
1468 2955
1469 2956
1470 2957
1471 2958
1472 2959
1473 2960
1474 2968
1475 2969
1476 2970
1477 2971
1478 2972
1479 2973
1480 2974
1481 2975
1482 2976
1483 2977
1484 2978
1485 2979
1486 2988
1487 2989
1488 2990
1489 2991
1490 2992
1491 2993
1492 2994
1493 2995
1494 2996
1495 2997
1496 2998
1497 2999
1498 3000
1499 3001
1500 3002
1501 3008
1502 3009
1503 3010
1504 3011
1505 3012
1506 3013
1507 3014
1508 3015
1509 3016
1510 3017
1511 3018
1512 3019
1513 3020
1514 3021
1515 3028
1516 3029
1517 3030
1518 3031
1519 3032
1520 3033
1521 3034
1522 3035
1523 3036
1524 3048
1525 3049
1526 3050
1527 3051
1528 3052
1529 3053
1530 3054
1531 3055
1532 3056
1533 3057
1534 3058
1535 3059
1536 3060
1537 3061
1538 3068
1539 3069
1540 3070
1541 3071
1542 3072
1543 3073
1544 3074
1545 3075
1546 3076
1547 3077
1548 3088
1549 3089
1550 3090
1551 3091
1552 3092
1553 3093
1554 3094
1555 3095
1556 3096
1557 3097
1558 3098
1559 3108
1560 3109
1561 3110
1562 3111
1563 3112
1564 3113
1565 3114
1566 3115
1567 3128
1568 3129
1569 3130
1570 3131
1571 3132
1572 3133
1573 3134
1574 3135
1575 3136
1576 3137
1577 3138
1578 3139
1579 3140
1580 3141
1581 3148
1582 3149
1583 3150
1584 3151
1585 3152
1586 3153
1587 3154
1588 3155
1589 3156
1590 3168
1591 3169
1592 3170
1593 3171
1594 3172
1595 3173
1596 3174
1597 3175
1598 3176
1599 3177
1600 3178
1601 3179
1602 3188
1603 3189
1604 3190
1605 3191
1606 3192
1607 3193
1608 3194
1609 3195
1610 3196
1611 3197
1612 3198
1613 3199
1614 3208
1615 3209
1616 3210
1617 3211
1618 3212
1619 3213
1620 3214
1621 3215
1622 3216
1623 3217
1624 3218
1625 3219
1626 3220
1627 3221
1628 3228
1629 3229
1630 3230
1631 3231
1632 3232
1633 3233
1634 3234
1635 3235
1636 3236
1637 3237
1638 3238
1639 3239
1640 3240
1641 3241
1642 3242
1643 3243
1644 3248
1645 3249
1646 3250
1647 3251
1648 3252
1649 3253
1650 3254
1651 3255
1652 3256
1653 3257
1654 3258
1655 3259
1656 3260
1657 3261
1658 3262
1659 3263
1660 3264
1661 3265
1662 3268
1663 3269
1664 3270
1665 3271
1666 3272
1667 3273
1668 3274
1669 3275
1670 3276
1671 3277
1672 3288
1673 3289
1674 3290
1675 3291
1676 3292
1677 3293
1678 3294
1679 3295
1680 3296
1681 3297
1682 3298
1683 3299
1684 3300
1685 3301
1686 3302
1687 3303
1688 3308
1689 3309
1690 3310
1691 3311
1692 3312
1693 3313
1694 3314
1695 3315
1696 3316
1697 3317
1698 3318
1699 3319
1700 3320
1701 3328
1702 3329
1703 3330
1704 3331
1705 3332
1706 3333
1707 3334
1708 3335
1709 3336
1710 3348
1711 3349
1712 3350
1713 3351
1714 3352
1715 3353
1716 3354
1717 3355
1718 3356
1719 3368
1720 3369
1721 3370
1722 3371
1723 3372
1724 3373
1725 3374
1726 3375
1727 3376
1728 3377
1729 3378
1730 3379
1731 3380
1732 3381
1733 3382
1734 3383
1735 3388
1736 3389
1737 3390
1738 3391
1739 3392
1740 3393
1741 3394
1742 3395
1743 3396
1744 3397
1745 3398
1746 3399
1747 3400
1748 3401
1749 3408
1750 3409
1751 3410
1752 3411
1753 3412
1754 3413
1755 3414
1756 3415
1757 3416
1758 3417
1759 3418
1760 3419
1761 3420
1762 3428
1763 3429
1764 3430
1765 3431
1766 3432
1767 3433
1768 3434
1769 3435
1770 3436
1771 3448
1772 3449
1773 3450
1774 3451
1775 3452
1776 3453
1777 3454
