0 0
1 1
2 2
3 3
4 4
5 8
6 9
7 10
8 11
9 12
10 13
11 14
12 15
13 16
14 17
15 18
16 19
17 20
18 28
19 29
20 30
21 31
22 32
23 33
24 34
25 35
26 48
27 49
28 50
29 51
30 52
31 53
32 54
33 55
34 56
35 68
36 69
37 70
38 71
39 72
40 73
41 74
42 75
43 76
44 77
45 78
46 79
47 80
48 81
49 82
50 83
51 84
52 85
53 86
54 88
55 89
56 90
57 91
58 92
59 93
60 94
61 95
62 96
63 97
64 98
65 99
66 100
67 101
68 102
69 103
70 104
71 105
72 106
73 108
74 109
75 110
76 111
77 112
78 113
79 114
80 115
81 116
82 117
83 118
84 119
85 120
86 121
87 122
88 123
89 124
90 128
91 129
92 130
93 131
94 132
95 133
96 134
97 135
98 136
99 137
100 138
101 139
102 140
103 141
104 142
105 143
106 148
107 149
108 150
109 151
110 152
111 153
112 154
113 155
114 156
115 157
116 158
117 159
118 160
119 161
120 162
121 163
122 168
123 169
124 170
125 171
126 172
127 173
128 174
129 175
130 176
131 177
132 178
133 179
134 188
135 189
136 190
137 191
138 192
139 193
140 194
141 195
142 196
143 197
144 198
145 199
146 200
147 201
148 202
149 203
150 208
151 209
152 210
153 211
154 212
155 213
156 214
157 215
158 216
159 217
160 218
161 219
162 220
163 221
164 222
165 223
166 224
167 225
168 228
169 229
170 230
171 231
172 232
173 233
174 234
175 235
176 236
177 237
178 238
179 239
180 240
181 241
182 242
183 243
184 244
185 248
186 249
187 250
188 251
189 252
190 253
191 254
192 255
193 256
194 257
195 258
196 259
197 260
198 261
199 262
200 263
201 264
202 268
203 269
204 270
205 271
206 272
207 273
208 274
209 275
210 276
211 277
212 278
213 279
214 280
215 281
216 282
217 288
218 289
219 290
220 291
221 292
222 293
223 294
224 295
225 296
226 297
227 298
228 299
229 300
230 301
231 302
232 308
233 309
234 310
235 311
236 312
237 313
238 314
239 315
240 316
241 317
242 318
243 319
244 320
245 321
246 322
247 328
248 329
249 330
250 331
251 332
252 333
253 334
254 335
255 336
256 337
257 338
258 339
259 340
260 341
261 342
262 343
263 344
264 345
265 348
266 349
267 350
268 351
269 352
270 353
271 354
272 355
273 356
274 357
275 358
276 359
277 360
278 361
279 362
280 363
281 364
282 368
283 369
284 370
285 371
286 372
287 373
288 374
289 375
290 376
291 377
292 378
293 379
294 380
295 381
296 388
297 389
298 390
299 391
300 392
301 393
302 394
303 395
304 396
305 397
306 398
307 399
308 400
309 401
310 402
311 403
312 404
313 405
314 406
315 408
316 409
317 410
318 411
319 412
320 413
321 414
322 415
323 416
324 417
325 418
326 419
327 420
328 421
329 422
330 423
331 428
332 429
333 430
334 431
335 432
336 433
337 434
338 435
339 436
340 437
341 438
342 439
343 440
344 441
345 442
346 443
347 444
348 445
349 446
350 448
351 449
352 450
353 451
354 452
355 453
356 454
357 455
358 456
359 457
360 458
361 459
362 460
363 461
364 462
365 468
366 469
367 470
368 471
369 472
370 473
371 474
372 475
373 476
374 477
375 478
376 479
377 480
378 481
379 482
380 488
381 489
382 490
383 491
384 492
385 493
386 494
387 495
388 496
389 497
390 498
391 499
392 500
393 501
394 502
395 503
396 508
397 509
398 510
399 511
400 512
401 513
402 514
403 515
404 516
405 517
406 518
407 528
408 529
409 530
410 531
411 532
412 533
413 534
414 535
415 536
416 537
417 538
418 539
419 540
420 541
421 548
422 549
423 550
424 551
425 552
426 553
427 554
428 555
429 556
430 557
431 558
432 559
433 560
434 561
435 562
436 563
437 564
438 565
439 566
440 568
441 569
442 570
443 571
444 572
445 573
446 574
447 575
448 576
449 577
450 578
451 579
452 580
453 581
454 582
455 583
456 584
457 585
458 586
459 588
460 589
461 590
462 591
463 592
464 593
465 594
466 595
467 596
468 597
469 598
470 599
471 600
472 601
473 602
474 603
475 604
476 608
477 609
478 610
479 611
480 612
481 613
482 614
483 615
484 616
485 617
486 618
487 619
488 620
489 621
490 622
491 623
492 624
493 628
494 629
495 630
496 631
497 632
498 633
499 634
500 635
501 636
502 637
503 638
504 639
505 648
506 649
507 650
508 651
509 652
510 653
511 654
512 655
513 656
514 657
515 658
516 659
517 660
518 661
519 662
520 663
521 664
522 665
523 666
524 668
525 669
526 670
527 671
528 672
529 673
530 674
531 675
532 676
533 677
534 678
535 679
536 680
537 681
538 682
539 683
540 684
541 685
542 688
543 689
544 690
545 691
546 692
547 693
548 694
549 695
550 696
551 697
552 698
553 699
554 700
555 701
556 702
557 703
558 704
559 705
560 706
561 708
562 709
563 710
564 711
565 712
566 713
567 714
568 715
569 716
570 717
571 718
572 719
573 720
574 721
575 722
576 723
577 724
578 728
579 729
580 730
581 731
582 732
583 733
584 734
585 735
586 736
587 737
588 738
589 739
590 740
591 741
592 742
593 743
594 748
595 749
596 750
597 751
598 752
599 753
600 754
601 755
602 756
603 757
604 758
605 759
606 760
607 761
608 762
609 763
610 764
611 765
612 766
613 768
614 769
615 770
616 771
617 772
618 773
619 774
620 775
621 776
622 777
623 778
624 779
625 780
626 781
627 782
628 783
629 784
630 785
631 788
632 789
633 790
634 791
635 792
636 793
637 794
638 795
639 796
640 797
641 798
642 799
643 800
644 801
645 802
646 803
647 804
648 805
649 806
650 808
651 809
652 810
653 811
654 812
655 813
656 814
657 815
658 816
659 817
660 818
661 819
662 820
663 821
664 822
665 823
666 828
667 829
668 830
669 831
670 832
671 833
672 834
673 835
674 836
675 837
676 838
677 839
678 840
679 841
680 842
681 843
682 844
683 845
684 846
685 848
686 849
687 850
688 851
689 852
690 853
691 854
692 855
693 856
694 857
695 858
696 859
697 860
698 861
699 862
700 863
701 864
702 868
703 869
704 870
705 871
706 872
707 873
708 874
709 875
710 876
711 877
712 878
713 879
714 880
715 881
716 882
717 883
718 884
719 888
720 889
721 890
722 891
723 892
724 893
725 894
726 895
727 896
728 897
729 898
730 899
731 900
732 901
733 902
734 903
735 904
736 905
737 906
738 907
739 908
740 909
741 910
742 911
743 912
744 913
745 914
746 915
747 916
748 917
749 918
750 919
751 920
752 921
753 922
754 923
755 924
756 925
757 926
758 927
759 928
760 929
761 930
762 931
763 932
764 933
765 934
766 935
767 936
768 937
769 938
770 939
771 940
772 941
773 942
774 943
775 944
776 945
777 946
778 947
779 948
780 949
781 950
782 951
783 952
784 953
785 954
786 955
787 956
788 957
789 958
790 959
791 960
792 961
793 962
794 963
795 964
796 965
797 968
798 969
799 970
800 971
801 972
802 973
803 974
804 975
805 976
806 977
807 978
808 979
809 980
810 981
811 982
812 983
813 984
814 985
815 988
816 989
817 990
818 991
819 992
820 993
821 994
822 995
823 996
824 997
825 998
826 999
827 1000
828 1001
829 1002
830 1003
831 1004
832 1005
833 1006
834 1007
835 1008
836 1009
837 1010
838 1011
839 1012
840 1013
841 1014
842 1015
843 1016
844 1017
845 1018
846 1019
847 1020
848 1021
849 1022
850 1023
851 1024
852 1028
853 1029
854 1030
855 1031
856 1032
857 1033
858 1034
859 1035
860 1036
861 1037
862 1038
863 1039
864 1040
865 1041
866 1042
867 1048
868 1049
869 1050
870 1051
871 1052
872 1053
873 1054
874 1055
875 1056
876 1057
877 1058
878 1059
879 1060
880 1061
881 1062
882 1063
883 1064
884 1065
885 1066
886 1068
887 1069
888 1070
889 1071
890 1072
891 1073
892 1074
893 1075
894 1076
895 1077
896 1078
897 1079
898 1080
899 1081
900 1082
901 1083
902 1084
903 1088
904 1089
905 1090
906 1091
907 1092
908 1093
909 1094
910 1095
911 1096
912 1097
913 1098
914 1099
915 1100
916 1101
917 1108
918 1109
919 1110
920 1111
921 1112
922 1113
923 1114
924 1115
925 1116
926 1117
927 1118
928 1119
929 1120
930 1121
931 1122
932 1123
933 1124
934 1125
935 1128
936 1129
937 1130
938 1131
939 1132
940 1133
941 1134
942 1135
943 1136
944 1137
945 1138
946 1139
947 1140
948 1141
949 1142
950 1143
951 1144
952 1148
953 1149
954 1150
955 1151
956 1152
957 1153
958 1154
959 1155
960 1156
961 1157
962 1158
963 1159
964 1160
965 1161
966 1162
967 1163
968 1164
969 1165
970 1168
971 1169
972 1170
973 1171
974 1172
975 1173
976 1174
977 1175
978 1188
979 1189
980 1190
981 1191
982 1208
983 1209
984 1228
985 1229
986 1230
987 1231
988 1248
989 1249
990 1268
991 1269
992 1270
993 1271
994 1272
995 1273
996 1274
997 1275
998 1276
999 1288
1000 1289
1001 1290
1002 1291
1003 1292
1004 1293
1005 1294
1006 1295
1007 1296
1008 1297
1009 1298
1010 1299
1011 1300
1012 1301
1013 1302
1014 1303
1015 1304
1016 1305
1017 1306
1018 1308
1019 1309
1020 1310
1021 1311
1022 1312
1023 1313
1024 1314
1025 1315
1026 1316
1027 1317
1028 1318
1029 1319
1030 1320
1031 1321
1032 1322
1033 1323
1034 1324
1035 1328
1036 1329
1037 1330
1038 1331
1039 1332
1040 1333
1041 1334
1042 1335
1043 1336
1044 1348
1045 1349
1046 1350
1047 1351
1048 1368
1049 1369
1050 1388
1051 1389
1052 1390
1053 1391
1054 1392
1055 1393
1056 1408
1057 1409
1058 1410
1059 1428
1060 1429
1061 1430
1062 1431
1063 1432
1064 1433
1065 1434
1066 1435
1067 1448
1068 1449
1069 1450
1070 1468
1071 1469
1072 1488
1073 1489
1074 1490
1075 1491
1076 1492
1077 1493
1078 1494
1079 1495
1080 1496
1081 1497
1082 1498
1083 1499
1084 1500
1085 1501
1086 1502
1087 1508
1088 1509
1089 1510
1090 1511
1091 1512
1092 1513
1093 1514
1094 1515
1095 1516
1096 1517
1097 1518
1098 1519
1099 1520
1100 1521
1101 1528
1102 1529
1103 1530
1104 1531
1105 1532
1106 1533
1107 1534
1108 1535
1109 1536
1110 1537
1111 1538
1112 1539
1113 1540
1114 1541
1115 1542
1116 1543
1117 1544
1118 1548
1119 1549
1120 1550
1121 1551
1122 1552
1123 1553
1124 1554
1125 1555
1126 1556
1127 1557
1128 1558
1129 1559
1130 1560
1131 1561
1132 1562
1133 1563
1134 1568
1135 1569
1136 1570
1137 1571
1138 1572
1139 1573
1140 1574
1141 1575
1142 1576
1143 1577
1144 1578
1145 1579
1146 1580
1147 1581
1148 1582
1149 1583
1150 1584
1151 1585
1152 1586
1153 1587
1154 1588
1155 1589
1156 1590
1157 1591
1158 1592
1159 1593
1160 1594
1161 1595
1162 1596
1163 1597
1164 1598
1165 1599
1166 1600
1167 1601
1168 1602
1169 1603
1170 1604
1171 1605
1172 1606
1173 1608
1174 1609
1175 1610
1176 1611
1177 1612
1178 1613
1179 1614
1180 1615
1181 1616
1182 1617
1183 1618
1184 1619
1185 1620
1186 1621
1187 1622
1188 1623
1189 1624
1190 1625
1191 1628
1192 1629
1193 1630
1194 1631
1195 1632
1196 1633
1197 1634
1198 1635
1199 1636
1200 1637
1201 1638
1202 1639
1203 1640
1204 1641
1205 1642
1206 1648
1207 1649
1208 1650
1209 1651
1210 1652
1211 1653
1212 1654
1213 1655
1214 1656
1215 1657
1216 1658
1217 1659
1218 1660
1219 1661
1220 1662
1221 1663
1222 1664
1223 1665
1224 1668
1225 1669
1226 1670
1227 1671
1228 1672
1229 1673
1230 1674
1231 1675
1232 1676
1233 1677
1234 1678
1235 1679
1236 1680
1237 1681
1238 1682
1239 1683
1240 1684
1241 1685
1242 1688
1243 1689
1244 1690
1245 1691
1246 1692
1247 1693
1248 1694
1249 1695
1250 1696
1251 1697
1252 1698
1253 1699
1254 1700
1255 1701
1256 1702
1257 1703
1258 1704
1259 1705
1260 1708
1261 1709
1262 1710
1263 1711
1264 1712
1265 1713
1266 1714
1267 1715
1268 1716
1269 1717
1270 1718
1271 1719
1272 1720
1273 1721
1274 1722
1275 1723
1276 1724
1277 1725
1278 1726
1279 1728
1280 1729
1281 1730
1282 1731
1283 1732
1284 1733
1285 1734
1286 1735
1287 1736
1288 1737
1289 1738
1290 1739
1291 1740
1292 1741
1293 1742
1294 1743
1295 1748
1296 1749
1297 1750
1298 1751
1299 1752
1300 1753
1301 1754
1302 1755
1303 1756
1304 1757
1305 1758
1306 1759
1307 1760
1308 1761
1309 1762
1310 1763
1311 1764
1312 1765
1313 1768
1314 1769
1315 1770
1316 1771
1317 1772
1318 1773
1319 1774
1320 1775
1321 1776
1322 1777
1323 1778
1324 1779
1325 1780
1326 1781
1327 1782
1328 1783
1329 1788
1330 1789
1331 1790
1332 1791
1333 1792
1334 1793
1335 1794
1336 1795
1337 1796
1338 1797
1339 1798
1340 1799
1341 1800
1342 1801
1343 1802
1344 1808
1345 1809
1346 1810
1347 1811
1348 1812
1349 1813
1350 1814
1351 1815
1352 1816
1353 1817
1354 1818
1355 1819
1356 1820
1357 1821
1358 1822
1359 1823
1360 1824
1361 1825
1362 1828
1363 1829
1364 1830
1365 1831
1366 1832
1367 1833
1368 1834
1369 1835
1370 1836
1371 1837
1372 1838
1373 1839
1374 1840
1375 1841
1376 1842
1377 1843
1378 1848
1379 1849
1380 1850
1381 1851
1382 1852
1383 1853
1384 1854
1385 1855
1386 1856
1387 1857
1388 1858
1389 1859
1390 1860
1391 1861
1392 1862
1393 1863
1394 1864
1395 1865
1396 1866
1397 1868
1398 1869
1399 1870
1400 1871
1401 1872
1402 1873
1403 1874
1404 1875
1405 1876
1406 1877
1407 1878
1408 1879
1409 1880
1410 1881
1411 1882
1412 1888
1413 1889
1414 1890
1415 1891
1416 1892
1417 1893
1418 1894
1419 1895
1420 1896
1421 1897
1422 1898
1423 1899
1424 1900
1425 1901
1426 1908
1427 1909
1428 1910
1429 1911
1430 1912
1431 1913
1432 1914
1433 1915
1434 1916
1435 1917
1436 1918
1437 1919
1438 1928
1439 1929
1440 1930
1441 1931
1442 1932
1443 1933
1444 1934
1445 1935
1446 1936
1447 1937
1448 1938
1449 1939
1450 1940
1451 1941
1452 1942
1453 1943
1454 1948
1455 1949
1456 1950
1457 1951
1458 1952
1459 1953
1460 1954
1461 1955
1462 1956
1463 1957
1464 1958
1465 1959
1466 1960
1467 1961
1468 1962
1469 1963
1470 1964
1471 1965
1472 1966
1473 1968
1474 1969
1475 1970
1476 1971
1477 1972
1478 1973
1479 1974
1480 1975
1481 1976
1482 1977
1483 1978
1484 1979
1485 1980
1486 1981
1487 1982
1488 1983
1489 1984
1490 1985
1491 1988
1492 1989
1493 1990
1494 2008
1495 2009
1496 2010
1497 2028
1498 2029
1499 2030
1500 2031
1501 2032
1502 2033
1503 2048
1504 2049
1505 2068
1506 2069
1507 2070
1508 2071
1509 2072
1510 2088
1511 2089
1512 2090
1513 2091
1514 2092
1515 2093
1516 2094
1517 2095
1518 2096
1519 2097
1520 2098
1521 2099
1522 2100
1523 2101
1524 2102
1525 2103
1526 2108
1527 2109
1528 2110
1529 2111
1530 2112
1531 2113
1532 2114
1533 2115
1534 2116
1535 2117
1536 2118
1537 2119
1538 2120
1539 2121
1540 2122
1541 2123
1542 2124
1543 2128
1544 2129
1545 2130
1546 2131
1547 2132
1548 2133
1549 2134
1550 2135
1551 2136
1552 2137
1553 2138
1554 2139
1555 2140
1556 2141
1557 2142
1558 2143
1559 2148
1560 2149
1561 2168
1562 2169
1563 2188
1564 2189
1565 2228
1566 2229
1567 2248
1568 2249
1569 2250
1570 2251
1571 2268
1572 2269
1573 2270
1574 2288
1575 2289
1576 2290
1577 2308
1578 2309
1579 2310
1580 2311
1581 2312
1582 2313
1583 2314
1584 2328
1585 2329
1586 2330
1587 2331
1588 2348
1589 2349
1590 2350
1591 2351
1592 2352
1593 2353
1594 2354
1595 2368
1596 2369
1597 2370
1598 2371
1599 2388
1600 2389
1601 2390
1602 2391
1603 2392
1604 2393
1605 2394
1606 2395
1607 2396
1608 2397
1609 2398
1610 2399
1611 2400
1612 2408
1613 2409
1614 2410
1615 2411
1616 2412
1617 2413
1618 2414
1619 2415
1620 2416
1621 2417
1622 2418
1623 2419
1624 2420
1625 2421
1626 2422
1627 2423
1628 2424
1629 2428
1630 2429
1631 2430
1632 2431
1633 2432
1634 2433
1635 2434
1636 2435
1637 2436
1638 2437
1639 2438
1640 2439
1641 2440
1642 2441
1643 2448
1644 2449
1645 2450
1646 2451
1647 2452
1648 2453
1649 2454
1650 2455
1651 2456
1652 2457
1653 2458
1654 2459
1655 2460
1656 2461
1657 2462
1658 2463
1659 2464
1660 2465
1661 2466
1662 2468
1663 2469
1664 2470
1665 2471
1666 2472
1667 2473
1668 2474
1669 2475
1670 2476
1671 2477
1672 2478
1673 2479
1674 2480
1675 2481
1676 2482
1677 2488
1678 2489
1679 2490
1680 2491
1681 2492
1682 2493
1683 2494
1684 2495
1685 2496
1686 2497
1687 2498
1688 2499
1689 2500
1690 2501
1691 2502
1692 2508
1693 2509
1694 2510
1695 2511
1696 2512
1697 2513
1698 2514
1699 2515
1700 2516
1701 2517
1702 2518
1703 2519
1704 2520
1705 2521
1706 2528
1707 2529
1708 2530
1709 2531
1710 2532
1711 2533
1712 2534
1713 2535
1714 2536
1715 2537
1716 2538
1717 2539
1718 2540
1719 2541
1720 2542
1721 2543
1722 2544
1723 2545
1724 2546
1725 2548
1726 2549
1727 2550
1728 2551
1729 2552
1730 2553
1731 2554
1732 2555
1733 2556
1734 2557
1735 2558
1736 2559
1737 2560
1738 2561
1739 2562
1740 2563
1741 2568
1742 2569
1743 2570
1744 2571
1745 2572
1746 2573
1747 2574
1748 2575
1749 2576
1750 2577
1751 2578
1752 2579
1753 2580
1754 2581
1755 2582
1756 2583
1757 2584
1758 2588
1759 2589
1760 2590
1761 2591
1762 2592
1763 2593
1764 2594
1765 2595
1766 2596
1767 2597
1768 2598
1769 2599
1770 2600
1771 2601
1772 2602
1773 2603
1774 2604
1775 2605
1776 2608
1777 2609
1778 2610
1779 2611
1780 2612
1781 2613
1782 2614
1783 2615
1784 2616
1785 2617
1786 2618
1787 2619
1788 2628
1789 2629
1790 2630
1791 2631
1792 2632
1793 2633
1794 2634
1795 2635
1796 2636
1797 2637
1798 2638
1799 2639
1800 2648
1801 2649
1802 2650
1803 2651
1804 2652
1805 2653
1806 2654
1807 2655
1808 2656
1809 2657
1810 2658
1811 2659
1812 2660
1813 2668
1814 2669
1815 2670
1816 2671
1817 2672
1818 2673
1819 2674
1820 2675
1821 2676
1822 2677
1823 2678
1824 2679
1825 2680
1826 2688
1827 2689
1828 2690
1829 2691
1830 2692
1831 2693
1832 2694
1833 2695
1834 2696
1835 2697
1836 2698
1837 2699
1838 2700
1839 2701
1840 2702
1841 2703
1842 2708
1843 2709
1844 2710
1845 2711
1846 2712
1847 2713
1848 2714
1849 2715
1850 2716
1851 2717
1852 2718
1853 2719
1854 2720
1855 2721
1856 2722
1857 2723
1858 2724
1859 2725
1860 2726
1861 2728
1862 2729
1863 2730
1864 2731
1865 2732
1866 2733
1867 2734
1868 2735
1869 2736
1870 2737
1871 2738
1872 2739
1873 2740
1874 2741
1875 2742
1876 2743
1877 2744
1878 2745
1879 2746
1880 2747
1881 2748
1882 2749
1883 2750
1884 2751
1885 2752
1886 2753
1887 2754
1888 2755
1889 2756
1890 2757
1891 2758
1892 2759
1893 2760
1894 2761
1895 2762
1896 2763
1897 2764
1898 2768
1899 2769
1900 2770
1901 2771
1902 2772
1903 2773
1904 2774
1905 2775
1906 2776
1907 2777
1908 2778
1909 2779
1910 2780
1911 2781
1912 2782
1913 2783
1914 2784
1915 2788
1916 2789
1917 2790
1918 2791
1919 2792
1920 2793
1921 2794
1922 2795
1923 2796
1924 2797
1925 2798
1926 2799
1927 2800
1928 2801
1929 2802
1930 2803
1931 2808
1932 2809
1933 2810
1934 2811
1935 2812
1936 2813
1937 2814
1938 2815
1939 2816
1940 2817
1941 2818
1942 2819
1943 2820
1944 2821
1945 2822
1946 2828
1947 2829
1948 2830
1949 2831
1950 2832
1951 2833
1952 2834
1953 2835
1954 2836
1955 2837
1956 2838
1957 2839
1958 2840
1959 2841
1960 2842
1961 2843
1962 2844
1963 2845
1964 2848
1965 2849
1966 2850
1967 2851
1968 2852
1969 2853
1970 2854
1971 2855
1972 2856
1973 2857
1974 2858
1975 2859
1976 2860
1977 2861
1978 2862
1979 2863
1980 2864
1981 2865
1982 2868
1983 2869
1984 2870
1985 2871
1986 2872
1987 2873
1988 2874
1989 2875
1990 2876
1991 2877
1992 2878
1993 2879
1994 2880
1995 2881
1996 2882
1997 2883
1998 2884
1999 2885
2000 2888
2001 2889
2002 2890
2003 2891
2004 2892
2005 2893
2006 2894
2007 2895
2008 2896
2009 2897
2010 2898
2011 2899
2012 2900
2013 2901
2014 2902
2015 2903
2016 2904
2017 2905
2018 2908
2019 2909
2020 2910
2021 2911
2022 2912
2023 2913
2024 2914
2025 2915
2026 2916
2027 2917
2028 2918
2029 2919
2030 2920
2031 2921
2032 2922
2033 2923
2034 2924
2035 2925
2036 2926
2037 2927
2038 2928
2039 2929
2040 2930
2041 2931
2042 2932
2043 2933
2044 2934
2045 2935
2046 2936
2047 2937
2048 2938
2049 2939
2050 2940
2051 2941
2052 2942
2053 2943
2054 2944
2055 2945
2056 2946
2057 2948
2058 2949
2059 2950
2060 2951
2061 2952
2062 2953
2063 2954
2064 2955
2065 2956
2066 2957
2067 2958
2068 2959
2069 2960
2070 2961
2071 2962
2072 2963
2073 2964
2074 2965
2075 2966
2076 2968
2077 2969
2078 2970
2079 2971
2080 2972
2081 2973
2082 2974
2083 2975
2084 2976
2085 2977
2086 2978
2087 2979
2088 2980
2089 2981
2090 2982
2091 2983
2092 2984
2093 2988
2094 2989
2095 2990
2096 2991
2097 2992
2098 2993
2099 2994
2100 2995
2101 2996
2102 2997
2103 2998
2104 2999
2105 3000
2106 3008
2107 3009
2108 3010
2109 3011
2110 3012
2111 3013
2112 3014
2113 3015
2114 3016
2115 3017
2116 3018
2117 3019
2118 3020
2119 3021
2120 3022
2121 3023
2122 3024
2123 3025
2124 3028
2125 3029
2126 3030
2127 3031
2128 3032
2129 3033
2130 3034
2131 3035
2132 3036
2133 3037
2134 3038
2135 3039
2136 3040
2137 3041
2138 3042
2139 3043
2140 3044
2141 3048
2142 3049
2143 3050
2144 3051
2145 3052
2146 3053
2147 3054
2148 3055
2149 3056
2150 3057
2151 3058
2152 3059
2153 3060
2154 3061
2155 3062
2156 3063
2157 3064
2158 3068
2159 3069
2160 3070
2161 3071
2162 3072
2163 3073
2164 3074
2165 3075
2166 3076
2167 3077
2168 3078
2169 3079
2170 3080
2171 3081
2172 3082
2173 3083
2174 3084
2175 3085
2176 3088
2177 3089
2178 3090
2179 3091
2180 3092
2181 3093
2182 3094
2183 3095
2184 3096
2185 3097
2186 3098
2187 3108
2188 3109
2189 3110
2190 3111
2191 3112
2192 3113
2193 3114
2194 3115
2195 3116
2196 3117
2197 3118
2198 3119
2199 3120
2200 3121
2201 3122
2202 3123
2203 3124
2204 3125
2205 3126
2206 3128
2207 3129
2208 3130
2209 3131
2210 3132
2211 3133
2212 3134
2213 3135
2214 3136
2215 3137
2216 3138
2217 3139
2218 3140
2219 3141
2220 3142
2221 3143
2222 3144
2223 3145
2224 3148
2225 3149
2226 3150
2227 3151
2228 3152
2229 3153
2230 3154
2231 3155
2232 3156
2233 3157
2234 3158
2235 3159
2236 3160
2237 3161
2238 3162
2239 3163
2240 3164
2241 3168
2242 3169
2243 3170
2244 3171
2245 3172
2246 3173
2247 3174
2248 3175
2249 3176
2250 3177
2251 3178
2252 3179
2253 3180
2254 3181
2255 3182
2256 3188
2257 3189
2258 3190
2259 3191
2260 3192
2261 3193
2262 3194
2263 3195
2264 3196
2265 3197
2266 3198
2267 3199
2268 3200
2269 3208
2270 3209
2271 3210
2272 3211
2273 3212
2274 3213
2275 3214
2276 3215
2277 3216
2278 3217
2279 3218
2280 3219
2281 3220
2282 3221
2283 3222
2284 3223
2285 3228
2286 3229
2287 3230
2288 3231
2289 3232
2290 3233
2291 3234
2292 3235
2293 3236
2294 3237
2295 3238
2296 3239
2297 3240
2298 3241
2299 3242
2300 3248
2301 3249
2302 3250
2303 3251
2304 3252
2305 3253
2306 3254
2307 3255
2308 3256
2309 3257
2310 3258
2311 3259
2312 3260
2313 3261
2314 3262
2315 3263
2316 3268
2317 3269
2318 3270
2319 3271
2320 3272
2321 3273
2322 3274
2323 3275
2324 3276
2325 3277
2326 3278
2327 3279
2328 3280
2329 3281
2330 3282
2331 3288
2332 3289
2333 3290
2334 3291
2335 3292
2336 3293
2337 3294
2338 3295
2339 3296
2340 3297
2341 3298
2342 3299
2343 3300
2344 3301
2345 3302
2346 3303
2347 3304
2348 3305
2349 3308
2350 3309
2351 3310
2352 3311
2353 3312
2354 3313
2355 3314
2356 3315
2357 3316
2358 3317
2359 3318
2360 3319
2361 3320
2362 3321
2363 3322
2364 3323
2365 3324
2366 3325
2367 3328
2368 3329
2369 3330
2370 3331
2371 3332
2372 3333
2373 3334
2374 3335
2375 3336
2376 3337
2377 3338
2378 3339
2379 3348
2380 3349
2381 3350
2382 3351
2383 3352
2384 3353
2385 3354
2386 3355
2387 3356
2388 3357
2389 3358
2390 3359
2391 3360
2392 3361
2393 3362
2394 3363
2395 3368
2396 3369
2397 3370
2398 3371
2399 3372
2400 3373
2401 3374
2402 3375
2403 3376
2404 3377
2405 3378
2406 3379
2407 3380
2408 3381
2409 3382
2410 3383
2411 3384
2412 3385
2413 3386
2414 3388
2415 3389
2416 3390
2417 3391
2418 3392
2419 3393
2420 3394
2421 3395
2422 3396
2423 3397
2424 3398
2425 3399
2426 3400
2427 3401
2428 3402
2429 3408
2430 3409
2431 3410
2432 3411
2433 3412
2434 3413
2435 3414
2436 3415
2437 3416
2438 3417
2439 3418
2440 3419
2441 3420
2442 3421
2443 3422
2444 3423
2445 3424
2446 3425
2447 3426
2448 3428
2449 3429
2450 3430
2451 3431
2452 3432
2453 3433
2454 3434
2455 3435
2456 3436
2457 3437
2458 3438
2459 3439
2460 3440
2461 3441
2462 3442
2463 3443
2464 3444
2465 3445
2466 3448
2467 3449
2468 3450
2469 3451
2470 3452
2471 3453
2472 3454
2473 3455
2474 3456
2475 3457
2476 3458
2477 3459
2478 3460
