0 0
1 1
2 2
3 3
4 4
5 5
6 6
7 7
8 8
9 9
10 18
11 19
12 20
13 21
14 22
15 23
16 24
17 25
18 26
19 27
20 28
21 29
22 30
23 31
24 32
25 38
26 39
27 40
28 41
29 42
30 43
31 44
32 45
33 46
34 47
35 48
36 49
37 50
38 51
39 52
40 58
41 59
42 60
43 61
44 62
45 63
46 64
47 65
48 66
49 67
50 68
51 78
52 79
53 80
54 81
55 82
56 83
57 84
58 85
59 86
60 87
61 88
62 89
63 90
64 91
65 92
66 93
67 94
68 95
69 98
70 99
71 100
72 101
73 102
74 103
75 104
76 105
77 106
78 107
79 108
80 109
81 118
82 119
83 120
84 121
85 122
86 123
87 124
88 125
89 126
90 127
91 128
92 129
93 130
94 131
95 132
96 133
97 134
98 135
99 138
100 139
101 140
102 141
103 142
104 143
105 144
106 145
107 146
108 147
109 148
110 149
111 150
112 151
113 152
114 153
115 158
116 159
117 160
118 161
119 162
120 163
121 164
122 165
123 166
124 167
125 168
126 169
127 170
128 171
129 172
130 173
131 178
132 179
133 180
134 181
135 182
136 183
137 184
138 185
139 186
140 187
141 188
142 189
143 190
144 191
145 192
146 193
147 198
148 199
149 200
150 201
151 202
152 203
153 204
154 205
155 206
156 207
157 208
158 209
159 210
160 211
161 212
162 218
163 219
164 220
165 221
166 222
167 223
168 224
169 225
170 226
171 227
172 228
173 229
174 238
175 239
176 240
177 241
178 242
179 243
180 244
181 258
182 259
183 260
184 261
185 262
186 263
187 264
188 265
189 266
190 267
191 268
192 269
193 270
194 278
195 279
196 280
197 281
198 282
199 283
200 284
201 285
202 286
203 287
204 298
205 299
206 300
207 301
208 302
209 303
210 304
211 305
212 306
213 307
214 308
215 309
216 310
217 311
218 312
219 313
220 318
221 319
222 320
223 321
224 322
225 323
226 324
227 325
228 338
229 339
230 340
231 341
232 342
233 343
234 344
235 345
236 346
237 358
238 359
239 360
240 361
241 362
242 363
243 364
244 365
245 366
246 367
247 378
248 379
249 380
250 381
251 382
252 383
253 384
254 385
255 386
256 387
257 398
258 399
259 400
260 401
261 402
262 403
263 404
264 405
265 406
266 418
267 419
268 420
269 421
270 422
271 423
272 424
273 425
274 426
275 427
276 438
277 439
278 440
279 441
280 442
281 443
282 444
283 445
284 446
285 447
286 458
287 459
288 460
289 461
290 462
291 463
292 464
293 465
294 466
295 467
296 468
297 469
298 470
299 471
300 472
301 473
302 474
303 475
304 476
305 478
306 479
307 480
308 481
309 482
310 483
311 484
312 485
313 486
314 487
315 488
316 489
317 490
318 491
319 492
320 493
321 494
322 498
323 499
324 500
325 501
326 502
327 503
328 504
329 505
330 506
331 507
332 508
333 509
334 510
335 511
336 518
337 519
338 520
339 521
340 522
341 523
342 524
343 525
344 526
345 527
346 528
347 529
348 530
349 531
350 538
351 539
352 540
353 541
354 542
355 543
356 544
357 545
358 546
359 547
360 548
361 549
362 550
363 551
364 552
365 558
366 559
367 560
368 561
369 562
370 563
371 564
372 565
373 566
374 567
375 568
376 569
377 578
378 579
379 580
380 581
381 582
382 583
383 584
384 585
385 586
386 587
387 588
388 589
389 590
390 591
391 598
392 599
393 600
394 601
395 602
396 603
397 604
398 605
399 606
400 607
401 608
402 609
403 610
404 611
405 612
406 613
407 614
408 618
409 619
410 620
411 621
412 622
413 623
414 624
415 625
416 626
417 627
418 628
419 629
420 630
421 631
422 632
423 633
424 634
425 638
426 639
427 640
428 641
429 642
430 643
431 644
432 645
433 646
434 647
435 648
436 649
437 650
438 651
439 652
440 653
441 654
442 655
443 658
444 659
445 660
446 661
447 662
448 663
449 664
450 665
451 666
452 667
453 668
454 669
455 670
456 671
457 672
458 673
459 678
460 679
461 680
462 681
463 682
464 683
465 684
466 685
467 686
468 687
469 688
470 689
471 690
472 691
473 692
474 693
475 694
476 698
477 699
478 700
479 701
480 702
481 703
482 704
483 705
484 706
485 707
486 708
487 709
488 710
489 711
490 712
491 713
492 714
493 718
494 719
495 720
496 721
497 722
498 723
499 724
500 725
501 726
502 727
503 728
504 729
505 730
506 731
507 738
508 739
509 740
510 741
511 742
512 743
513 744
514 745
515 746
516 747
517 748
518 749
519 750
520 751
521 752
522 753
523 754
524 758
525 759
526 760
527 761
528 762
529 763
530 764
531 765
532 766
533 767
534 768
535 769
536 770
537 771
538 772
539 778
540 779
541 780
542 781
543 782
544 783
545 784
546 785
547 786
548 787
549 788
550 789
551 790
552 791
553 792
554 793
555 798
556 799
557 800
558 801
559 802
560 803
561 804
562 805
563 806
564 807
565 808
566 809
567 810
568 811
569 812
570 818
571 819
572 820
573 821
574 822
575 823
576 824
577 825
578 826
579 827
580 828
581 829
582 830
583 831
584 832
585 833
586 834
587 835
588 838
589 839
590 840
591 841
592 842
593 843
594 844
595 845
596 846
597 847
598 848
599 849
600 850
601 851
602 852
603 853
604 858
605 859
606 860
607 861
608 862
609 863
610 864
611 865
612 866
613 867
614 868
615 869
616 870
617 871
618 872
619 873
620 874
621 878
622 879
623 880
624 881
625 882
626 883
627 884
628 885
629 886
630 887
631 888
632 889
633 890
634 891
635 892
636 893
637 894
638 898
639 899
640 900
641 901
642 902
643 903
644 904
645 905
646 906
647 907
648 908
649 909
650 918
651 919
652 920
653 921
654 922
655 923
656 924
657 925
658 926
659 927
660 928
661 929
662 930
663 931
664 932
665 933
666 934
667 938
668 939
669 940
670 941
671 942
672 943
673 944
674 945
675 946
676 947
677 948
678 949
679 950
680 958
681 959
682 960
683 961
684 962
685 963
686 964
687 965
688 966
689 967
690 968
691 969
692 970
693 971
694 972
695 973
696 974
697 975
698 978
699 979
700 980
701 981
702 982
703 983
704 984
705 985
706 986
707 987
708 988
709 989
710 998
711 999
712 1000
713 1001
714 1002
715 1003
716 1004
717 1005
718 1006
719 1007
720 1008
721 1009
722 1010
723 1011
724 1012
725 1013
726 1018
727 1019
728 1020
729 1021
730 1022
731 1023
732 1024
733 1025
734 1026
735 1027
736 1028
737 1038
738 1039
739 1040
740 1041
741 1042
742 1043
743 1044
744 1045
745 1046
746 1047
747 1048
748 1049
749 1050
750 1051
751 1052
752 1058
753 1059
754 1060
755 1061
756 1062
757 1063
758 1064
759 1065
760 1066
761 1067
762 1068
763 1069
764 1070
765 1071
766 1078
767 1079
768 1080
769 1081
770 1082
771 1083
772 1084
773 1085
774 1086
775 1087
776 1098
777 1099
778 1100
779 1101
780 1102
781 1103
782 1104
783 1105
784 1106
785 1107
786 1108
787 1109
788 1110
789 1118
790 1119
791 1120
792 1121
793 1122
794 1123
795 1124
796 1125
797 1126
798 1127
799 1128
800 1129
801 1130
802 1138
803 1139
804 1140
805 1141
806 1142
807 1143
808 1144
809 1145
810 1146
811 1147
812 1148
813 1149
814 1150
815 1151
816 1158
817 1159
818 1160
819 1161
820 1162
821 1163
822 1164
823 1165
824 1166
825 1167
826 1168
827 1169
828 1170
829 1171
830 1178
831 1179
832 1180
833 1181
834 1182
835 1183
836 1184
837 1185
838 1186
839 1187
840 1188
841 1189
842 1190
843 1191
844 1198
845 1199
846 1200
847 1201
848 1202
849 1203
850 1204
851 1205
852 1218
853 1219
854 1220
855 1221
856 1222
857 1223
858 1224
859 1225
860 1226
861 1227
862 1228
863 1229
864 1230
865 1238
866 1239
867 1240
868 1241
869 1242
870 1243
871 1244
872 1258
873 1259
874 1260
875 1261
876 1262
877 1263
878 1264
879 1265
880 1266
881 1278
882 1279
883 1280
884 1281
885 1282
886 1283
887 1284
888 1298
889 1299
890 1300
891 1301
892 1302
893 1303
894 1304
895 1305
896 1318
897 1319
898 1320
899 1321
900 1322
901 1323
902 1324
903 1325
904 1326
905 1327
906 1328
907 1329
908 1330
909 1331
910 1338
911 1339
912 1340
913 1341
914 1342
915 1343
916 1344
917 1345
918 1346
919 1347
920 1348
921 1349
922 1350
923 1351
924 1352
925 1358
926 1359
927 1360
928 1361
929 1362
930 1363
931 1364
932 1365
933 1366
934 1367
935 1368
936 1369
937 1378
938 1379
939 1380
940 1381
941 1382
942 1383
943 1384
944 1385
945 1386
946 1398
947 1399
948 1400
949 1401
950 1402
951 1403
952 1404
953 1405
954 1406
955 1407
956 1408
957 1409
958 1418
959 1419
960 1420
961 1421
962 1422
963 1423
964 1424
965 1425
966 1426
967 1427
968 1428
969 1429
970 1430
971 1431
972 1432
973 1433
974 1438
975 1439
976 1440
977 1441
978 1442
979 1443
980 1444
981 1445
982 1446
983 1447
984 1448
985 1449
986 1450
987 1451
988 1458
989 1459
990 1460
991 1461
992 1462
993 1463
994 1464
995 1465
996 1466
997 1467
998 1468
999 1469
1000 1478
1001 1479
1002 1480
1003 1481
1004 1482
1005 1483
1006 1484
1007 1485
1008 1486
1009 1487
1010 1488
1011 1489
1012 1490
1013 1491
1014 1492
1015 1493
1016 1494
1017 1495
1018 1498
1019 1499
1020 1500
1021 1501
1022 1502
1023 1503
1024 1504
1025 1505
1026 1506
1027 1507
1028 1508
1029 1509
1030 1510
1031 1511
1032 1518
1033 1519
1034 1520
1035 1521
1036 1522
1037 1523
1038 1524
1039 1525
1040 1526
1041 1527
1042 1528
1043 1538
1044 1539
1045 1540
1046 1541
1047 1542
1048 1543
1049 1544
1050 1545
1051 1546
1052 1547
1053 1548
1054 1549
1055 1550
1056 1551
1057 1552
1058 1553
1059 1558
1060 1559
1061 1560
1062 1561
1063 1562
1064 1563
1065 1564
1066 1565
1067 1566
1068 1567
1069 1568
1070 1569
1071 1578
1072 1579
1073 1580
1074 1581
1075 1582
1076 1583
1077 1584
1078 1585
1079 1586
1080 1587
1081 1598
1082 1599
1083 1600
1084 1601
1085 1602
1086 1603
1087 1604
1088 1605
1089 1606
1090 1607
1091 1618
1092 1619
1093 1620
1094 1621
1095 1622
1096 1623
1097 1624
1098 1625
1099 1638
1100 1639
1101 1640
1102 1641
1103 1642
1104 1643
1105 1644
1106 1645
1107 1646
1108 1647
1109 1648
1110 1649
1111 1650
1112 1651
1113 1652
1114 1653
1115 1654
1116 1658
1117 1659
1118 1660
1119 1661
1120 1662
1121 1663
1122 1664
1123 1665
1124 1666
1125 1667
1126 1668
1127 1669
1128 1670
1129 1678
1130 1679
1131 1680
1132 1681
1133 1682
1134 1683
1135 1684
1136 1685
1137 1686
1138 1687
1139 1688
1140 1689
1141 1690
1142 1698
1143 1699
1144 1700
1145 1701
1146 1702
1147 1703
1148 1704
1149 1705
1150 1706
1151 1707
1152 1708
1153 1718
1154 1719
1155 1720
1156 1721
1157 1722
1158 1723
1159 1724
1160 1725
1161 1726
1162 1738
1163 1739
1164 1740
1165 1741
1166 1742
1167 1743
1168 1744
1169 1745
1170 1746
1171 1747
1172 1748
1173 1749
1174 1750
1175 1751
1176 1752
1177 1758
1178 1759
1179 1760
1180 1761
1181 1762
1182 1763
1183 1764
1184 1765
1185 1766
1186 1767
1187 1768
1188 1769
1189 1770
1190 1771
1191 1772
1192 1773
1193 1774
1194 1778
1195 1779
1196 1780
1197 1781
1198 1782
1199 1783
1200 1784
1201 1785
1202 1786
1203 1787
1204 1788
1205 1789
1206 1790
1207 1791
1208 1792
1209 1793
1210 1798
1211 1799
1212 1800
1213 1801
1214 1802
1215 1803
1216 1804
1217 1805
1218 1806
1219 1807
1220 1808
1221 1809
1222 1810
1223 1811
1224 1812
1225 1813
1226 1818
1227 1819
1228 1820
1229 1821
1230 1822
1231 1823
1232 1824
1233 1825
1234 1826
1235 1827
1236 1828
1237 1829
1238 1830
1239 1831
1240 1838
1241 1839
1242 1840
1243 1841
1244 1842
1245 1843
1246 1844
1247 1845
1248 1846
1249 1847
1250 1848
1251 1849
1252 1850
1253 1851
1254 1852
1255 1858
1256 1859
1257 1860
1258 1861
1259 1862
1260 1863
1261 1864
1262 1865
1263 1866
1264 1867
1265 1868
1266 1869
1267 1870
1268 1878
1269 1879
1270 1880
1271 1881
1272 1882
1273 1883
1274 1884
1275 1885
1276 1886
1277 1887
1278 1888
1279 1889
1280 1890
1281 1898
1282 1899
1283 1900
1284 1901
1285 1902
1286 1903
1287 1904
1288 1905
1289 1906
1290 1907
1291 1908
1292 1909
1293 1910
1294 1911
1295 1912
1296 1918
1297 1919
1298 1920
1299 1921
1300 1922
1301 1923
1302 1924
1303 1925
1304 1926
1305 1927
1306 1928
1307 1929
1308 1930
1309 1931
1310 1932
1311 1933
1312 1938
1313 1939
1314 1940
1315 1941
1316 1942
1317 1943
1318 1944
1319 1945
1320 1946
1321 1947
1322 1948
1323 1958
1324 1959
1325 1960
1326 1961
1327 1962
1328 1963
1329 1964
1330 1965
1331 1966
1332 1967
1333 1968
1334 1978
1335 1979
1336 1980
1337 1981
1338 1982
1339 1983
1340 1984
1341 1985
1342 1986
1343 1987
1344 1988
1345 1989
1346 1990
1347 1991
1348 1992
1349 1998
1350 1999
1351 2000
1352 2001
1353 2002
1354 2003
1355 2004
1356 2005
1357 2006
1358 2007
1359 2008
1360 2009
1361 2018
1362 2019
1363 2020
1364 2021
1365 2022
1366 2023
1367 2024
1368 2025
1369 2026
1370 2027
1371 2028
1372 2029
1373 2038
1374 2039
1375 2040
1376 2041
1377 2042
1378 2043
1379 2044
1380 2045
1381 2046
1382 2047
1383 2048
1384 2049
1385 2058
1386 2059
1387 2060
1388 2061
1389 2062
1390 2063
1391 2064
1392 2065
1393 2066
1394 2067
1395 2068
1396 2069
1397 2070
1398 2071
1399 2078
1400 2079
1401 2080
1402 2081
1403 2082
1404 2083
1405 2084
1406 2098
1407 2099
1408 2100
1409 2101
1410 2102
1411 2103
1412 2104
1413 2105
1414 2106
1415 2107
1416 2108
1417 2109
1418 2110
1419 2111
1420 2118
1421 2119
1422 2120
1423 2121
1424 2122
1425 2123
1426 2124
1427 2125
1428 2126
1429 2127
1430 2138
1431 2139
1432 2140
1433 2141
1434 2142
1435 2143
1436 2144
1437 2145
1438 2146
1439 2147
1440 2148
1441 2149
1442 2150
1443 2151
1444 2152
1445 2153
1446 2154
1447 2158
1448 2159
1449 2160
1450 2161
1451 2162
1452 2163
1453 2164
1454 2165
1455 2166
1456 2167
1457 2168
1458 2169
1459 2170
1460 2171
1461 2172
