0 0
1 1
2 2
3 3
4 7
5 8
6 9
7 10
8 11
9 12
10 13
12 14
13 15
14 16
15 17
16 18
17 19
18 20
19 21
20 22
21 23
22 27
23 28
24 29
25 30
26 31
27 32
28 33
29 35
30 36
31 37
32 38
33 39
34 40
35 41
41 42
42 43
43 44
44 45
45 46
46 47
47 48
48 49
49 50
50 51
51 52
52 53
53 54
54 57
55 58
56 59
57 60
58 61
59 62
60 63
61 64
66 65
67 66
68 67
69 68
70 69
71 70
72 71
73 74
74 75
75 76
76 77
77 78
78 79
79 80
80 81
81 82
84 83
85 84
86 85
87 86
88 87
89 88
90 89
91 90
92 92
93 93
94 94
95 95
96 96
97 97
98 98
99 99
100 100
101 101
102 102
103 103
104 104
105 105
106 106
107 107
108 108
109 109
110 110
111 112
112 113
113 114
114 115
115 116
116 117
117 118
118 119
119 120
120 121
122 122
123 123
124 124
125 125
126 126
127 127
128 128
129 129
130 130
131 131
134 132
135 133
136 134
137 135
138 136
139 137
140 138
141 139
142 140
143 141
144 142
145 143
146 144
147 145
148 146
149 147
150 148
151 152
152 153
153 154
154 155
155 156
156 157
157 158
158 159
159 160
161 161
162 162
163 163
164 164
165 165
166 166
167 167
168 168
169 169
170 171
171 172
172 173
173 174
174 175
175 176
176 177
177 178
178 179
179 180
180 181
183 182
184 183
185 184
186 185
187 186
188 187
189 188
190 189
191 190
192 191
193 192
194 193
195 194
196 195
197 196
198 197
199 198
200 199
201 202
202 203
203 204
204 205
205 206
206 207
207 208
208 209
209 210
210 211
212 212
213 213
214 214
215 215
216 216
217 217
218 218
219 219
220 220
221 222
222 223
223 224
224 225
225 226
226 227
227 228
228 229
229 230
230 233
231 234
232 235
233 236
234 237
235 238
236 239
237 240
238 241
239 242
240 243
241 244
242 245
243 246
244 247
245 248
246 249
247 250
248 251
249 253
250 254
251 255
252 256
253 257
254 258
255 259
256 260
257 261
258 262
260 263
261 264
262 265
263 266
264 267
265 268
266 269
267 270
268 273
269 274
270 275
271 276
272 277
273 278
274 279
275 280
276 281
277 282
278 283
279 284
280 285
281 286
282 287
283 288
284 289
285 290
286 291
287 292
288 293
289 294
290 295
291 302
292 303
293 304
294 305
295 306
296 307
297 308
298 309
299 310
301 311
302 312
303 313
304 314
305 315
306 316
307 317
308 318
309 319
310 320
312 321
313 322
314 323
315 324
316 325
317 326
318 327
319 328
320 329
321 331
322 332
323 333
324 334
325 335
326 336
327 337
328 338
329 339
331 340
332 341
333 342
334 343
335 344
336 345
337 349
338 350
339 351
340 352
341 353
342 354
343 355
344 356
345 357
347 358
348 359
349 360
350 361
351 362
352 363
353 364
354 365
359 366
360 367
361 368
362 369
363 370
364 371
365 372
366 373
367 374
369 375
370 376
371 377
372 378
373 379
374 380
375 381
376 383
377 384
378 385
379 386
380 387
381 388
382 389
383 390
384 391
385 392
386 393
387 394
388 395
389 396
390 397
392 398
393 399
394 400
395 401
396 402
397 403
398 405
399 406
400 407
401 408
402 409
403 410
404 411
406 412
407 413
408 414
409 415
410 416
411 417
412 418
413 419
414 420
415 421
416 422
417 423
418 424
419 425
420 426
421 427
422 428
423 429
424 430
425 431
426 432
427 433
428 434
429 435
430 436
431 437
432 441
433 442
434 443
435 444
436 445
437 446
443 447
444 448
445 449
446 450
447 451
448 452
449 454
450 455
451 456
452 457
453 458
454 459
455 460
457 461
458 462
459 463
460 464
461 465
462 468
463 469
464 470
465 471
466 472
467 473
468 474
469 475
470 476
471 477
472 478
473 479
474 480
475 482
476 483
477 484
478 485
479 486
480 487
481 488
482 489
483 490
484 491
485 492
486 493
487 494
488 495
490 496
491 497
492 498
493 499
494 500
495 501
496 502
497 503
498 504
499 505
500 506
501 507
502 508
503 509
506 510
507 511
508 512
509 513
510 514
511 515
512 517
513 518
514 519
515 520
516 521
517 522
518 523
519 524
520 525
521 526
522 527
523 528
524 529
525 530
526 531
527 532
528 533
529 534
530 535
531 540
532 541
533 542
534 543
535 544
536 545
537 546
538 547
539 548
540 549
541 550
542 551
543 552
544 553
546 554
547 555
548 556
549 557
550 558
551 559
552 560
553 561
554 562
555 567
556 568
557 569
558 570
559 571
560 572
561 573
562 574
563 579
564 580
565 581
566 582
567 583
568 584
569 585
570 586
571 587
572 588
573 589
574 590
575 591
576 592
577 593
578 594
579 595
580 596
581 597
582 598
583 599
584 600
585 601
586 602
587 603
588 604
589 606
590 607
591 608
592 609
593 610
594 619
595 620
596 621
597 622
598 623
599 624
600 625
601 626
602 627
603 628
604 629
605 630
606 631
607 632
608 633
609 634
610 635
611 636
612 637
613 638
614 639
615 640
616 641
617 642
618 643
619 644
622 645
623 646
624 647
625 648
626 649
627 650
628 651
629 652
630 653
631 654
632 655
633 656
634 658
635 659
636 660
637 661
638 662
639 663
640 664
641 671
642 672
643 673
644 674
645 675
646 676
647 677
648 678
649 679
650 680
651 681
652 683
653 684
654 685
655 686
656 687
657 688
658 689
659 690
660 694
661 695
662 696
663 697
664 698
665 699
666 700
667 701
668 702
669 703
670 704
671 705
674 706
675 707
676 708
677 709
678 710
679 711
680 712
681 713
682 714
683 716
684 717
685 718
686 719
687 720
688 721
689 722
690 723
691 724
692 725
693 727
694 728
695 729
696 730
697 731
698 732
699 733
700 734
701 735
702 736
703 737
705 738
706 739
707 740
708 741
709 742
710 743
711 744
712 745
713 746
714 747
715 750
716 751
717 752
718 753
719 754
720 755
721 756
722 757
723 758
724 759
725 761
726 762
727 763
728 764
729 765
730 766
731 767
732 768
733 769
734 770
735 771
737 772
738 773
739 774
740 775
741 776
742 777
743 778
744 779
745 780
746 783
747 784
748 785
749 786
750 787
751 788
752 789
753 790
754 791
755 792
756 794
757 795
758 796
759 797
760 798
761 799
762 800
763 801
764 802
765 803
768 804
769 805
770 806
771 807
772 808
773 809
774 810
775 811
776 812
777 814
778 815
779 816
780 817
781 818
782 819
783 820
784 821
785 822
786 824
787 825
788 826
789 827
790 828
791 833
792 834
793 835
794 836
795 837
796 838
797 839
798 840
799 841
800 842
802 843
803 844
804 845
805 846
806 847
807 848
808 849
809 850
810 851
816 852
817 853
818 854
819 855
820 856
821 857
822 858
823 859
824 860
825 861
826 862
827 863
828 864
829 865
830 866
831 867
832 869
833 870
834 871
835 872
836 873
837 874
838 875
839 876
843 877
844 878
845 879
846 880
847 881
848 882
849 884
850 885
851 886
852 887
853 888
854 889
855 890
856 891
857 892
858 893
859 894
860 895
861 896
862 897
863 898
864 901
865 902
866 903
867 904
868 905
869 906
870 907
871 908
873 909
874 910
875 911
876 912
877 913
878 914
879 915
880 918
881 919
882 920
883 921
884 922
885 923
886 924
887 925
891 926
892 927
893 928
894 929
895 930
896 931
897 932
898 933
899 934
900 935
901 936
902 937
903 938
904 939
905 940
906 942
907 943
908 944
909 945
910 946
911 947
912 948
913 949
914 950
916 951
917 952
918 953
919 954
920 955
921 956
922 957
923 958
924 959
925 960
926 961
927 962
928 963
929 964
930 967
931 968
932 969
933 970
934 971
935 972
936 973
937 974
939 975
940 976
941 977
942 978
943 979
944 980
945 981
946 983
947 984
948 985
949 986
950 987
951 988
952 989
953 990
955 991
956 992
957 993
958 994
959 995
960 996
961 997
962 999
963 1000
964 1001
965 1002
966 1003
967 1004
968 1005
970 1006
971 1007
972 1008
973 1009
974 1010
975 1011
976 1012
979 1013
980 1014
981 1015
982 1016
983 1017
984 1020
985 1021
986 1022
987 1023
988 1024
989 1025
990 1026
992 1027
993 1028
994 1029
995 1030
996 1031
997 1032
998 1034
999 1035
1000 1036
1001 1037
1002 1038
1003 1039
1004 1040
1006 1041
1007 1042
1008 1043
1009 1044
1010 1045
1011 1046
1012 1047
1013 1048
1016 1049
1017 1050
1018 1051
1019 1052
1020 1053
1021 1054
1022 1056
1023 1057
1024 1058
1025 1062
1026 1063
1027 1064
1028 1065
1029 1066
1030 1067
1031 1068
1032 1069
1033 1070
1034 1071
1035 1072
1036 1073
1037 1074
1038 1075
1039 1076
1041 1077
1042 1078
1043 1079
1044 1080
1045 1081
1046 1082
1047 1083
1048 1084
1050 1085
1051 1086
1052 1087
1053 1088
1054 1089
1055 1090
1056 1093
1057 1094
1058 1095
1059 1096
1060 1097
1061 1098
1062 1099
1063 1100
1066 1101
1067 1102
1068 1103
1069 1104
1070 1105
1071 1106
1072 1107
1073 1108
1074 1109
1075 1110
1076 1111
1077 1112
1078 1113
1079 1114
1080 1115
1081 1116
1082 1117
1083 1119
1084 1120
1085 1121
1086 1122
1087 1123
1088 1124
1089 1125
1090 1126
1091 1130
1092 1131
1093 1132
1094 1133
1095 1134
1096 1135
1097 1136
1098 1137
1099 1138
1100 1139
1101 1140
1102 1143
1103 1144
1104 1145
1105 1146
1106 1147
1107 1148
1108 1149
1109 1150
1110 1151
1111 1152
1112 1153
1113 1154
1115 1155
1116 1156
1117 1157
1118 1158
1119 1159
1120 1160
1121 1161
1122 1162
1123 1163
1124 1164
1125 1165
1126 1166
1127 1167
1128 1168
1129 1169
1130 1170
1131 1171
1132 1172
1133 1173
1134 1174
1135 1175
1136 1176
1137 1177
1138 1181
1139 1182
1140 1183
1141 1184
1142 1185
1143 1186
1144 1187
1145 1188
1146 1189
1147 1190
1148 1191
1149 1192
1151 1193
1152 1194
1153 1195
1154 1196
1155 1197
1156 1198
1157 1199
1158 1200
1159 1201
1160 1202
1161 1203
1162 1204
1163 1206
1164 1207
1165 1208
1166 1209
1167 1210
1168 1211
1169 1212
1170 1213
1171 1214
1172 1215
1173 1219
1174 1220
1175 1221
1176 1222
1177 1223
1178 1224
1179 1225
1180 1226
1181 1227
1182 1228
1183 1229
1184 1231
1185 1232
1186 1233
1187 1234
1188 1235
1189 1236
1190 1237
1191 1238
1192 1239
1193 1240
1194 1241
1195 1242
1196 1243
1197 1244
1198 1245
1199 1246
1200 1247
1201 1248
1202 1249
1203 1250
1204 1251
1205 1256
1206 1257
1207 1258
1208 1259
1209 1260
1210 1261
1211 1262
1212 1263
1213 1268
1214 1269
1215 1270
1216 1271
1217 1272
1218 1273
1219 1274
1220 1280
1221 1281
1222 1282
1223 1283
1224 1284
1225 1285
1226 1286
1227 1287
1228 1288
1229 1289
1230 1290
1231 1291
1233 1292
1234 1293
1235 1294
1236 1295
1237 1296
1238 1297
1239 1298
1240 1299
1241 1300
1242 1301
1244 1302
1245 1303
1246 1304
1247 1305
1248 1306
1249 1307
1250 1308
1251 1309
1252 1310
1253 1311
1257 1312
1258 1313
1259 1314
1260 1315
1261 1316
1262 1317
1263 1318
1264 1319
1265 1320
1268 1321
1269 1322
1270 1323
1271 1324
1272 1325
1273 1326
1274 1327
1275 1330
1276 1331
1277 1332
1278 1333
1279 1334
1280 1335
1281 1336
1282 1337
1283 1338
1284 1340
1285 1341
1286 1342
1287 1343
1288 1344
1289 1345
1290 1346
1291 1347
1295 1348
1296 1349
1297 1350
1298 1351
1299 1352
1300 1353
1301 1354
1302 1355
1304 1356
1305 1357
1306 1358
1307 1359
1308 1360
1309 1361
1310 1364
1311 1365
1312 1366
1313 1367
1314 1368
1315 1369
1316 1370
1317 1371
1318 1372
1321 1373
1322 1374
1323 1375
1324 1376
1325 1377
1326 1378
1327 1379
1328 1380
1329 1381
1330 1382
1331 1383
1332 1384
1333 1385
1334 1386
1335 1387
1336 1389
1337 1390
1338 1391
1339 1392
1340 1393
1341 1394
1342 1395
1343 1397
1344 1398
1345 1399
1346 1400
1347 1401
1348 1402
1349 1403
1350 1405
1351 1406
1352 1407
1353 1408
1354 1409
1355 1410
1356 1411
1357 1412
1358 1413
1359 1414
1360 1415
1361 1416
1362 1417
1363 1418
1364 1420
1365 1421
1366 1422
1367 1423
1368 1424
1369 1425
1370 1426
1374 1427
1375 1428
1376 1429
1377 1430
1378 1431
1379 1432
1380 1435
1381 1436
1382 1437
1383 1438
1384 1439
1385 1440
1386 1441
1387 1442
1389 1443
1390 1444
1391 1445
1392 1446
1393 1447
1394 1448
1395 1449
1396 1450
1397 1451
1398 1452
1399 1453
1400 1454
1401 1455
1402 1456
1403 1457
1405 1458
1406 1459
1407 1460
1408 1461
1409 1465
1410 1466
1411 1467
1412 1468
1413 1469
1414 1470
1415 1471
1418 1472
1419 1473
1420 1474
1421 1475
1422 1476
1423 1477
1426 1478
1427 1479
1428 1480
1429 1481
1430 1485
1431 1486
1432 1487
1433 1488
1434 1489
1435 1490
1436 1491
1437 1492
1438 1493
1439 1494
1440 1495
1441 1496
1443 1497
1444 1498
1445 1499
1446 1500
1447 1501
1448 1502
1449 1504
1450 1505
1451 1506
1452 1507
1453 1508
1454 1509
1456 1510
1457 1511
1458 1512
1459 1513
1460 1514
1462 1515
1463 1516
1464 1517
1465 1518
1466 1519
1467 1520
1468 1522
1469 1523
1470 1524
1471 1525
1472 1526
1473 1527
1474 1528
1475 1529
1476 1530
1477 1531
1478 1532
1479 1533
1480 1534
1481 1535
1482 1536
1483 1537
1484 1538
1485 1541
1486 1542
1487 1543
1488 1544
1489 1545
1490 1546
1492 1547
1493 1548
1494 1549
1495 1550
1496 1551
1497 1552
1499 1553
1500 1554
1501 1555
1502 1556
1503 1557
1504 1558
1505 1559
1506 1560
1507 1561
1508 1562
1509 1563
1510 1565
1511 1566
1512 1567
1513 1568
1514 1569
1515 1570
1516 1571
1517 1572
1518 1573
1519 1574
1520 1575
1521 1577
1522 1578
1523 1579
1524 1580
1525 1581
1531 1582
1532 1583
1533 1587
1534 1588
1535 1589
1536 1590
1537 1591
1538 1592
1540 1593
1541 1594
1542 1595
1543 1596
1544 1599
1545 1600
1546 1601
1547 1602
1548 1603
1551 1604
1552 1605
1553 1606
1554 1607
1555 1610
1556 1611
1557 1612
1558 1613
1559 1614
1561 1615
1562 1616
1563 1617
1564 1618
1565 1621
1566 1622
1567 1623
1568 1624
1569 1625
1573 1626
1574 1627
1575 1628
1576 1629
1577 1631
1578 1632
1579 1633
1580 1634
1581 1635
1582 1637
1583 1638
1584 1639
1585 1640
1586 1641
1588 1642
1589 1643
1590 1644
1591 1645
1592 1647
1593 1648
1594 1649
1595 1650
1596 1651
1601 1652
1602 1653
1603 1654
1604 1655
1605 1658
1606 1659
1607 1660
1608 1661
1609 1662
1610 1664
1611 1665
1612 1666
1613 1667
1614 1668
1615 1669
1616 1670
1617 1671
1618 1672
1619 1675
1620 1676
1621 1677
1622 1678
1623 1679
1624 1680
1627 1681
1628 1682
1629 1683
1630 1684
1631 1686
1632 1687
1633 1688
1634 1689
1635 1690
1636 1691
1637 1692
1638 1693
1639 1694
1640 1695
1641 1696
1644 1697
1645 1698
1646 1699
1647 1700
1648 1703
1649 1704
1650 1705
1651 1706
1652 1707
1653 1708
1654 1709
1655 1710
1656 1711
1657 1712
1658 1713
1659 1714
1660 1716
1661 1717
1662 1718
1663 1719
1664 1720
1665 1721
1666 1722
1670 1723
1671 1724
1672 1725
1673 1726
1674 1727
1675 1731
1676 1732
1677 1733
1678 1734
1679 1735
1680 1736
1681 1737
1682 1738
1683 1739
1685 1740
1686 1741
1687 1742
1688 1743
1689 1744
1690 1745
1691 1746
1692 1747
1693 1748
1696 1749
1697 1750
1698 1751
1699 1752
1700 1753
1701 1754
1702 1755
1703 1757
1704 1758
1705 1759
1706 1760
1707 1761
1708 1762
1709 1763
1710 1764
1711 1765
1712 1766
1713 1767
1714 1768
1715 1769
1716 1770
1717 1771
1718 1774
1719 1775
1720 1776
1721 1777
1722 1778
1723 1779
1724 1780
1725 1781
1729 1782
1730 1783
1731 1784
1732 1785
1733 1789
1734 1790
1735 1791
1736 1792
1737 1793
1738 1794
1739 1795
1742 1796
1743 1797
1744 1798
1745 1799
1746 1800
1747 1801
1748 1802
1749 1803
1751 1804
1752 1805
1753 1806
1754 1807
1755 1808
1756 1810
1757 1811
1758 1812
1759 1813
1760 1814
1761 1815
1762 1817
1763 1818
1764 1819
1765 1820
1766 1821
1767 1822
1772 1823
1773 1824
1774 1825
1775 1826
1776 1829
1777 1830
1778 1831
1779 1832
1780 1835
1781 1836
1782 1837
1783 1838
1784 1839
1785 1840
1787 1841
1788 1842
1789 1843
1790 1844
1791 1845
1792 1846
1793 1847
1794 1848
1795 1849
1796 1850
1797 1851
1802 1852
1803 1853
1804 1854
1805 1858
1806 1859
1807 1860
1808 1863
1809 1864
1810 1865
1814 1866
1815 1867
1816 1871
1817 1872
1818 1873
1819 1874
1820 1876
1821 1877
1822 1878
1823 1879
1824 1880
1825 1881
1828 1882
1829 1883
1830 1884
1831 1885
1832 1886
1833 1889
1834 1890
1835 1891
1836 1892
1837 1893
1838 1894
1840 1895
1841 1896
1842 1897
1843 1898
1844 1899
1845 1900
1846 1901
1847 1902
1848 1903
1850 1904
1851 1905
1852 1906
1853 1907
1854 1908
1855 1909
1856 1910
1857 1911
1858 1912
1859 1913
1860 1914
1861 1915
1862 1916
1863 1917
1864 1918
1865 1919
1866 1921
1867 1922
1868 1923
1869 1924
1870 1925
1871 1926
1872 1927
1873 1928
1874 1929
1875 1930
1876 1932
1877 1933
1878 1934
1879 1935
1880 1936
1884 1937
1885 1938
1886 1939
1887 1940
1888 1942
1889 1943
1890 1944
1891 1945
1892 1947
1893 1948
1894 1949
1895 1950
1896 1951
1898 1952
1899 1953
1900 1954
1901 1955
1902 1956
1903 1957
1904 1958
1905 1959
1906 1960
1908 1961
1909 1962
1910 1963
1911 1964
1912 1965
1913 1967
1914 1968
1915 1969
1916 1970
1917 1971
1918 1972
1919 1973
1920 1974
1921 1975
1922 1976
1923 1977
1924 1978
1925 1979
1926 1980
1927 1981
1928 1982
1929 1983
1930 1984
1931 1985
1932 1986
1933 1987
1934 1988
1935 1989
1936 1990
1937 1991
1938 1992
1939 1993
1940 1994
1941 1996
1942 1997
1943 1998
1944 1999
1945 2000
1946 2001
1947 2002
1948 2003
1951 2004
1952 2005
1953 2006
1954 2007
1955 2008
1956 2009
1957 2012
1958 2013
1959 2014
1960 2015
1961 2016
1962 2017
1963 2018
1964 2019
1967 2020
1968 2021
1969 2022
1970 2023
1971 2024
1972 2025
1973 2028
1974 2029
1975 2030
1976 2031
1977 2032
1978 2033
1979 2034
1980 2035
1981 2036
1984 2037
1985 2038
1986 2039
1987 2040
1988 2041
1989 2042
1990 2043
1991 2046
1992 2047
1993 2048
1994 2049
1995 2050
1996 2051
1997 2052
1998 2053
1999 2054
2002 2055
2003 2056
2004 2057
2005 2058
2006 2059
2007 2060
2008 2061
2009 2062
2010 2063
2011 2064
2012 2065
2013 2066
2014 2067
2015 2068
2016 2069
2017 2070
2018 2071
2019 2072
2022 2073
2023 2074
2024 2075
2025 2076
2026 2077
2027 2082
2028 2083
2029 2084
2030 2085
2031 2086
2032 2087
2033 2088
2034 2091
2035 2092
2036 2093
2037 2094
2038 2095
2039 2096
2040 2097
2041 2098
2043 2099
2044 2100
2045 2101
2046 2102
2047 2103
2048 2104
2049 2105
2050 2106
2051 2107
2055 2108
2056 2109
2057 2110
2058 2111
2059 2112
2060 2113
2061 2114
2062 2117
2063 2118
2064 2119
2065 2120
2066 2121
2067 2122
2068 2123
2069 2124
2073 2125
2074 2126
2075 2127
2076 2128
2077 2129
2078 2133
2079 2134
2080 2135
2081 2136
2082 2137
2083 2138
2084 2139
2085 2140
2086 2141
2087 2142
2088 2143
2089 2144
2090 2145
2091 2146
2092 2147
2093 2148
2094 2149
2096 2150
2097 2151
2098 2152
2099 2153
2100 2154
2101 2155
2102 2156
2103 2157
2105 2158
2106 2159
2107 2160
2108 2161
2109 2162
2110 2165
2111 2166
2112 2167
2113 2168
2114 2169
2115 2170
2116 2171
2117 2172
2118 2173
2122 2174
2123 2175
2124 2176
2125 2177
2126 2178
2127 2179
2128 2183
2129 2184
2130 2185
2131 2186
2132 2187
2133 2188
2134 2189
2136 2190
2137 2191
2138 2192
2139 2193
2140 2194
2141 2195
2142 2196
2143 2197
2145 2198
2146 2199
2147 2200
2148 2201
2149 2202
2150 2205
2151 2206
2152 2207
2153 2208
2154 2209
2155 2210
2156 2211
2159 2212
2160 2213
2161 2214
2162 2215
2163 2216
2164 2217
2165 2218
2166 2219
2167 2220
2168 2221
2169 2222
2170 2223
2171 2224
2172 2225
2173 2226
2174 2227
2175 2228
2176 2229
2177 2230
2178 2231
2179 2232
2180 2233
2181 2234
2182 2235
2183 2236
2184 2237
2185 2238
2186 2240
2187 2241
2188 2242
2189 2243
2190 2244
2191 2245
2192 2246
2194 2247
2195 2248
2196 2249
2197 2250
2198 2251
2199 2253
2200 2254
2201 2255
2202 2256
2203 2257
2204 2258
2205 2259
2206 2260
2208 2261
2209 2262
2210 2263
2211 2267
2212 2268
2213 2269
2214 2270
2215 2271
2216 2272
2217 2273
2221 2274
2222 2275
2223 2276
2224 2277
2225 2278
2226 2279
2228 2280
2229 2281
2230 2282
2231 2283
2232 2284
2233 2287
2234 2288
2235 2289
2236 2290
2237 2291
2238 2292
2239 2293
2241 2294
2242 2295
2243 2296
2244 2297
2245 2298
2246 2299
2247 2300
2248 2301
2249 2302
2250 2303
2251 2304
2252 2305
2253 2306
2254 2308
2255 2309
2256 2310
2257 2311
2258 2312
2259 2313
2260 2314
2263 2315
2264 2316
2265 2317
2266 2322
2267 2323
2268 2324
2269 2325
2270 2326
2271 2327
2275 2328
2276 2329
2277 2330
2278 2331
2279 2332
2280 2335
2281 2336
2282 2337
2283 2338
2284 2339
2285 2340
2291 2341
2292 2342
2293 2343
2294 2344
2295 2348
2296 2349
2297 2350
2298 2351
2299 2352
2300 2354
2301 2355
2302 2356
2303 2357
2304 2358
2305 2359
2306 2361
2307 2362
2308 2363
2309 2364
2310 2365
2311 2366
2312 2367
2313 2368
2314 2369
2315 2370
2316 2371
2317 2372
2318 2373
2319 2374
2322 2375
2323 2376
2324 2377
2325 2378
2326 2379
2327 2380
2328 2382
2329 2383
2330 2384
2331 2385
2332 2386
2333 2387
2334 2388
2335 2389
2336 2390
2337 2391
2338 2392
2339 2393
2340 2394
2341 2395
2343 2396
2344 2397
2345 2398
2346 2399
2347 2400
2348 2403
2349 2404
2350 2405
2351 2406
2352 2407
2353 2409
2354 2410
2355 2411
2356 2412
2357 2413
2358 2414
2359 2415
2361 2416
2362 2417
2363 2418
2364 2419
2365 2420
2366 2421
2368 2422
2369 2423
2370 2424
2371 2425
2372 2426
2373 2429
2374 2430
2375 2431
2376 2432
2377 2433
2378 2434
2382 2435
2383 2436
2384 2437
2385 2438
2386 2439
2387 2440
2388 2441
2390 2442
2391 2443
2392 2444
2393 2445
2394 2449
2395 2450
2396 2451
2397 2452
2398 2453
2399 2454
2400 2456
2401 2457
2402 2458
2403 2459
2404 2460
2405 2461
2406 2462
2408 2463
2409 2464
2410 2465
2411 2466
2412 2467
2413 2468
2416 2469
2417 2470
2418 2471
2419 2472
2420 2473
2421 2474
2422 2475
2425 2476
2426 2477
2427 2478
2428 2479
2429 2483
2430 2484
2431 2485
2432 2486
2433 2487
2434 2488
2435 2489
2436 2490
2437 2491
2438 2492
2439 2493
2440 2494
2441 2496
2442 2497
2443 2498
2444 2499
2445 2500
2446 2501
2447 2502
2451 2503
2452 2504
