0 0
1 1
2 2
3 3
4 6
5 7
6 8
7 9
8 10
9 11
10 12
11 13
12 14
13 26
14 27
15 28
16 29
17 30
18 31
19 32
20 33
21 34
22 35
23 36
24 37
25 38
26 46
27 47
28 48
29 49
30 50
31 51
32 52
33 53
34 54
35 55
36 56
37 57
38 58
39 59
40 60
41 66
42 67
43 68
44 69
45 70
46 71
47 72
48 73
49 74
50 75
51 76
52 77
53 78
54 79
55 80
56 86
57 87
58 88
59 89
60 90
61 91
62 92
63 93
64 94
65 95
66 96
67 106
68 107
69 108
70 109
71 110
72 111
73 112
74 126
75 127
76 128
77 129
78 130
79 131
80 132
81 133
82 134
83 135
84 146
85 147
86 148
87 149
88 150
89 151
90 152
91 166
92 167
93 168
94 169
95 170
96 171
97 172
98 173
99 174
100 175
101 176
102 177
103 186
104 187
105 188
106 189
107 190
108 191
109 192
110 193
111 194
112 206
113 207
114 208
115 209
116 210
117 211
118 212
119 213
120 214
121 215
122 216
123 217
124 218
125 226
126 227
127 228
128 229
129 230
130 231
131 232
132 233
133 234
134 235
135 246
136 247
137 248
138 249
139 250
140 251
141 252
142 253
143 254
144 255
145 266
146 267
147 268
148 269
149 270
150 271
151 272
152 273
153 274
154 275
155 286
156 287
157 288
158 289
159 290
160 291
161 292
162 293
163 294
164 295
165 296
166 297
167 306
168 307
169 308
170 309
171 310
172 311
173 312
174 313
175 314
176 315
177 326
178 327
179 328
180 329
181 330
182 331
183 332
184 333
185 334
186 335
187 346
188 347
189 348
190 349
191 350
192 351
193 352
194 353
195 354
196 355
197 366
198 367
199 368
200 369
201 370
202 371
203 372
204 373
205 374
206 375
207 376
208 377
209 386
210 387
211 388
212 389
213 390
214 406
215 407
216 408
217 409
218 410
219 411
220 412
221 413
222 414
223 426
224 427
225 428
226 429
227 430
228 431
229 432
230 446
231 447
232 448
233 449
234 450
235 451
236 452
237 453
238 454
239 455
240 466
241 467
242 468
243 469
244 470
245 471
246 472
247 473
248 474
249 475
250 476
251 477
252 486
253 487
254 488
255 489
256 490
257 491
258 492
259 493
260 494
261 506
262 507
263 508
264 509
265 510
266 511
267 512
268 513
269 526
270 527
271 528
272 529
273 530
274 531
275 532
276 533
277 534
278 546
279 547
280 548
281 549
282 550
283 551
284 552
285 553
286 566
287 567
288 568
289 569
290 586
291 587
292 588
293 589
294 590
295 591
296 592
297 606
298 607
299 608
300 626
301 627
302 628
303 629
304 630
305 631
306 632
307 646
308 647
309 648
310 649
311 650
312 651
313 652
314 653
315 654
316 655
317 666
318 667
319 668
320 669
321 686
322 687
323 688
324 689
325 690
326 691
327 706
328 707
329 708
330 709
331 710
332 711
333 712
334 713
335 714
336 715
337 716
338 717
339 718
340 726
341 727
342 728
343 729
344 730
345 731
346 732
347 733
348 746
349 747
350 748
351 749
352 750
353 751
354 752
355 753
356 766
357 767
358 768
359 769
360 770
361 771
362 786
363 787
364 788
365 806
366 807
367 808
368 826
369 827
370 828
371 829
372 830
373 831
374 832
375 833
376 834
377 846
378 847
379 848
380 849
381 850
382 851
383 852
384 853
385 854
386 855
387 856
388 857
389 858
390 859
391 866
392 867
393 868
394 869
395 870
396 871
397 872
398 873
399 874
400 875
401 876
402 877
403 878
404 879
405 880
406 881
407 886
408 887
409 888
410 889
411 890
412 891
413 892
414 893
415 894
416 895
417 896
418 897
419 906
420 907
421 908
422 909
423 910
424 911
425 912
426 913
427 914
428 915
429 926
430 927
431 928
432 929
433 930
434 931
435 932
436 933
437 934
438 946
439 947
440 948
441 949
442 950
443 951
444 952
445 953
446 954
447 966
448 967
449 968
450 969
451 970
452 971
453 972
454 973
455 974
456 975
457 986
458 987
459 988
460 989
461 990
462 991
463 992
464 993
465 1006
466 1007
467 1008
468 1009
469 1010
470 1011
471 1012
472 1013
473 1026
474 1027
475 1028
476 1029
477 1030
478 1031
479 1032
480 1033
481 1034
482 1035
483 1046
484 1047
485 1048
486 1049
487 1050
488 1051
489 1052
490 1053
491 1054
492 1066
493 1067
494 1068
495 1069
496 1070
497 1071
498 1072
499 1073
500 1074
501 1075
502 1076
503 1077
504 1078
505 1079
506 1080
507 1081
508 1086
509 1087
510 1088
511 1089
512 1090
513 1091
514 1092
515 1093
516 1094
517 1095
518 1096
519 1106
520 1107
521 1108
522 1109
523 1110
524 1111
525 1112
526 1113
527 1114
528 1126
529 1127
530 1128
531 1129
532 1130
533 1131
534 1132
535 1133
536 1134
537 1135
538 1136
539 1137
540 1138
541 1146
542 1147
543 1148
544 1149
545 1150
546 1151
547 1152
548 1153
549 1154
550 1155
551 1156
552 1157
553 1158
554 1166
555 1167
556 1168
557 1169
558 1170
559 1171
560 1172
561 1173
562 1174
563 1175
564 1176
565 1177
566 1178
567 1179
568 1180
569 1186
570 1187
571 1188
572 1189
573 1190
574 1191
575 1192
576 1193
577 1194
578 1195
579 1196
580 1197
581 1198
582 1199
583 1206
584 1207
585 1208
586 1209
587 1210
588 1211
589 1212
590 1213
591 1214
592 1215
593 1226
594 1227
595 1228
596 1229
597 1230
598 1231
599 1232
600 1233
601 1234
602 1235
603 1236
604 1237
605 1238
606 1246
607 1247
608 1248
609 1249
610 1250
611 1251
612 1252
613 1253
614 1254
615 1255
616 1256
617 1257
618 1258
619 1266
620 1267
621 1268
622 1269
623 1270
624 1271
625 1272
626 1273
627 1274
628 1275
629 1276
630 1277
631 1286
632 1287
633 1288
634 1289
635 1290
636 1291
637 1292
638 1293
639 1294
640 1295
641 1296
642 1297
643 1298
644 1299
645 1306
646 1307
647 1308
648 1309
649 1310
650 1311
651 1312
652 1313
653 1326
654 1327
655 1328
656 1329
657 1330
658 1331
659 1332
660 1333
661 1334
662 1335
663 1336
664 1337
665 1346
666 1347
667 1348
668 1349
669 1350
670 1351
671 1352
672 1353
673 1354
674 1355
675 1366
676 1367
677 1368
678 1369
679 1370
680 1371
681 1372
682 1373
683 1374
684 1375
685 1376
686 1386
687 1387
688 1388
689 1389
690 1390
691 1391
692 1392
693 1393
694 1394
695 1395
696 1406
697 1407
698 1408
699 1409
700 1410
701 1411
702 1412
703 1413
704 1426
705 1427
706 1428
707 1429
708 1430
709 1431
710 1432
711 1433
712 1446
713 1447
714 1448
715 1449
716 1450
717 1451
718 1452
719 1453
720 1454
721 1455
722 1466
723 1467
724 1468
725 1469
726 1470
727 1471
728 1472
729 1473
730 1474
731 1486
732 1487
733 1488
734 1489
735 1490
736 1491
737 1492
738 1493
739 1494
740 1506
741 1507
742 1508
743 1509
744 1510
745 1511
746 1512
747 1513
748 1514
749 1526
750 1527
751 1528
752 1529
753 1530
754 1531
755 1532
756 1533
757 1534
758 1535
759 1536
760 1537
761 1538
762 1546
763 1547
764 1548
765 1549
766 1550
767 1551
768 1552
769 1553
770 1554
771 1566
772 1567
773 1568
774 1569
775 1570
776 1571
777 1572
778 1573
779 1574
780 1575
781 1576
782 1577
783 1578
784 1579
785 1580
786 1586
787 1587
788 1588
789 1589
790 1590
791 1591
792 1592
793 1593
794 1594
795 1595
796 1596
797 1597
798 1598
799 1599
800 1600
801 1601
802 1606
803 1607
804 1608
805 1609
806 1610
807 1611
808 1612
809 1613
810 1614
811 1615
812 1626
813 1627
814 1628
815 1629
816 1630
817 1631
818 1646
819 1647
820 1648
821 1649
822 1650
823 1651
824 1652
825 1653
826 1654
827 1666
828 1667
829 1668
830 1669
831 1670
832 1671
833 1672
834 1673
835 1674
836 1675
837 1676
838 1677
839 1686
840 1687
841 1688
842 1689
843 1690
844 1691
845 1692
846 1693
847 1694
848 1695
849 1696
850 1697
851 1698
852 1706
853 1707
854 1708
855 1709
856 1710
857 1711
858 1712
859 1713
860 1714
861 1715
862 1716
863 1726
864 1727
865 1728
866 1729
867 1730
868 1731
869 1732
870 1733
871 1734
872 1735
873 1736
874 1737
875 1746
876 1747
877 1748
878 1749
879 1750
880 1751
881 1752
882 1753
883 1754
884 1755
885 1766
886 1767
887 1768
888 1769
889 1770
890 1771
891 1772
892 1773
893 1774
894 1775
895 1776
896 1777
897 1778
898 1779
899 1780
900 1786
901 1787
902 1788
903 1789
904 1790
905 1791
906 1792
907 1793
908 1794
909 1795
910 1796
911 1806
912 1807
913 1808
914 1809
915 1810
916 1811
917 1812
918 1826
919 1827
920 1828
921 1829
922 1830
923 1831
924 1832
925 1846
926 1847
927 1848
928 1849
929 1850
930 1851
931 1852
932 1853
933 1854
934 1855
935 1856
936 1866
937 1867
938 1868
939 1869
940 1870
941 1871
942 1872
943 1873
944 1874
945 1875
946 1876
947 1877
948 1886
949 1887
950 1888
951 1889
952 1890
953 1891
954 1892
955 1893
956 1894
957 1895
958 1896
959 1906
960 1907
961 1908
962 1909
963 1910
964 1911
965 1912
966 1926
967 1927
968 1928
969 1929
970 1930
971 1931
972 1932
973 1933
974 1934
975 1935
976 1936
977 1937
978 1946
979 1947
980 1948
981 1949
982 1950
983 1951
984 1952
985 1953
986 1966
987 1967
988 1968
989 1969
990 1970
991 1971
992 1972
993 1973
994 1974
995 1975
996 1976
997 1986
998 1987
999 1988
1000 1989
1001 1990
1002 1991
1003 1992
1004 1993
1005 1994
1006 1995
1007 1996
1008 1997
1009 2006
1010 2007
1011 2008
1012 2009
1013 2010
1014 2011
1015 2012
1016 2026
1017 2027
1018 2028
1019 2029
1020 2030
1021 2031
1022 2032
1023 2033
1024 2034
1025 2035
1026 2036
1027 2037
1028 2046
1029 2047
1030 2048
1031 2049
1032 2050
1033 2051
1034 2052
1035 2053
1036 2054
1037 2055
1038 2056
1039 2057
1040 2066
1041 2067
1042 2068
1043 2069
1044 2070
1045 2071
1046 2072
1047 2073
1048 2074
1049 2075
1050 2086
1051 2087
1052 2088
1053 2089
1054 2090
1055 2091
1056 2092
1057 2093
1058 2106
1059 2107
1060 2108
1061 2109
1062 2110
1063 2111
1064 2112
1065 2113
1066 2114
1067 2115
1068 2116
1069 2117
1070 2118
1071 2119
1072 2120
1073 2126
1074 2127
1075 2128
1076 2129
1077 2130
1078 2131
1079 2132
1080 2133
1081 2134
1082 2135
1083 2136
1084 2146
1085 2147
1086 2148
1087 2149
1088 2150
1089 2151
1090 2152
1091 2153
1092 2154
1093 2155
