0 0
1 1
2 10
3 11
4 12
5 13
6 14
7 15
8 16
9 17
10 18
11 19
12 20
13 21
14 30
15 31
16 32
17 33
18 34
19 35
20 36
21 37
22 38
23 39
24 40
25 41
26 42
27 43
28 50
29 51
30 52
31 53
32 54
33 55
34 56
35 57
36 58
37 59
38 60
39 70
40 71
41 72
42 73
43 74
44 75
45 76
46 77
47 78
48 79
49 80
50 81
51 82
52 83
53 84
54 90
55 91
56 92
57 93
58 94
59 95
60 96
61 97
62 110
63 111
64 112
65 113
66 114
67 115
68 116
69 117
70 118
71 119
72 120
73 121
74 122
75 130
76 131
77 132
78 133
79 134
80 135
81 136
82 137
83 138
84 139
85 150
86 151
87 152
88 153
89 154
90 155
91 156
92 157
93 158
94 170
95 171
96 172
97 173
98 174
99 175
100 176
101 177
102 178
103 179
104 180
105 181
106 190
107 191
108 192
109 193
110 194
111 195
112 196
113 197
114 198
115 199
116 200
117 210
118 211
119 212
120 213
121 214
122 215
123 216
124 217
125 218
126 219
127 230
128 231
129 232
130 233
131 234
132 235
133 236
134 237
135 250
136 251
137 252
138 253
139 254
140 255
141 256
142 257
143 258
144 259
145 260
146 261
147 262
148 263
149 264
150 270
151 271
152 272
153 273
154 274
155 275
156 276
157 277
158 278
159 279
160 280
161 281
162 290
163 291
164 292
165 293
166 294
167 295
168 296
169 297
170 298
171 299
172 300
173 301
174 302
175 310
176 311
177 312
178 313
179 314
180 315
181 316
182 317
183 318
184 330
185 331
186 332
187 333
188 334
189 335
190 336
191 337
192 338
193 339
194 340
195 341
196 350
197 351
198 352
199 353
200 354
201 355
202 356
203 357
204 358
205 370
206 371
207 372
208 373
209 374
210 375
211 376
212 377
213 390
214 391
215 392
216 393
217 394
218 395
219 396
220 397
221 398
222 399
223 400
224 401
225 402
226 403
227 404
228 410
229 411
230 412
231 413
232 414
233 415
234 416
235 417
236 418
237 419
238 430
239 431
240 432
241 433
242 434
243 435
244 436
245 437
246 450
247 451
248 452
249 453
250 454
251 455
252 456
253 457
254 458
255 470
256 471
257 472
258 473
259 474
260 475
261 476
262 477
263 478
264 479
265 490
266 491
267 492
268 493
269 494
270 495
271 496
272 497
273 498
274 499
275 500
276 501
277 502
278 503
279 510
280 511
281 512
282 513
283 514
284 515
285 516
286 517
287 518
288 530
289 531
290 532
291 533
292 534
293 535
294 536
295 537
296 538
297 539
298 540
299 550
300 551
301 552
302 553
303 554
304 555
305 556
306 557
307 558
308 559
309 560
310 570
311 571
312 572
313 573
314 574
315 575
316 576
317 577
318 578
319 579
320 590
321 591
322 592
323 593
324 594
325 595
326 596
327 597
328 598
329 599
330 610
331 611
332 612
333 613
334 614
335 615
336 616
337 617
338 618
339 619
340 630
341 631
342 632
343 633
344 634
345 635
346 636
347 637
348 638
349 639
350 640
351 641
352 642
353 643
354 650
355 651
356 652
357 653
358 654
359 655
360 656
361 657
362 658
363 670
364 671
365 672
366 673
367 674
368 675
369 676
370 677
371 678
372 679
373 680
374 681
375 682
376 690
377 691
378 692
379 693
380 694
381 695
382 696
383 697
384 698
385 710
386 711
387 712
388 713
389 714
390 715
391 716
392 717
393 718
394 719
395 730
396 731
397 732
398 733
399 734
400 735
401 736
402 737
403 738
404 739
405 740
406 741
407 742
408 743
409 750
410 751
411 752
412 753
413 754
414 755
415 756
416 757
417 758
418 759
419 760
420 761
421 762
422 770
423 771
424 772
425 773
426 774
427 775
428 776
429 777
430 778
431 779
432 790
433 791
434 792
435 793
436 794
437 795
438 796
439 797
440 798
441 799
442 800
443 801
444 802
445 803
446 810
447 811
448 812
449 813
450 814
451 815
452 816
453 817
454 818
455 819
456 830
457 831
458 832
459 833
460 834
461 835
462 836
463 837
464 838
465 839
466 840
467 850
468 851
469 852
470 853
471 854
472 855
473 856
474 857
475 858
476 859
477 860
478 861
479 870
480 871
481 872
482 873
483 874
484 875
485 876
486 877
487 878
488 879
489 880
490 881
491 882
492 883
493 890
494 891
495 892
496 893
497 894
498 895
499 896
500 897
501 898
502 899
503 900
504 901
505 910
506 911
507 912
508 913
509 914
510 915
511 916
512 917
513 918
514 919
515 920
516 921
517 922
518 930
519 931
520 932
521 933
522 934
523 935
524 936
525 937
526 950
527 951
528 952
529 953
530 954
531 955
532 956
533 957
534 958
535 959
536 960
537 961
538 962
539 963
540 964
541 965
542 966
543 970
544 971
545 972
546 973
547 974
548 975
549 976
550 977
551 978
552 979
553 980
554 981
555 982
556 983
557 984
558 990
559 991
560 992
561 993
562 994
563 995
564 996
565 997
566 998
567 1010
568 1011
569 1012
570 1013
571 1014
572 1015
573 1016
574 1017
575 1018
576 1019
577 1020
578 1021
579 1022
580 1030
581 1031
582 1032
583 1033
584 1034
585 1035
586 1036
587 1037
588 1038
589 1039
590 1050
591 1051
592 1052
593 1053
594 1054
595 1055
596 1056
597 1057
598 1058
599 1059
600 1060
601 1061
602 1062
603 1070
604 1071
605 1072
606 1073
607 1074
608 1075
609 1076
610 1077
611 1078
612 1079
613 1080
614 1081
615 1082
616 1083
617 1090
618 1091
619 1092
620 1093
621 1094
622 1095
623 1096
624 1097
625 1098
626 1099
627 1100
628 1101
629 1102
630 1110
631 1111
632 1112
633 1113
634 1114
635 1115
636 1116
637 1117
638 1118
639 1119
640 1120
641 1121
642 1130
643 1131
644 1132
645 1133
646 1134
647 1135
648 1136
649 1137
650 1138
651 1139
652 1140
653 1141
654 1142
655 1150
656 1151
657 1152
658 1153
659 1154
660 1155
661 1156
662 1157
663 1158
664 1159
665 1160
666 1170
667 1171
668 1172
669 1173
670 1174
671 1175
672 1176
673 1177
674 1190
675 1191
676 1192
677 1193
678 1194
679 1195
680 1196
681 1197
682 1198
683 1210
684 1211
685 1212
686 1213
687 1214
688 1215
689 1216
690 1217
691 1218
692 1219
693 1220
694 1221
695 1222
696 1230
697 1231
698 1232
699 1233
700 1234
701 1235
702 1236
703 1237
704 1238
705 1239
706 1240
707 1241
708 1242
709 1250
710 1251
711 1252
712 1253
713 1254
714 1255
715 1256
716 1257
717 1258
718 1270
719 1271
720 1272
721 1273
722 1274
723 1275
724 1276
725 1277
726 1278
727 1279
728 1280
729 1290
730 1291
731 1292
732 1293
733 1294
734 1295
735 1296
736 1297
737 1298
738 1299
739 1300
740 1310
741 1311
742 1312
743 1313
744 1314
745 1315
746 1316
747 1317
748 1318
749 1330
750 1331
751 1332
752 1333
753 1334
754 1335
755 1336
756 1337
757 1338
758 1339
759 1340
760 1350
761 1351
762 1352
763 1353
764 1354
765 1355
766 1356
767 1370
768 1371
769 1372
770 1373
771 1374
772 1375
773 1376
774 1377
775 1378
776 1379
777 1380
778 1381
779 1390
780 1391
781 1392
782 1393
783 1394
784 1395
785 1396
786 1397
787 1398
788 1399
789 1410
790 1411
791 1412
792 1413
793 1414
794 1415
795 1416
796 1417
797 1418
798 1419
799 1420
800 1421
801 1422
802 1423
803 1430
804 1431
805 1432
806 1433
807 1434
808 1435
809 1436
810 1437
811 1438
812 1450
813 1451
814 1452
815 1453
816 1454
817 1455
818 1456
819 1470
820 1471
821 1472
822 1473
823 1474
824 1475
825 1476
826 1477
827 1478
828 1479
829 1480
830 1481
831 1490
832 1491
833 1492
834 1493
835 1510
836 1511
837 1512
838 1513
839 1514
840 1515
841 1516
842 1517
843 1530
844 1531
845 1532
846 1533
847 1534
848 1535
849 1536
850 1537
851 1538
852 1539
853 1540
854 1550
855 1551
856 1552
857 1553
858 1554
859 1555
860 1556
861 1557
862 1558
863 1559
864 1560
865 1561
866 1562
867 1570
868 1571
869 1572
870 1573
871 1574
872 1575
873 1576
874 1577
875 1578
876 1579
877 1580
878 1581
879 1590
880 1591
881 1592
882 1593
883 1594
884 1595
885 1596
886 1610
887 1611
888 1612
889 1613
890 1614
891 1615
892 1616
893 1617
894 1618
895 1619
896 1630
897 1631
898 1632
899 1633
900 1634
901 1635
902 1636
903 1650
904 1651
905 1652
906 1653
907 1654
908 1655
909 1656
910 1657
911 1658
912 1659
913 1660
914 1661
915 1670
916 1671
917 1672
918 1673
919 1674
920 1675
921 1676
922 1677
923 1678
924 1679
925 1680
926 1681
927 1690
928 1691
929 1692
930 1693
931 1694
932 1695
933 1696
934 1697
935 1698
936 1699
937 1710
938 1711
939 1712
940 1713
941 1714
942 1715
943 1716
944 1717
945 1718
946 1719
947 1720
948 1730
949 1731
950 1732
951 1733
952 1734
953 1735
954 1736
955 1737
956 1738
957 1739
958 1740
959 1741
960 1742
961 1750
962 1751
963 1752
964 1753
965 1754
966 1755
967 1756
968 1757
969 1758
970 1759
971 1760
972 1761
973 1762
974 1763
975 1770
976 1771
977 1772
978 1773
979 1774
980 1775
981 1776
982 1777
983 1778
984 1779
985 1780
986 1781
987 1782
988 1783
989 1790
990 1791
991 1792
992 1793
993 1794
994 1795
995 1796
996 1797
997 1798
998 1799
999 1800
1000 1801
1001 1802
1002 1803
1003 1810
1004 1811
1005 1812
1006 1813
1007 1814
1008 1815
1009 1816
1010 1817
