0 0
1 1
13 2
14 3
15 4
16 5
17 6
18 7
19 8
20 9
22 10
23 11
24 12
25 13
26 14
27 15
28 16
29 17
30 18
31 19
32 20
33 21
34 22
35 23
36 24
37 25
38 26
39 27
41 28
42 29
43 30
44 31
45 32
46 33
47 34
48 35
49 36
50 37
51 38
52 39
53 40
54 41
55 42
56 43
57 44
58 45
59 46
60 49
61 50
62 51
63 52
64 53
65 54
66 55
67 56
68 57
69 58
74 59
75 60
76 61
77 62
78 63
79 68
80 69
81 70
82 71
83 72
84 73
85 74
86 75
89 76
90 77
91 78
92 79
93 80
94 81
95 82
96 83
97 84
98 85
99 87
100 88
101 89
102 90
103 91
104 92
105 93
106 94
107 95
108 96
109 97
110 98
111 99
112 100
113 101
114 102
115 103
116 104
117 105
118 106
119 107
120 108
121 109
122 110
123 111
124 112
125 115
126 116
127 117
128 118
129 119
130 120
131 121
132 122
133 123
134 124
135 125
136 126
137 127
138 128
139 129
142 130
143 131
144 132
145 133
146 134
147 135
148 136
149 137
150 138
151 139
152 140
153 141
154 142
155 143
156 144
157 145
158 146
159 147
160 148
161 149
162 150
163 151
164 152
165 153
166 154
167 155
168 156
169 157
170 158
171 159
172 160
173 161
174 162
175 163
176 164
177 165
178 166
179 167
180 168
181 169
182 170
183 171
184 172
186 173
187 174
188 175
189 176
190 177
191 178
192 179
193 180
194 181
195 182
196 183
197 184
198 185
199 187
200 188
201 189
202 190
203 191
204 192
205 193
206 194
207 195
208 196
209 197
210 198
211 199
212 201
213 202
214 203
215 204
216 205
217 206
218 207
219 208
220 209
221 210
222 211
224 212
225 213
226 214
227 215
228 216
229 217
230 218
231 219
232 220
233 221
234 222
235 223
236 224
238 225
239 226
240 227
241 228
242 229
243 230
244 231
245 232
246 233
247 234
248 236
249 237
250 238
251 239
252 240
253 241
254 242
255 243
256 244
257 245
258 246
259 247
260 248
261 249
262 250
263 251
264 252
265 253
266 254
267 255
268 256
269 257
270 258
271 259
272 260
273 261
274 262
275 263
276 264
277 265
278 266
279 267
280 268
281 269
282 270
283 271
284 272
285 273
286 274
287 275
288 276
289 277
290 278
291 279
292 280
293 281
295 282
296 283
297 284
298 285
299 286
300 287
301 288
302 289
303 290
304 292
305 293
306 294
307 295
308 296
309 297
310 298
311 299
312 300
313 301
314 302
315 303
316 304
317 305
318 306
319 307
320 308
321 309
322 310
323 311
324 312
327 313
328 314
329 315
330 316
331 317
332 318
333 319
334 320
335 321
336 322
337 323
338 325
339 326
340 327
341 328
342 329
343 330
344 331
345 332
346 333
347 334
348 336
349 337
350 338
351 339
352 340
353 341
354 342
355 343
356 344
357 345
358 346
359 347
360 348
361 349
362 350
363 351
364 352
365 353
366 354
367 355
368 356
369 357
371 358
372 359
373 360
374 361
375 362
376 363
377 364
378 365
379 366
380 368
381 369
382 370
383 371
384 372
385 373
386 374
387 375
388 376
389 377
390 378
391 379
392 380
393 381
394 382
395 383
396 384
397 385
398 386
399 387
400 388
401 389
402 390
403 391
404 392
405 393
406 394
407 395
408 396
409 397
410 398
411 399
412 400
413 401
415 402
416 403
417 404
418 405
419 406
420 407
421 408
422 409
423 410
424 412
425 413
426 414
427 415
428 416
429 417
430 418
431 419
432 420
433 421
434 422
435 423
436 424
437 425
438 426
439 427
440 428
441 429
442 430
443 431
444 432
445 433
446 434
447 435
448 436
449 437
451 438
452 439
453 440
454 441
455 442
456 443
457 444
458 445
459 446
460 447
461 449
462 450
463 451
464 452
465 453
466 454
467 455
468 456
469 457
470 458
471 459
472 460
475 461
476 462
477 463
478 464
479 465
480 466
481 467
482 468
483 469
484 470
485 471
486 473
487 474
488 475
489 476
490 477
491 478
492 479
493 480
494 481
495 482
496 483
497 484
498 485
499 486
500 487
501 488
502 489
503 490
504 491
505 492
506 493
507 494
508 495
509 496
510 497
511 498
512 499
513 500
514 501
515 502
516 503
517 504
518 505
519 507
520 508
521 509
522 510
523 511
524 512
525 513
526 514
527 515
528 516
529 517
531 518
532 519
533 520
534 521
535 522
536 523
537 524
538 525
539 526
540 527
541 529
542 530
543 531
544 532
545 533
546 534
547 535
548 536
549 537
550 538
551 539
552 540
553 541
554 542
555 543
556 544
557 545
558 546
559 547
560 548
561 549
562 550
563 551
564 552
565 553
566 554
567 555
568 556
569 557
570 558
571 559
572 560
573 561
574 562
575 563
576 564
577 565
578 566
579 567
580 568
581 569
582 570
583 571
584 572
585 573
586 574
587 575
588 576
589 577
590 578
591 579
592 580
593 581
594 582
595 583
596 584
597 585
598 586
599 587
600 588
601 589
602 590
603 591
604 592
605 593
606 594
607 595
608 596
609 597
610 598
611 599
612 600
613 601
614 602
615 603
616 604
617 605
618 606
619 607
620 608
621 609
622 610
623 611
624 612
625 613
626 614
627 615
628 616
629 617
630 618
631 619
632 620
633 621
634 622
635 623
636 624
637 625
638 626
639 628
640 629
641 630
642 631
643 632
644 633
645 634
646 635
647 636
648 637
649 638
650 639
651 640
653 641
654 642
655 643
656 644
657 645
658 646
659 647
660 648
661 649
662 650
663 651
664 652
665 653
666 654
668 655
669 656
670 657
671 658
672 659
673 660
674 661
675 662
676 663
677 664
678 665
679 666
680 667
681 668
683 669
684 670
685 671
686 672
687 673
688 674
689 675
690 676
691 677
692 678
693 679
694 680
695 681
696 684
697 685
698 686
699 687
700 688
701 689
702 690
703 691
704 692
705 693
706 694
707 695
708 696
709 697
710 698
711 699
712 700
713 701
714 702
715 703
716 704
717 705
718 706
719 707
720 708
721 709
722 710
723 711
724 712
725 713
726 714
727 715
728 716
729 717
730 718
731 719
732 720
733 721
734 722
735 723
736 724
737 725
738 726
739 727
740 728
741 729
742 730
743 731
744 732
745 733
746 734
747 735
748 736
749 737
750 738
752 739
753 740
754 741
755 742
756 743
757 744
758 745
759 746
760 747
761 748
762 749
763 750
764 751
765 752
766 753
767 754
768 755
769 756
770 757
771 758
772 759
773 760
774 761
775 762
776 763
777 764
778 765
779 766
780 767
781 768
782 769
783 770
784 771
785 772
786 773
787 774
788 775
789 776
790 777
791 778
792 779
793 780
794 781
795 782
796 783
797 784
798 785
799 786
800 787
801 788
802 790
803 791
804 792
805 793
806 794
807 795
808 796
809 797
810 798
811 799
812 801
813 802
814 803
815 804
816 805
817 806
818 807
819 808
820 809
821 810
822 811
824 812
825 813
826 814
827 815
828 816
829 817
830 818
831 819
832 820
833 821
834 822
835 823
836 824
837 825
838 826
839 827
840 828
841 829
842 830
843 831
844 832
845 834
846 835
847 836
848 837
849 838
850 839
851 840
852 841
853 842
854 843
