1937.000000000000 -36.553657531738 315.795196533203 19.428911209106 0.027504654866 0.024256838200 -0.564339731592 0.824727692701
1937.000000000000 -36.350109100342 315.271728515625 19.385364532471 0.027513763905 0.024149136156 -0.564385164231 0.824699459448
1937.000000000000 -36.241828918457 314.999633789062 19.370859146118 0.027506871720 0.024119379473 -0.564057764979 0.824924520977
1937.000000000000 -36.140323638916 314.737792968750 19.353019714355 0.027589197468 0.024177600004 -0.564137676228 0.824865420600
1937.000000000000 -36.035343170166 314.471496582031 19.342353820801 0.027642204880 0.024243534144 -0.563953606499 0.824987569166
1937.000000000000 -35.733215332031 313.693878173828 19.282831192017 0.027511247262 0.024154335524 -0.564154857447 0.824856954974
1938.000000000000 -35.504898071289 313.094512939453 19.243011474609 0.028287172756 0.024882857707 -0.565068434980 0.824183440163
1938.000000000000 -35.466003417969 312.994628906250 19.227867126465 0.028251060066 0.025638056509 -0.564989282499 0.824215795969
1938.000000000000 -35.442062377930 312.932983398438 19.224512100220 0.027904079758 0.024792496972 -0.564878836422 0.824329178538
1938.000000000000 -35.404647827148 312.836914062500 19.216030120850 0.027447980737 0.024494023622 -0.564783695461 0.824418600289
1938.000000000000 -35.384815216064 312.785797119141 19.213459014893 0.027299778844 0.024415967842 -0.564772892827 0.824433236907
1938.000000000000 -35.359611511230 312.721252441406 19.212085723877 0.027305209637 0.024361574178 -0.564650650704 0.824518393907
1938.000000000000 -35.300369262695 312.570709228516 19.204277038574 0.027273682301 0.024170677803 -0.564260461044 0.824792129382
1938.000000000000 -35.268753051758 312.490539550781 19.190221786499 0.027158337760 0.024128449649 -0.564154677865 0.824869530320
1938.000000000000 -35.231773376465 312.396606445312 19.183050155640 0.027054309990 0.023957972120 -0.564020650739 0.824969566362
1938.000000000000 -35.191452026367 312.294281005859 19.176183700562 0.026982775356 0.023991796892 -0.563877402763 0.825068844503
1938.000000000000 -35.097190856934 312.057281494141 19.152299880981 0.026883886702 0.023823465851 -0.563407778967 0.825397706388
1938.000000000000 -34.994068145752 311.798980712891 19.135517120361 0.026922467636 0.023812294914 -0.562871645374 0.825762475644
1938.000000000000 -34.940715789795 311.664947509766 19.125274658203 0.026886861520 0.023772137039 -0.562709761554 0.825875115517
1939.000000000000 -34.835941314697 311.402435302734 19.115793228149 0.027105449626 0.023832678019 -0.562280916183 0.826158259267
1939.000000000000 -34.787788391113 311.282379150391 19.095983505249 0.026997208347 0.023846310107 -0.562129814655 0.826264228750
1939.000000000000 -34.739860534668 311.162567138672 19.085710525513 0.026888347542 0.023735653012 -0.561979947677 0.826372902479
1939.000000000000 -34.690551757812 311.039764404297 19.069770812988 0.026704420743 0.023689516801 -0.561819100696 0.826489551537
1939.000000000000 -34.640865325928 310.915496826172 19.061182022095 0.026417062783 0.023774951114 -0.561688113934 0.826585357455
1939.000000000000 -34.592247009277 310.793365478516 19.049924850464 0.026358887919 0.023694760149 -0.561653175967 0.826613257392
1939.000000000000 -34.540443420410 310.665130615234 19.033308029175 0.026252658780 0.023637581896 -0.561436860262 0.826765211271
1939.000000000000 -34.436515808105 310.406524658203 19.010019302368 0.025998959238 0.023642454432 -0.561140829273 0.826974037192
1939.000000000000 -34.337711334229 310.160980224609 18.985612869263 0.025904676811 0.023745818819 -0.560875413691 0.827154069158
1939.000000000000 -34.137332916260 309.662048339844 18.949399948120 0.025973964212 0.023670129262 -0.560498370695 0.827409605100
1939.000000000000 -34.089576721191 309.542053222656 18.933629989624 0.025650803891 0.023737937716 -0.560605488930 0.827345171228
1939.000000000000 -34.038383483887 309.416381835938 18.923093795776 0.025542620125 0.023657078537 -0.560344407372 0.827527680697
1939.000000000000 -33.935573577881 309.160095214844 18.894313812256 0.025228846096 0.023669702061 -0.560341410578 0.827538974381
1940.000000000000 -33.884613037109 309.031738281250 18.883270263672 0.025214791045 0.023530964284 -0.560477306076 0.827451326307
1940.000000000000 -33.828990936279 308.895538330078 18.875257492065 0.025264094700 0.023420991680 -0.560177946707 0.827655635328
1940.000000000000 -33.779907226562 308.772857666016 18.866641998291 0.025179529966 0.023300027922 -0.560210104938 0.827639860262
1940.000000000000 -33.677062988281 308.516937255859 18.851558685303 0.025305572297 0.023201053321 -0.560127567996 0.827694657894
1940.000000000000 -33.473110198975 308.010650634766 18.805454254150 0.025114144096 0.023011135919 -0.559932481977 0.827837775785
1940.000000000000 -33.423820495605 307.889160156250 18.792255401611 0.024969795458 0.022945849132 -0.559810717005 0.827926300131
1940.000000000000 -33.371505737305 307.759582519531 18.780492782593 0.025052828043 0.022798457877 -0.559764176865 0.827959330175
1940.000000000000 -33.167411804199 307.253204345703 18.742805480957 0.024946783939 0.022947475459 -0.559638056862 0.828043668325
1940.000000000000 -33.061676025391 306.991668701172 18.725652694702 0.024848594445 0.022795741626 -0.559507986479 0.828138704918
1940.000000000000 -32.963474273682 306.746917724609 18.709886550903 0.024651075684 0.022882754942 -0.559611390751 0.828072337019
1941.000000000000 -32.861473083496 306.493652343750 18.690580368042 0.024685751146 0.022792659037 -0.559604950198 0.828078141300
1941.000000000000 -32.815196990967 306.377807617188 18.685379028320 0.024636144897 0.022874634774 -0.559698793473 0.828013932270
1941.000000000000 -32.767379760742 306.259246826172 18.676401138306 0.024608816475 0.022799347843 -0.559669283570 0.828036767854
1941.000000000000 -32.715442657471 306.131744384766 18.665878295898 0.024459652998 0.022750342908 -0.559503039366 0.828154874533
1941.000000000000 -32.515193939209 305.636352539062 18.629341125488 0.024498966866 0.022781553417 -0.559315162953 0.828279753427
1941.000000000000 -32.461368560791 305.502319335938 18.616979598999 0.024466360212 0.022760088149 -0.559391644856 0.828229656116
1941.000000000000 -32.413505554199 305.384460449219 18.603202819824 0.024431157351 0.022693002640 -0.559316452471 0.828283316370
1941.000000000000 -32.366783142090 305.268188476562 18.595344543457 0.024405390491 0.022711707408 -0.559369443976 0.828247777182
1941.000000000000 -32.324359893799 305.164672851562 18.587017059326 0.024543184911 0.022715346033 -0.559141444530 0.828397543537
1941.000000000000 -32.307464599609 305.122680664062 18.583490371704 0.024512627557 0.023105724070 -0.559194648548 0.828351737875
1941.000000000000 -32.307132720947 305.121826171875 18.584512710571 0.024682532733 0.023239915109 -0.559171516560 0.828358554004
1941.000000000000 -32.307189941406 305.121917724609 18.585475921631 0.024701163367 0.023079869307 -0.559183316206 0.828354508069
1941.000000000000 -32.307067871094 305.121643066406 18.584836959839 0.024614942290 0.023015281748 -0.559212024122 0.828339491694
1941.000000000000 -32.307144165039 305.121826171875 18.585250854492 0.024654336060 0.022977080831 -0.559220011191 0.828333988529
1941.000000000000 -32.307144165039 305.121856689453 18.584518432617 0.024590520533 0.022897231309 -0.559227296705 0.828333177966
1942.000000000000 -32.307182312012 305.121948242188 18.584732055664 0.024602024867 0.022853680415 -0.559230138600 0.828332120436
1942.000000000000 -32.307189941406 305.121978759766 18.584503173828 0.024590202943 0.022833789711 -0.559251497639 0.828318599547
1942.000000000000 -32.307437896729 305.122589111328 18.584615707397 0.024603932158 0.022809777143 -0.559233072174 0.828331293370
1942.000000000000 -32.307292938232 305.122253417969 18.584180831909 0.024516223618 0.022820952830 -0.559253156264 0.828320026379
1942.000000000000 -32.307468414307 305.122680664062 18.584260940552 0.024483823718 0.022826717616 -0.559285355868 0.828299084903
1942.000000000000 -32.307685852051 305.123199462891 18.584634780884 0.024501569502 0.022827050934 -0.559272491107 0.828307237400
1942.000000000000 -32.307598114014 305.122985839844 18.584461212158 0.024503827956 0.022826134866 -0.559265339550 0.828312024518
1942.000000000000 -32.307315826416 305.122283935547 18.584360122681 0.024507289725 0.022831942449 -0.559267968323 0.828309987120
1942.000000000000 -32.307189941406 305.122009277344 18.583835601807 0.024477632727 0.022814418867 -0.559275446746 0.828306297486
1942.000000000000 -32.307144165039 305.121917724609 18.583477020264 0.024427018687 0.022806484697 -0.559277173798 0.828306844039
1942.000000000000 -32.307422637939 305.122589111328 18.584037780762 0.024401194768 0.022821404454 -0.559292155162 0.828297078570
1942.000000000000 -32.307262420654 305.122192382812 18.584148406982 0.024450438591 0.022829176960 -0.559265132061 0.828313658461
1942.000000000000 -32.307079315186 305.121734619141 18.583784103394 0.024422569643 0.022794459274 -0.559287489640 0.828300340849
1943.000000000000 -32.306877136230 305.121246337891 18.583219528198 0.024401014130 0.022786200108 -0.559290082887 0.828299452359
1943.000000000000 -32.306816101074 305.121124267578 18.582801818848 0.024405338127 0.022767227529 -0.559289772869 0.828300056009
1943.000000000000 -32.307125091553 305.121856689453 18.583726882935 0.024415052416 0.022775044633 -0.559312014028 0.828284536570
1943.000000000000 -32.307033538818 305.121643066406 18.583513259888 0.024397248771 0.022780431345 -0.559288985251 0.828300463103
1943.000000000000 -32.306919097900 305.121368408203 18.583301544189 0.024430688608 0.022791553591 -0.559281056413 0.828304525206
1943.000000000000 -32.306579589844 305.120544433594 18.582853317261 0.024425090002 0.022766447467 -0.559290787746 0.828298809966
1943.000000000000 -32.306812286377 305.121124267578 18.583003997803 0.024406265879 0.022786272914 -0.559284340247 0.828303173184
1943.000000000000 -32.306655883789 305.120758056641 18.582500457764 0.024423207406 0.022759046715 -0.559283067233 0.828304281915
1943.000000000000 -32.307022094727 305.121612548828 18.583879470825 0.024426893437 0.022776103199 -0.559284315334 0.828302861653
1943.000000000000 -32.307147979736 305.121917724609 18.584100723267 0.024422399529 0.022807893724 -0.559295361315 0.828294660852
1943.000000000000 -32.306831359863 305.121185302734 18.582653045654 0.024411173792 0.022746343298 -0.559278488813 0.828308076993
1943.000000000000 -32.306941986084 305.121429443359 18.583465576172 0.024428043446 0.022792830224 -0.559284879145 0.828301986925
1943.000000000000 -32.307170867920 305.122009277344 18.583629608154 0.024400389114 0.022793591005 -0.559294283581 0.828296430980
1943.000000000000 -32.306751251221 305.121002197266 18.582702636719 0.024459403005 0.022756432324 -0.559281600327 0.828304276174
1944.000000000000 -32.306793212891 305.121063232422 18.583538055420 0.024404320849 0.022758349271 -0.559274644025 0.828310545154
1944.000000000000 -32.307022094727 305.121612548828 18.583856582642 0.024405957389 0.022772273556 -0.559269615371 0.828313509563
1944.000000000000 -32.306701660156 305.120819091797 18.583515167236 0.024411020665 0.022759970793 -0.559268821473 0.828314234531
1944.000000000000 -32.306671142578 305.120758056641 18.583328247070 0.024426846374 0.022747233829 -0.559270403683 0.828313049573
1944.000000000000 -32.307067871094 305.121734619141 18.583587646484 0.024400472433 0.022746589896 -0.559271471755 0.828313123447
1944.000000000000 -32.306755065918 305.120971679688 18.583612442017 0.024447813665 0.022740157253 -0.559277085611 0.828308113666
1944.000000000000 -32.306720733643 305.120880126953 18.583366394043 0.024401981472 0.022753823531 -0.559273245926 0.828311682404
1944.000000000000 -32.306709289551 305.120849609375 18.583288192749 0.024429996754 0.022735665877 -0.559272225107 0.828312044449
1944.000000000000 -32.307022094727 305.121612548828 18.583791732788 0.024406083790 0.022764709773 -0.559274715031 0.828310270484
1945.000000000000 -32.307079315186 305.121765136719 18.583681106567 0.024395082007 0.022769921574 -0.559270944772 0.828312996988
1945.000000000000 -32.306896209717 305.121337890625 18.583370208740 0.024447990091 0.022725326805 -0.559286444047 0.828302196549
1945.000000000000 -32.306823730469 305.121154785156 18.583759307861 0.024450764585 0.022764223792 -0.559262039529 0.828317524484
1945.000000000000 -32.307044982910 305.121704101562 18.583639144897 0.024413604717 0.022756364511 -0.559266149625 0.828316061454
1945.000000000000 -32.306980133057 305.121551513672 18.583501815796 0.024401196104 0.022731124826 -0.559283753677 0.828305233875
1945.000000000000 -32.306617736816 305.120666503906 18.583288192749 0.024431197055 0.022740710526 -0.559262937213 0.828318141631
1945.000000000000 -32.306938171387 305.121459960938 18.583627700806 0.024404458917 0.022760418285 -0.559286382379 0.828302558387
1945.000000000000 -32.306713104248 305.120910644531 18.583692550659 0.024419092315 0.022769929584 -0.559272008906 0.828311570782
1945.000000000000 -32.306781768799 305.121063232422 18.583766937256 0.024409548730 0.022769823809 -0.559262772409 0.828318091346
1945.000000000000 -32.306900024414 305.121368408203 18.583580017090 0.024398993424 0.022755591347 -0.559260028307 0.828320646199
1946.000000000000 -32.306850433350 305.121246337891 18.583639144897 0.024427999385 0.022758165467 -0.559278106466 0.828307514380
1946.000000000000 -32.306900024414 305.121368408203 18.583625793457 0.024405451806 0.022768569694 -0.559247946938 0.828328256189
1946.000000000000 -32.306549072266 305.120513916016 18.583198547363 0.024386998801 0.022768485371 -0.559270631285 0.828313486154
1946.000000000000 -32.306781768799 305.121093750000 18.583446502686 0.024438329655 0.022737848124 -0.559272467743 0.828311574911
1946.000000000000 -32.306747436523 305.121002197266 18.583396911621 0.024421263138 0.022743957044 -0.559278225603 0.828308022834
1946.000000000000 -32.306808471680 305.121154785156 18.583810806274 0.024411265530 0.022778761897 -0.559269421219 0.828313305828
1946.000000000000 -32.306629180908 305.120727539062 18.583328247070 0.024421379803 0.022747716903 -0.559247844758 0.828328428655
1946.000000000000 -32.306846618652 305.121246337891 18.583578109741 0.024383025027 0.022757173706 -0.559268559318 0.828315312966
1946.000000000000 -32.306770324707 305.121063232422 18.583417892456 0.024431084379 0.022742015986 -0.559280152171 0.828306485676
1947.000000000000 -32.307010650635 305.121673583984 18.583488464355 0.024438802269 0.022744331546 -0.559275876001 0.828309081714
1947.000000000000 -32.307064056396 305.121795654297 18.583709716797 0.024431062690 0.022752580276 -0.559260872335 0.828319213795
1947.000000000000 -32.306655883789 305.120788574219 18.583526611328 0.024450263627 0.022738731433 -0.559279511730 0.828306442363
1947.000000000000 -32.306941986084 305.121490478516 18.583545684814 0.024371745099 0.022758301047 -0.559292934312 0.828299155742
1947.000000000000 -32.306877136230 305.121307373047 18.583711624146 0.024421580814 0.022760773473 -0.559271500808 0.828312092128
1947.000000000000 -32.306900024414 305.121368408203 18.583480834961 0.024403507585 0.022746897357 -0.559274200636 0.828311183059
1947.000000000000 -32.306678771973 305.120819091797 18.583177566528 0.024375544999 0.022749253040 -0.559250890069 0.828327680480
1947.000000000000 -32.306854248047 305.121246337891 18.583600997925 0.024396415170 0.022764937931 -0.559275813722 0.828309807206
1947.000000000000 -32.306629180908 305.120697021484 18.583295822144 0.024409164989 0.022744622638 -0.559268897046 0.828314659778
1948.000000000000 -32.306980133057 305.121551513672 18.583765029907 0.024404876417 0.022757226464 -0.559258475920 0.828321476096
1948.000000000000 -32.307048797607 305.121734619141 18.583650588989 0.024380140981 0.022766398282 -0.559276038881 0.828310094209
1948.000000000000 -32.306961059570 305.121520996094 18.583541870117 0.024418723660 0.022749332479 -0.559271566304 0.828312446442
1948.000000000000 -32.306854248047 305.121246337891 18.583417892456 0.024384618054 0.022754140109 -0.559273126413 0.828312265744
1948.000000000000 -32.306808471680 305.121124267578 18.583421707153 0.024404072553 0.022758015649 -0.559284989569 0.828303576239
1948.000000000000 -32.307044982910 305.121673583984 18.583948135376 0.024435652141 0.022768807904 -0.559266146061 0.828315071794
1948.000000000000 -32.307018280029 305.121612548828 18.583757400513 0.024385955959 0.022788737878 -0.559268540001 0.828314371928
1948.000000000000 -32.306476593018 305.120300292969 18.583202362061 0.024421708039 0.022753091697 -0.559254623444 0.828323694670
1948.000000000000 -32.307128906250 305.121887207031 18.583913803101 0.024355961693 0.022792088589 -0.559277402435 0.828309178359
1948.000000000000 -32.307189941406 305.122039794922 18.583732604980 0.024439383689 0.022737697854 -0.559259211286 0.828320498486
1948.000000000000 -32.306854248047 305.121215820312 18.583492279053 0.024425251844 0.022753761143 -0.559267719527 0.828314729630
1949.000000000000 -32.307022094727 305.121612548828 18.583646774292 0.024404464812 0.022756152906 -0.559261666763 0.828319363344
1949.000000000000 -32.306930541992 305.121368408203 18.583801269531 0.024448162949 0.022758396203 -0.559274403102 0.828309413665
1949.000000000000 -32.307037353516 305.121643066406 18.583726882935 0.024418833173 0.022752593041 -0.559266118172 0.828316032177
1949.000000000000 -32.306678771973 305.120758056641 18.583702087402 0.024461483616 0.022755975831 -0.559267362502 0.828313840656
1949.000000000000 -32.306644439697 305.120697021484 18.583526611328 0.024454995967 0.022747297368 -0.559251466467 0.828325003177
1949.000000000000 -32.306961059570 305.121490478516 18.583702087402 0.024433340215 0.022745138930 -0.559275698498 0.828309340530
1949.000000000000 -32.306568145752 305.120513916016 18.583372116089 0.024457125979 0.022758137211 -0.559266638581 0.828314398734
1949.000000000000 -32.306678771973 305.120788574219 18.583503723145 0.024444801585 0.022757804002 -0.559274704737 0.828309325478
1949.000000000000 -32.306919097900 305.121368408203 18.583515167236 0.024372847894 0.022748398170 -0.559299844077 0.828294729599
1949.000000000000 -32.306934356689 305.121398925781 18.583703994751 0.024439958927 0.022753317558 -0.559271513178 0.828311746563
1949.000000000000 -32.306983947754 305.121520996094 18.583900451660 0.024409202013 0.022757575194 -0.559272960790 0.828311559112
1949.000000000000 -32.306606292725 305.120605468750 18.583328247070 0.024418587640 0.022752385317 -0.559267212057 0.828315306546
1949.000000000000 -32.306953430176 305.121459960938 18.583805084229 0.024429606619 0.022757927514 -0.559283094729 0.828304105390
1949.000000000000 -32.306919097900 305.121368408203 18.583618164062 0.024419753355 0.022758537934 -0.559259181303 0.828320525356
1950.000000000000 -32.306579589844 305.120544433594 18.583345413208 0.024404685654 0.022744650591 -0.559268832439 0.828314834619
1950.000000000000 -32.307140350342 305.121917724609 18.583948135376 0.024380468271 0.022765680528 -0.559278700084 0.828308307449
1950.000000000000 -32.306785583496 305.121063232422 18.583597183228 0.024418831085 0.022764571191 -0.559275832902 0.828309143810
1950.000000000000 -32.307033538818 305.121673583984 18.583717346191 0.024437838742 0.022742978822 -0.559276877499 0.828308471071
1950.000000000000 -32.307079315186 305.121765136719 18.583999633789 0.024399627048 0.022766399247 -0.559267116769 0.828315544564
1950.000000000000 -32.306831359863 305.121154785156 18.583709716797 0.024391475237 0.022765058620 -0.559267234648 0.828315741907
1950.000000000000 -32.307079315186 305.121765136719 18.583728790283 0.024358502723 0.022779918510 -0.559290341666 0.828300701664
1950.000000000000 -32.306865692139 305.121246337891 18.583532333374 0.024384321684 0.022769502120 -0.559267083795 0.828315932246
1951.000000000000 -32.306755065918 305.120971679688 18.583637237549 0.024435603080 0.022749488374 -0.559284523571 0.828303195560
1951.000000000000 -32.306865692139 305.121246337891 18.583496093750 0.024434416455 0.022740369379 -0.559273941955 0.828310625758
1951.000000000000 -32.307060241699 305.121704101562 18.583919525146 0.024358385210 0.022793035389 -0.559289381936 0.828300992310
1951.000000000000 -32.306594848633 305.120574951172 18.583129882812 0.024424867769 0.022728907863 -0.559276721005 0.828309345549
1951.000000000000 -32.307067871094 305.121734619141 18.583593368530 0.024449244318 0.022745345154 -0.559266514477 0.828315066573
1951.000000000000 -32.306953430176 305.121429443359 18.583881378174 0.024396391776 0.022768330115 -0.559278387191 0.828307977043
1951.000000000000 -32.306762695312 305.120971679688 18.583568572998 0.024437572247 0.022743558726 -0.559282395400 0.828304737276
1951.000000000000 -32.306823730469 305.121124267578 18.583360671997 0.024403013513 0.022758625157 -0.559272831741 0.828311799740
1951.000000000000 -32.306976318359 305.121490478516 18.583826065063 0.024435592616 0.022760381084 -0.559262706659 0.828317627367
1952.000000000000 -32.306900024414 305.121307373047 18.583734512329 0.024402150645 0.022750159553 -0.559286923660 0.828302542738
1952.000000000000 -32.306819915771 305.121093750000 18.583763122559 0.024420498968 0.022759105893 -0.559278286611 0.828307588070
1952.000000000000 -32.306713104248 305.120849609375 18.583377838135 0.024405145656 0.022748457142 -0.559267948110 0.828315313622
1952.000000000000 -32.306941986084 305.121398925781 18.583837509155 0.024385295637 0.022780368872 -0.559278418587 0.828307951582
1952.000000000000 -32.307048797607 305.121673583984 18.583738327026 0.024408256505 0.022756707264 -0.559263509905 0.828317991944
1952.000000000000 -32.306789398193 305.121032714844 18.583463668823 0.024407924885 0.022759156754 -0.559270450490 0.828313248231
1952.000000000000 -32.306941986084 305.121398925781 18.583450317383 0.024413873791 0.022753211335 -0.559280998773 0.828306114037
1952.000000000000 -32.306926727295 305.121337890625 18.583642959595 0.024388386773 0.022764506920 -0.559266859308 0.828316101434
1952.000000000000 -32.307075500488 305.121704101562 18.583808898926 0.024402314570 0.022761963608 -0.559250205818 0.828327005083
1952.000000000000 -32.306846618652 305.121154785156 18.583686828613 0.024381958506 0.022778616137 -0.559277305885 0.828308849324
1952.000000000000 -32.306720733643 305.120849609375 18.583650588989 0.024466330158 0.022748173517 -0.559266938222 0.828314198298
1952.000000000000 -32.306968688965 305.121459960938 18.583827972412 0.024428699543 0.022752118523 -0.559274801794 0.828309891176
1953.000000000000 -32.306770324707 305.120971679688 18.583648681641 0.024461291183 0.022752820552 -0.559267230132 0.828314022392
1953.000000000000 -32.306903839111 305.121307373047 18.583581924438 0.024419671837 0.022758200596 -0.559275386584 0.828309595438
1953.000000000000 -32.306976318359 305.121490478516 18.583812713623 0.024422935257 0.022760710186 -0.559275925793 0.828309066190
1953.000000000000 -32.306980133057 305.121520996094 18.583553314209 0.024414210541 0.022746594331 -0.559290833646 0.828299645158
1953.000000000000 -32.306880950928 305.121276855469 18.583505630493 0.024446967525 0.022734351715 -0.559259084927 0.828320451853
1953.000000000000 -32.306873321533 305.121246337891 18.583879470825 0.024453428823 0.022751865855 -0.559281231373 0.828304827134
1953.000000000000 -32.307060241699 305.121734619141 18.583642959595 0.024409004985 0.022752035976 -0.559283387361 0.828304677010
1953.000000000000 -32.307075500488 305.121765136719 18.583433151245 0.024368555294 0.022767552715 -0.559286475933 0.828303356201
1953.000000000000 -32.306816101074 305.121124267578 18.583538055420 0.024419219050 0.022750286464 -0.559282449746 0.828305057097
1953.000000000000 -32.306926727295 305.121398925781 18.583499908447 0.024391099229 0.022748353484 -0.559293621239 0.828298395467
1953.000000000000 -32.307018280029 305.121612548828 18.583637237549 0.024416256273 0.022742187451 -0.559273855933 0.828311169434
1953.000000000000 -32.306716918945 305.120880126953 18.583446502686 0.024445420588 0.022729173946 -0.559270462908 0.828312957391
1953.000000000000 -32.306850433350 305.121185302734 18.583740234375 0.024419833830 0.022755891919 -0.559276226985 0.828309086651
1953.000000000000 -32.306838989258 305.121154785156 18.583724975586 0.024433512764 0.022750703779 -0.559272313431 0.828311468206
1953.000000000000 -32.307006835938 305.121582031250 18.583738327026 0.024411441465 0.022756483388 -0.559281920340 0.828305473584
1953.000000000000 -32.306892395020 305.121307373047 18.583749771118 0.024471652062 0.022756785665 -0.559245195040 0.828328484827
1954.000000000000 -32.306858062744 305.121215820312 18.583709716797 0.024404443856 0.022763670314 -0.559275987490 0.828309488205
1954.000000000000 -32.307048797607 305.121704101562 18.583635330200 0.024425450780 0.022742809372 -0.559277411468 0.828308480578
1954.000000000000 -32.307132720947 305.121917724609 18.583673477173 0.024445827385 0.022749821460 -0.559269535233 0.828313004912
1954.000000000000 -32.307136535645 305.121917724609 18.583967208862 0.024415639008 0.022776441984 -0.559275262094 0.828309296985
1954.000000000000 -32.306972503662 305.121520996094 18.583967208862 0.024438535959 0.022758761679 -0.559275823504 0.828308728658
1954.000000000000 -32.306938171387 305.121459960938 18.583677291870 0.024428067740 0.022753451709 -0.559283296369 0.828304137588
1954.000000000000 -32.306911468506 305.121398925781 18.583623886108 0.024443903968 0.022735220695 -0.559265151780 0.828316422210
1954.000000000000 -32.306812286377 305.121154785156 18.583528518677 0.024428909794 0.022761682587 -0.559272237777 0.828311353432
1955.000000000000 -32.306774139404 305.121063232422 18.583517074585 0.024436606947 0.022766658250 -0.559246423301 0.828328418889
1955.000000000000 -32.306934356689 305.121459960938 18.583545684814 0.024418577329 0.022745431298 -0.559276382908 0.828309305729
1955.000000000000 -32.307178497314 305.122070312500 18.583585739136 0.024399536071 0.022751096605 -0.559305962453 0.828289738321
1955.000000000000 -32.306652069092 305.120758056641 18.583450317383 0.024439613236 0.022760936405 -0.559271920786 0.828311272228
1955.000000000000 -32.306556701660 305.120513916016 18.583478927612 0.024488018373 0.022732309165 -0.559256449022 0.828321075009
1955.000000000000 -32.306964874268 305.121520996094 18.583652496338 0.024457287083 0.022751141596 -0.559285207535 0.828302048348
1955.000000000000 -32.306678771973 305.120819091797 18.583442687988 0.024442504068 0.022749104470 -0.559281886272 0.828304783234
1955.000000000000 -32.307022094727 305.121673583984 18.583732604980 0.024378410216 0.022778248535 -0.559285695071 0.828303299401
1955.000000000000 -32.306842803955 305.121246337891 18.583522796631 0.024414490899 0.022749717681 -0.559286165630 0.828302703071
1955.000000000000 -32.306953430176 305.121520996094 18.583330154419 0.024415579587 0.022746886761 -0.559280041944 0.828306883528
1955.000000000000 -32.306888580322 305.121337890625 18.583847045898 0.024417473109 0.022755596293 -0.559291175291 0.828299071040
1955.000000000000 -32.306674957275 305.120819091797 18.583543777466 0.024439596872 0.022756442585 -0.559264968960 0.828316089980
1955.000000000000 -32.306976318359 305.121551513672 18.583843231201 0.024394489837 0.022772738133 -0.559278722805 0.828307685273
1955.000000000000 -32.306819915771 305.121185302734 18.583368301392 0.024376630150 0.022772594837 -0.559280093657 0.828307289396
1956.000000000000 -32.306728363037 305.120941162109 18.583707809448 0.024400494911 0.022748294534 -0.559283797483 0.828304753588
1956.000000000000 -32.306961059570 305.121520996094 18.583498001099 0.024373271752 0.022757239020 -0.559282473201 0.828306203566
1956.000000000000 -32.307033538818 305.121704101562 18.583593368530 0.024371279423 0.022761061936 -0.559279861258 0.828307920758
1956.000000000000 -32.307056427002 305.121765136719 18.583560943604 0.024381793136 0.022772608469 -0.559275872309 0.828309987335
1956.000000000000 -32.306987762451 305.121582031250 18.583829879761 0.024404899720 0.022748999856 -0.559277120051 0.828309113111
1956.000000000000 -32.306900024414 305.121368408203 18.583850860596 0.024403064499 0.022766434837 -0.559265417620 0.828316589561
1956.000000000000 -32.307159423828 305.122009277344 18.583890914917 0.024408058075 0.022759443679 -0.559266451281 0.828315936643
1956.000000000000 -32.306884765625 305.121337890625 18.583713531494 0.024400298742 0.022759384204 -0.559280456130 0.828306710853
1956.000000000000 -32.306964874268 305.121551513672 18.583492279053 0.024396506390 0.022752782791 -0.559267810490 0.828315542231
1956.000000000000 -32.306888580322 305.121368408203 18.583595275879 0.024380409467 0.022762875552 -0.559284216562 0.828304661483
1957.000000000000 -32.306926727295 305.121459960938 18.583518981934 0.024368536337 0.022786703991 -0.559281586345 0.828306131653
1957.000000000000 -32.306938171387 305.121490478516 18.583774566650 0.024393080947 0.022746076215 -0.559277124319 0.828309538658
1957.000000000000 -32.307025909424 305.121704101562 18.583915710449 0.024389642655 0.022779619246 -0.559291073793 0.828299299199
1957.000000000000 -32.306903839111 305.121398925781 18.583713531494 0.024409285658 0.022756876373 -0.559276215217 0.828309378460
1957.000000000000 -32.306880950928 305.121337890625 18.583694458008 0.024406200884 0.022769211497 -0.559265922116 0.828316080205
1957.000000000000 -32.307086944580 305.121826171875 18.583890914917 0.024389208232 0.022774541129 -0.559279327458 0.828307382966
1957.000000000000 -32.306919097900 305.121429443359 18.583549499512 0.024406072613 0.022735311239 -0.559291457644 0.828299773421
1957.000000000000 -32.307132720947 305.121948242188 18.583696365356 0.024397353179 0.022755072719 -0.559282309935 0.828305664364
1957.000000000000 -32.307022094727 305.121673583984 18.583740234375 0.024397947650 0.022751482338 -0.559271054335 0.828313345290
1957.000000000000 -32.306884765625 305.121337890625 18.583906173706 0.024454359322 0.022730291399 -0.559271009506 0.828312293817
1957.000000000000 -32.307006835938 305.121643066406 18.583803176880 0.024384815756 0.022738596802 -0.559277967883 0.828309417800
1957.000000000000 -32.306999206543 305.121643066406 18.583585739136 0.024357775160 0.022778653811 -0.559278377086 0.828308836512
1957.000000000000 -32.306976318359 305.121582031250 18.583688735962 0.024401976609 0.022742193496 -0.559272403186 0.828312570958
1957.000000000000 -32.307018280029 305.121704101562 18.583703994751 0.024399787091 0.022755302612 -0.559272708946 0.828312068982
1957.000000000000 -32.306884765625 305.121398925781 18.583347320557 0.024399200980 0.022761752659 -0.559277601500 0.828308605574
1958.000000000000 -32.307052612305 305.121795654297 18.583597183228 0.024419035387 0.022740010675 -0.559271595425 0.828312673558
1958.000000000000 -32.306831359863 305.121246337891 18.583665847778 0.024388971848 0.022759598534 -0.559285554074 0.828303596353
1958.000000000000 -32.307052612305 305.121795654297 18.583557128906 0.024395852189 0.022741951211 -0.559262574483 0.828319394216
1958.000000000000 -32.306915283203 305.121429443359 18.583951950073 0.024428673694 0.022741875090 -0.559283798195 0.828304098804
1958.000000000000 -32.306808471680 305.121185302734 18.583343505859 0.024402299814 0.022756363182 -0.559271358194 0.828312877844
1958.000000000000 -32.307044982910 305.121765136719 18.583656311035 0.024369142278 0.022767113813 -0.559276044475 0.828310394424
1959.000000000000 -32.307067871094 305.121826171875 18.583738327026 0.024365840915 0.022775140516 -0.559278869282 0.828308363561
1959.000000000000 -32.307178497314 305.122100830078 18.584026336670 0.024396887637 0.022758363476 -0.559286127895 0.828303009719
1959.000000000000 -32.307041168213 305.121765136719 18.583765029907 0.024378532779 0.022750424049 -0.559296744897 0.828296599349
1959.000000000000 -32.306957244873 305.121551513672 18.583635330200 0.024380663901 0.022765885289 -0.559290062547 0.828300623947
1959.000000000000 -32.306701660156 305.120910644531 18.583536148071 0.024388230071 0.022780703798 -0.559279570603 0.828307078127
1959.000000000000 -32.307029724121 305.121704101562 18.583837509155 0.024379761692 0.022753578747 -0.559278080951 0.828309078812
1959.000000000000 -32.306991577148 305.121612548828 18.583793640137 0.024353327700 0.022782684313 -0.559283916306 0.828305116299
1960.000000000000 -32.306850433350 305.121276855469 18.583612442017 0.024386222065 0.022770803207 -0.559271567687 0.828312813056
1960.000000000000 -32.307006835938 305.121643066406 18.584232330322 0.024426627995 0.022755389901 -0.559282676817 0.828304545133
1960.000000000000 -32.307033538818 305.121704101562 18.583936691284 0.024354963950 0.022792338534 -0.559274157841 0.828311391571
1960.000000000000 -32.306922912598 305.121429443359 18.583742141724 0.024407114471 0.022782479435 -0.559265818369 0.828315758511
1960.000000000000 -32.306903839111 305.121398925781 18.583742141724 0.024367968600 0.022770005547 -0.559287449426 0.828302648715
1960.000000000000 -32.307064056396 305.121795654297 18.583789825439 0.024395836024 0.022729895517 -0.559273362200 0.828312441877
1961.000000000000 -32.306755065918 305.121032714844 18.583684921265 0.024413244932 0.022757888761 -0.559289725426 0.828300111677
1961.000000000000 -32.306953430176 305.121520996094 18.583467483521 0.024374147613 0.022747056116 -0.559276934265 0.828310197429
1961.000000000000 -32.307018280029 305.121673583984 18.583803176880 0.024385171929 0.022766756769 -0.559279786399 0.828307405920
1961.000000000000 -32.306877136230 305.121337890625 18.583381652832 0.024374964796 0.022768892463 -0.559277131305 0.828309440383
1961.000000000000 -32.307144165039 305.121978759766 18.583805084229 0.024402163373 0.022734524035 -0.559276175301 0.828310229069
1961.000000000000 -32.306926727295 305.121459960938 18.583621978760 0.024381548716 0.022761785117 -0.559276193684 0.828310075032
1961.000000000000 -32.306926727295 305.121459960938 18.583494186401 0.024396357710 0.022736476383 -0.559266447451 0.828316914670
1961.000000000000 -32.306915283203 305.121429443359 18.583681106567 0.024393852744 0.022743422213 -0.559268361999 0.828315505083
1961.000000000000 -32.306995391846 305.121643066406 18.583719253540 0.024370305247 0.022771978817 -0.559280111154 0.828307480632
1961.000000000000 -32.307003021240 305.121673583984 18.583667755127 0.024384517080 0.022751064763 -0.559280348675 0.828307476705
1962.000000000000 -32.306854248047 305.121276855469 18.583936691284 0.024422531521 0.022765174882 -0.559263279284 0.828317494208
1962.000000000000 -32.306922912598 305.121459960938 18.583688735962 0.024361852814 0.022774918550 -0.559285037043 0.828304322428
1962.000000000000 -32.306930541992 305.121459960938 18.583833694458 0.024372962595 0.022796912076 -0.559274199809 0.828310707961
1962.000000000000 -32.306926727295 305.121459960938 18.583696365356 0.024421798028 0.022749573056 -0.559274635642 0.828310276789
1962.000000000000 -32.307060241699 305.121795654297 18.583723068237 0.024417823618 0.022758343918 -0.559284053198 0.828303794214
1962.000000000000 -32.306972503662 305.121582031250 18.583749771118 0.024434723539 0.022728634825 -0.559254015254 0.828324392896
1962.000000000000 -32.306907653809 305.121429443359 18.583597183228 0.024432681378 0.022731103523 -0.559254020117 0.828324382109
1962.000000000000 -32.306938171387 305.121490478516 18.583818435669 0.024439539610 0.022724237761 -0.559248508829 0.828328089162
1962.000000000000 -32.306827545166 305.121215820312 18.583797454834 0.024435412708 0.022738881692 -0.559259499257 0.828320388712
1962.000000000000 -32.307025909424 305.121704101562 18.583845138550 0.024450454614 0.022751719623 -0.559242247572 0.828331239936
1963.000000000000 -32.307079315186 305.121826171875 18.583854675293 0.024402336663 0.022754094267 -0.559242299890 0.828332558320
1963.000000000000 -32.306850433350 305.121276855469 18.583690643311 0.024439724152 0.022718567006 -0.559252587543 0.828325485496
1963.000000000000 -32.307159423828 305.122039794922 18.584068298340 0.024473019696 0.022741138911 -0.559239153635 0.828332952954
1963.000000000000 -32.307056427002 305.121795654297 18.583726882935 0.024431905742 0.022738954195 -0.559248659571 0.828327808728
1963.000000000000 -32.306934356689 305.121490478516 18.583766937256 0.024455851216 0.022733688975 -0.559248843572 0.828327122392
1963.000000000000 -32.306888580322 305.121368408203 18.583717346191 0.024474412610 0.022732093329 -0.559241265333 0.828331734397
1963.000000000000 -32.306766510010 305.121063232422 18.583690643311 0.024443172949 0.022732171143 -0.559246841190 0.828328890182
1963.000000000000 -32.307102203369 305.121887207031 18.583822250366 0.024420890309 0.022769178129 -0.559255611792 0.828322609448
1963.000000000000 -32.306827545166 305.121215820312 18.583587646484 0.024446592563 0.022733025597 -0.559238124542 0.828334650801
1963.000000000000 -32.306888580322 305.121368408203 18.583616256714 0.024418853088 0.022738415664 -0.559257626902 0.828322154007
1963.000000000000 -32.306888580322 305.121368408203 18.583868026733 0.024423489658 0.022742520179 -0.559256209612 0.828322861534
1963.000000000000 -32.306995391846 305.121643066406 18.583761215210 0.024416194736 0.022752161358 -0.559249461320 0.828327368014
1963.000000000000 -32.306785583496 305.121124267578 18.583665847778 0.024398661774 0.022752844786 -0.559252494436 0.828325818036
1963.000000000000 -32.306793212891 305.121154785156 18.583652496338 0.024423445898 0.022718684451 -0.559260634750 0.828320529195
1964.000000000000 -32.306781768799 305.121124267578 18.583681106567 0.024404729771 0.022724798458 -0.559241073001 0.828334120370
1964.000000000000 -32.306804656982 305.121185302734 18.583625793457 0.024382682653 0.022726301496 -0.559243259961 0.828333251895
1964.000000000000 -32.306854248047 305.121307373047 18.583774566650 0.024393437413 0.022718799010 -0.559246704791 0.828330815293
1964.000000000000 -32.306777954102 305.121124267578 18.583621978760 0.024392408874 0.022686991943 -0.559238555488 0.828337219278
1964.000000000000 -32.306846618652 305.121307373047 18.583757400513 0.024395427317 0.022688547334 -0.559245055017 0.828332699696
1964.000000000000 -32.306831359863 305.121276855469 18.583566665649 0.024404615827 0.022674315874 -0.559246820003 0.828331627093
1964.000000000000 -32.306652069092 305.120819091797 18.583681106567 0.024378711747 0.022692788975 -0.559228345859 0.828344356490
1964.000000000000 -32.306751251221 305.121063232422 18.583564758301 0.024337868429 0.022712429929 -0.559231471141 0.828342909291
1964.000000000000 -32.306602478027 305.120697021484 18.583381652832 0.024351001012 0.022725745292 -0.559230257176 0.828342977703
1964.000000000000 -32.306365966797 305.120117187500 18.583251953125 0.024395411966 0.022686323173 -0.559236713395 0.828338392813
1964.000000000000 -32.306602478027 305.120697021484 18.583305358887 0.024356234232 0.022691980400 -0.559225211644 0.828347155812
1965.000000000000 -32.306377410889 305.120147705078 18.583051681519 0.024347541640 0.022699926375 -0.559227479013 0.828345662918
1965.000000000000 -32.306388854980 305.120178222656 18.582899093628 0.024353845668 0.022686793261 -0.559235106224 0.828340688111
1965.000000000000 -32.306404113770 305.120208740234 18.583106994629 0.024379330064 0.022690518793 -0.559233721753 0.828340771106
1965.000000000000 -32.306346893311 305.120056152344 18.583055496216 0.024380287790 0.022689142637 -0.559235660556 0.828339471676
1965.000000000000 -32.306427001953 305.120239257812 18.583158493042 0.024382368771 0.022699935680 -0.559221465571 0.828348697988
1965.000000000000 -32.306362152100 305.120086669922 18.583017349243 0.024387720921 0.022664617461 -0.559223071798 0.828348423160
1965.000000000000 -32.306457519531 305.120330810547 18.582958221436 0.024354213883 0.022683577272 -0.559224779272 0.828347737268
1965.000000000000 -32.306419372559 305.120239257812 18.583021163940 0.024354504192 0.022694168855 -0.559210843482 0.828356846630
1965.000000000000 -32.306350708008 305.120086669922 18.582885742188 0.024323291676 0.022690861370 -0.559223856748 0.828349069135
1965.000000000000 -32.306381225586 305.120147705078 18.583208084106 0.024404623754 0.022695420376 -0.559207980354 0.828357270108
1966.000000000000 -32.306522369385 305.120513916016 18.583055496216 0.024359216470 0.022676320895 -0.559214241230 0.828354903075
1966.000000000000 -32.306407928467 305.120239257812 18.582817077637 0.024304810751 0.022684335740 -0.559228793655 0.828346457368
1966.000000000000 -32.306312561035 305.119995117188 18.582954406738 0.024316150869 0.022705061760 -0.559230334561 0.828344516421
1966.000000000000 -32.306186676025 305.119689941406 18.583011627197 0.024375481597 0.022688754481 -0.559218219033 0.828351398755
1966.000000000000 -32.306468963623 305.120391845703 18.583063125610 0.024348789278 0.022691609473 -0.559236051978 0.828340066331
1967.000000000000 -32.306297302246 305.119964599609 18.582746505737 0.024303209542 0.022682975822 -0.559238646153 0.828339889938
1967.000000000000 -32.306327819824 305.120025634766 18.582832336426 0.024370552899 0.022689165176 -0.559229106902 0.828344182046
1967.000000000000 -32.306373596191 305.120117187500 18.582986831665 0.024357463020 0.022673592678 -0.559239041681 0.828338286239
1967.000000000000 -32.306461334229 305.120330810547 18.582998275757 0.024335190406 0.022688068837 -0.559246773610 0.828333324361
1967.000000000000 -32.306556701660 305.120574951172 18.582939147949 0.024297966591 0.022692686309 -0.559234194576 0.828342783167
1967.000000000000 -32.306617736816 305.120727539062 18.583005905151 0.024326706577 0.022699314608 -0.559218499437 0.828352353984
1967.000000000000 -32.306404113770 305.120208740234 18.582912445068 0.024355229421 0.022660975499 -0.559238697706 0.828338929411
1967.000000000000 -32.306377410889 305.120147705078 18.582992553711 0.024348505371 0.022672686737 -0.559243192082 0.828335772300
1967.000000000000 -32.306201934814 305.119720458984 18.582775115967 0.024356513242 0.022660306612 -0.559248611298 0.828332216884
1967.000000000000 -32.306446075439 305.120300292969 18.583089828491 0.024338992885 0.022685476187 -0.559236309377 0.828340348450
1967.000000000000 -32.306552886963 305.120574951172 18.583095550537 0.024333836094 0.022718741988 -0.559240313886 0.828336884672
1968.000000000000 -32.306434631348 305.120300292969 18.582952499390 0.024347670125 0.022693597388 -0.559226834087 0.828346267954
1968.000000000000 -32.306369781494 305.120147705078 18.582830429077 0.024354349836 0.022653051834 -0.559229865815 0.828345134631
1968.000000000000 -32.306194305420 305.119720458984 18.582818984985 0.024368928453 0.022665477779 -0.559238159053 0.828338766992
1968.000000000000 -32.306343078613 305.120086669922 18.582969665527 0.024363617744 0.022674095550 -0.559226764189 0.828346380288
1969.000000000000 -32.306343078613 305.120086669922 18.583057403564 0.024389261747 0.022684513423 -0.559238271527 0.828337571538
1969.000000000000 -32.306354522705 305.120117187500 18.582935333252 0.024364907381 0.022665505803 -0.559235987483 0.828340350604
1969.000000000000 -32.306365966797 305.120147705078 18.582952499390 0.024341303417 0.022693739453 -0.559242934257 0.828335581526
1969.000000000000 -32.306541442871 305.120574951172 18.583145141602 0.024347857763 0.022677724570 -0.559232127795 0.828343123273
1969.000000000000 -32.306331634521 305.120056152344 18.582910537720 0.024341074529 0.022690369024 -0.559235639592 0.828340605460
1970.000000000000 -32.306404113770 305.120239257812 18.582901000977 0.024352628076 0.022660135358 -0.559228638396 0.828345820155
1970.000000000000 -32.306346893311 305.120117187500 18.582700729370 0.024360440054 0.022658132351 -0.559229455128 0.828345093856
1970.000000000000 -32.306270599365 305.119934082031 18.582956314087 0.024326015118 0.022700208581 -0.559227664230 0.828346162590
1970.000000000000 -32.306415557861 305.120300292969 18.582912445068 0.024357403731 0.022671270219 -0.559230818424 0.828343903288
1970.000000000000 -32.306404113770 305.120269775391 18.582710266113 0.024328075513 0.022659777497 -0.559259518874 0.828325702713
1970.000000000000 -32.306377410889 305.120208740234 18.582916259766 0.024325721038 0.022686681206 -0.559232902028 0.828343005693
1971.000000000000 -32.306365966797 305.120178222656 18.583116531372 0.024364077006 0.022697439567 -0.559216386754 0.828352733305
1971.000000000000 -32.306224822998 305.119842529297 18.582763671875 0.024380233361 0.022639110637 -0.559217562041 0.828353060715
1971.000000000000 -32.306541442871 305.120635986328 18.582967758179 0.024362410575 0.022675960637 -0.559236139433 0.828340035319
1971.000000000000 -32.306476593018 305.120452880859 18.583316802979 0.024376307916 0.022700188803 -0.559230386813 0.828342846595
1971.000000000000 -32.306343078613 305.120147705078 18.582883834839 0.024356100502 0.022660955972 -0.559237540456 0.828339685629
1971.000000000000 -32.306362152100 305.120178222656 18.583063125610 0.024353801848 0.022673865161 -0.559239378251 0.828338159200
1971.000000000000 -32.306438446045 305.120361328125 18.582939147949 0.024345851914 0.022696753433 -0.559245833089 0.828333408146
1971.000000000000 -32.306362152100 305.120178222656 18.582799911499 0.024308011768 0.022691803418 -0.559228848683 0.828346121753
1971.000000000000 -32.306327819824 305.120086669922 18.582948684692 0.024358417793 0.022700436418 -0.559233064736 0.828341558160
1972.000000000000 -32.306423187256 305.120330810547 18.582960128784 0.024351577825 0.022700415226 -0.559229477924 0.828344181381
1972.000000000000 -32.306270599365 305.119934082031 18.582925796509 0.024385693255 0.022658340653 -0.559216460232 0.828353118042
1972.000000000000 -32.306385040283 305.120208740234 18.583162307739 0.024383981617 0.022676790618 -0.559209710491 0.828357220226
1972.000000000000 -32.306110382080 305.119537353516 18.582578659058 0.024380755534 0.022646966344 -0.559230193941 0.828344302727
1972.000000000000 -32.305885314941 305.118988037109 18.582208633423 0.024404107919 0.022625128356 -0.559222762773 0.828349228695
1972.000000000000 -32.306114196777 305.119537353516 18.582498550415 0.024372573980 0.022669461372 -0.559206500749 0.828359923390
1972.000000000000 -32.306343078613 305.120086669922 18.582664489746 0.024390471884 0.022643371084 -0.559221024788 0.828350305162
1972.000000000000 -32.306400299072 305.120208740234 18.582870483398 0.024375303563 0.022661843624 -0.559213824264 0.828355107531
1973.000000000000 -32.306396484375 305.120178222656 18.582952499390 0.024369114449 0.022677215844 -0.559213865027 0.828354841420
1973.000000000000 -32.306415557861 305.120208740234 18.583103179932 0.024369574589 0.022674265675 -0.559237011132 0.828339282475
1973.000000000000 -32.305858612061 305.118865966797 18.582120895386 0.024365311388 0.022641852733 -0.559226869467 0.828347141344
1973.000000000000 -32.306049346924 305.119323730469 18.582452774048 0.024403342774 0.022639494103 -0.559213726384 0.828354959176
1973.000000000000 -32.306335449219 305.120025634766 18.582969665527 0.024363883497 0.022665035333 -0.559234703293 0.828341260584
1973.000000000000 -32.306446075439 305.120300292969 18.583103179932 0.024405075617 0.022655652706 -0.559212704794 0.828355156006
1973.000000000000 -32.305973052979 305.119140625000 18.582450866699 0.024407488214 0.022649580741 -0.559210913019 0.828356460572
1973.000000000000 -32.306373596191 305.120147705078 18.582494735718 0.024351874377 0.022640364174 -0.559230123409 0.828345380379
1973.000000000000 -32.305950164795 305.119110107422 18.582359313965 0.024384979767 0.022641444270 -0.559217709909 0.828352757397
1973.000000000000 -32.306324005127 305.120025634766 18.582838058472 0.024368984373 0.022660559751 -0.559223340623 0.828348904107
1973.000000000000 -32.306007385254 305.119262695312 18.582387924194 0.024395409357 0.022626131949 -0.559217428148 0.828353058913
1974.000000000000 -32.306175231934 305.119689941406 18.582410812378 0.024377301169 0.022639691523 -0.559212055756 0.828356848376
1974.000000000000 -32.306221008301 305.119812011719 18.582460403442 0.024370340981 0.022642236800 -0.559224547103 0.828348550739
1974.000000000000 -32.306076049805 305.119445800781 18.582475662231 0.024361135783 0.022645876016 -0.559218580562 0.828352750051
1974.000000000000 -32.306213378906 305.119781494141 18.582675933838 0.024361498348 0.022637683588 -0.559232236461 0.828343744096
1974.000000000000 -32.306194305420 305.119720458984 18.582889556885 0.024391864989 0.022634618613 -0.559207863465 0.828359388431
1974.000000000000 -32.306034088135 305.119323730469 18.582790374756 0.024416138604 0.022660631452 -0.559216819874 0.828351915750
1974.000000000000 -32.306011199951 305.119293212891 18.582466125488 0.024420387878 0.022634357429 -0.559214948242 0.828353772359
1974.000000000000 -32.306140899658 305.119598388672 18.582859039307 0.024413310971 0.022660826029 -0.559212521414 0.828354895625
1974.000000000000 -32.306392669678 305.120208740234 18.583261489868 0.024381459073 0.022656615161 -0.559222458566 0.828349240404
1974.000000000000 -32.306175231934 305.119720458984 18.582080841064 0.024362428507 0.022638605531 -0.559229198519 0.828345742514
1974.000000000000 -32.306140899658 305.119598388672 18.582994461060 0.024388776530 0.022651664098 -0.559212043360 0.828356191655
1974.000000000000 -32.306373596191 305.120178222656 18.583044052124 0.024407581656 0.022654322007 -0.559209524365 0.828357265624
1975.000000000000 -32.306571960449 305.120666503906 18.583419799805 0.024367956984 0.022650892674 -0.559212465139 0.828356540728
1975.000000000000 -32.306655883789 305.120880126953 18.583412170410 0.024364096468 0.022662628314 -0.559233385407 0.828342209916
1975.000000000000 -32.306350708008 305.120117187500 18.583189010620 0.024382703378 0.022660333524 -0.559231836171 0.828342771124
1975.000000000000 -32.306571960449 305.120666503906 18.583299636841 0.024398968007 0.022634814499 -0.559218468321 0.828352014678
1975.000000000000 -32.306568145752 305.120635986328 18.583549499512 0.024373891687 0.022669334586 -0.559223746286 0.828348245766
1975.000000000000 -32.306503295898 305.120483398438 18.583187103271 0.024386209441 0.022659162104 -0.559215189338 0.828353938347
1975.000000000000 -32.306617736816 305.120758056641 18.583391189575 0.024374414371 0.022674728346 -0.559197850231 0.828365564781
1975.000000000000 -32.306808471680 305.121215820312 18.583650588989 0.024356791919 0.022665661242 -0.559192113152 0.828370204122
1975.000000000000 -32.306663513184 305.120880126953 18.583347320557 0.024378954131 0.022650451518 -0.559208669489 0.828358791593
1975.000000000000 -32.306785583496 305.121185302734 18.583499908447 0.024348652175 0.022665523834 -0.559215555394 0.828354621990
1975.000000000000 -32.306655883789 305.120849609375 18.583415985107 0.024340824162 0.022676574324 -0.559228475124 0.828345827457
1976.000000000000 -32.306755065918 305.121093750000 18.583494186401 0.024383168663 0.022664925194 -0.559208374346 0.828358470901
1976.000000000000 -32.306804656982 305.121215820312 18.583820343018 0.024390685983 0.022661478537 -0.559200868785 0.828363410695
1976.000000000000 -32.306915283203 305.121490478516 18.583944320679 0.024404305247 0.022657950955 -0.559190625807 0.828370020675
1976.000000000000 -32.306663513184 305.120880126953 18.583652496338 0.024366096268 0.022662256776 -0.559208794363 0.828358762722
1976.000000000000 -32.306541442871 305.120574951172 18.583772659302 0.024386738571 0.022662105706 -0.559206277812 0.828359858276
1976.000000000000 -32.306602478027 305.120727539062 18.583358764648 0.024326946919 0.022700705533 -0.559211679028 0.828356913209
1976.000000000000 -32.306720733643 305.121002197266 18.583660125732 0.024349875416 0.022666478951 -0.559202815050 0.828363160661
1976.000000000000 -32.306919097900 305.121490478516 18.583631515503 0.024350812327 0.022675400956 -0.559204609194 0.828361677763
1976.000000000000 -32.306732177734 305.121032714844 18.583602905273 0.024327240686 0.022686985820 -0.559208616417 0.828359347964
1976.000000000000 -32.306938171387 305.121551513672 18.583553314209 0.024352927264 0.022673728213 -0.559206162730 0.828360612624
1976.000000000000 -32.306732177734 305.121032714844 18.583339691162 0.024354713335 0.022670325515 -0.559180932406 0.828377685065
1977.000000000000 -32.306930541992 305.121520996094 18.583789825439 0.024341940637 0.022681376708 -0.559200518929 0.828364536123
1977.000000000000 -32.306800842285 305.121215820312 18.583580017090 0.024413218156 0.022669400597 -0.559191882825 0.828368596241
1977.000000000000 -32.306751251221 305.121093750000 18.583488464355 0.024390882254 0.022705001314 -0.559188176413 0.828370781196
1977.000000000000 -32.306873321533 305.121398925781 18.583841323853 0.024434082242 0.022702036329 -0.559185050839 0.828371699233
1977.000000000000 -32.306930541992 305.121551513672 18.583429336548 0.024359855682 0.022696241991 -0.559213352993 0.828354938336
1977.000000000000 -32.306877136230 305.121429443359 18.583503723145 0.024405539023 0.022703063987 -0.559191067490 0.828368450987
1977.000000000000 -32.306968688965 305.121643066406 18.583677291870 0.024424665515 0.022679390894 -0.559184248131 0.828373139102
1977.000000000000 -32.306838989258 305.121307373047 18.583705902100 0.024444706678 0.022663343911 -0.559184468997 0.828372838033
1977.000000000000 -32.306907653809 305.121490478516 18.583618164062 0.024436108238 0.022684756583 -0.559199943694 0.828362059371
1978.000000000000 -32.306846618652 305.121337890625 18.583892822266 0.024451259486 0.022677323403 -0.559174019358 0.828379315886
1978.000000000000 -32.306850433350 305.121368408203 18.583732604980 0.024438543477 0.022690702527 -0.559190055975 0.828368499467
1978.000000000000 -32.306793212891 305.121246337891 18.583492279053 0.024436593511 0.022660983193 -0.559189448376 0.828369780692
1978.000000000000 -32.306682586670 305.120971679688 18.583507537842 0.024442047587 0.022663524647 -0.559175294941 0.828379104328
1978.000000000000 -32.306610107422 305.120819091797 18.583061218262 0.024427183731 0.022659726699 -0.559178182656 0.828377697384
1978.000000000000 -32.306621551514 305.120849609375 18.582939147949 0.024414023002 0.022672069433 -0.559188592452 0.828370720644
1978.000000000000 -32.306697845459 305.121002197266 18.583652496338 0.024469851033 0.022676656387 -0.559189627511 0.828368249108
1978.000000000000 -32.306968688965 305.121673583984 18.583562850952 0.024437134364 0.022657717489 -0.559197070822 0.828364708499
1978.000000000000 -32.306724548340 305.121063232422 18.583700180054 0.024451336634 0.022682513712 -0.559192128406 0.828366947214
1978.000000000000 -32.306838989258 305.121368408203 18.583387374878 0.024420235973 0.022670454763 -0.559200185937 0.828362755442
1978.000000000000 -32.306816101074 305.121307373047 18.583522796631 0.024402234481 0.022672790415 -0.559202233425 0.828361839814
1979.000000000000 -32.306690216064 305.121002197266 18.583503723145 0.024414429565 0.022682010816 -0.559191625882 0.828368388797
1979.000000000000 -32.306888580322 305.121490478516 18.583559036255 0.024439486619 0.022672585178 -0.559212155842 0.828354048782
1979.000000000000 -32.306617736816 305.120819091797 18.583602905273 0.024454833311 0.022653284095 -0.559200400104 0.828362059954
1979.000000000000 -32.306606292725 305.120819091797 18.583236694336 0.024438854594 0.022667800838 -0.559207840215 0.828357111778
1979.000000000000 -32.306678771973 305.120971679688 18.583580017090 0.024430555581 0.022672881356 -0.559205073452 0.828359085319
1979.000000000000 -32.306823730469 305.121337890625 18.583461761475 0.024419329358 0.022670463028 -0.559212220816 0.828354657468
1979.000000000000 -32.306835174561 305.121368408203 18.583587646484 0.024399916522 0.022671308637 -0.559213716391 0.828354196729
1979.000000000000 -32.306720733643 305.121093750000 18.583414077759 0.024373963450 0.022676274129 -0.559226365559 0.828346285415
1979.000000000000 -32.307048797607 305.121887207031 18.583600997925 0.024399251191 0.022663362252 -0.559214563152 0.828353862133
1979.000000000000 -32.306835174561 305.121368408203 18.583683013916 0.024386438603 0.022679717196 -0.559227176743 0.828345276339
1979.000000000000 -32.306831359863 305.121368408203 18.583553314209 0.024386912677 0.022685362514 -0.559236665210 0.828338701922
1979.000000000000 -32.306900024414 305.121551513672 18.583477020264 0.024358447041 0.022687816212 -0.559228846079 0.828344751155
1979.000000000000 -32.306766510010 305.121215820312 18.583343505859 0.024344003728 0.022695615098 -0.559224242790 0.828348069843
1979.000000000000 -32.306858062744 305.121429443359 18.583631515503 0.024389357520 0.022671320915 -0.559220201409 0.828350129344
1979.000000000000 -32.306758880615 305.121185302734 18.583499908447 0.024391812046 0.022686940226 -0.559224971945 0.828346408818
1980.000000000000 -32.307106018066 305.122039794922 18.583536148071 0.024355878387 0.022675770304 -0.559241228037 0.828336797138
1980.000000000000 -32.306896209717 305.121520996094 18.583486557007 0.024362022691 0.022672282460 -0.559233384198 0.828342007541
1980.000000000000 -32.306667327881 305.120971679688 18.583166122437 0.024391637248 0.022666840701 -0.559227882161 0.828344999489
1980.000000000000 -32.306808471680 305.121307373047 18.583406448364 0.024356322300 0.022675545089 -0.559231061923 0.828343653685
1980.000000000000 -32.306919097900 305.121582031250 18.583375930786 0.024335819047 0.022698338366 -0.559221686152 0.828349961722
1980.000000000000 -32.307071685791 305.121948242188 18.583639144897 0.024345219867 0.022695768144 -0.559231422985 0.828343182458
1980.000000000000 -32.306606292725 305.120819091797 18.583236694336 0.024376470733 0.022672563276 -0.559226802033 0.828346018544
1980.000000000000 -32.306560516357 305.120727539062 18.582996368408 0.024348501248 0.022661136356 -0.559244448773 0.828335240047
1980.000000000000 -32.306804656982 305.121307373047 18.583520889282 0.024332353748 0.022688952090 -0.559226300005 0.828347205825
1980.000000000000 -32.306838989258 305.121398925781 18.583511352539 0.024359117507 0.022670080461 -0.559227962179 0.828345813754
1980.000000000000 -32.306896209717 305.121551513672 18.583377838135 0.024364689603 0.022674522093 -0.559230331470 0.828343928760
1980.000000000000 -32.306571960449 305.120788574219 18.582555770874 0.024346437190 0.022668724227 -0.559220410394 0.828351321926
1980.000000000000 -32.306911468506 305.121582031250 18.583589553833 0.024358391140 0.022689913411 -0.559232473950 0.828342246110
1980.000000000000 -32.306804656982 305.121337890625 18.583345413208 0.024357462796 0.022676386337 -0.559225373428 0.828347437506
1981.000000000000 -32.306709289551 305.121093750000 18.583194732666 0.024365721789 0.022683265125 -0.559240828137 0.828336572433
1981.000000000000 -32.306945800781 305.121673583984 18.583557128906 0.024386470405 0.022678734242 -0.559234503695 0.828340355742
1981.000000000000 -32.306915283203 305.121582031250 18.583545684814 0.024386483224 0.022675437444 -0.559229073086 0.828344111941
1981.000000000000 -32.307014465332 305.121826171875 18.583391189575 0.024347228262 0.022672284956 -0.559222713620 0.828349646310
1981.000000000000 -32.306900024414 305.121551513672 18.583087921143 0.024335540621 0.022690983128 -0.559230275680 0.828344372535
1981.000000000000 -32.306819915771 305.121337890625 18.583358764648 0.024381759548 0.022662734089 -0.559220094908 0.828350659888
1981.000000000000 -32.306819915771 305.121337890625 18.583330154419 0.024367246152 0.022689246018 -0.559242767462 0.828335054474
1981.000000000000 -32.306865692139 305.121459960938 18.583421707153 0.024350729053 0.022671283658 -0.559245429745 0.828334234594
1981.000000000000 -32.306838989258 305.121398925781 18.583395004272 0.024345270054 0.022688268020 -0.559249600110 0.828331114409
1981.000000000000 -32.306831359863 305.121398925781 18.583238601685 0.024341829875 0.022677400587 -0.559229730020 0.828344928084
1981.000000000000 -32.306682586670 305.121032714844 18.583433151245 0.024388885917 0.022693068317 -0.559215784944 0.828352529279
1982.000000000000 -32.307014465332 305.121856689453 18.583122253418 0.024328126342 0.022659736216 -0.559240163419 0.828338770216
1982.000000000000 -32.306854248047 305.121429443359 18.583549499512 0.024342537464 0.022682171298 -0.559241310059 0.828336958670
1982.000000000000 -32.306789398193 305.121276855469 18.583301544189 0.024345874677 0.022683141131 -0.559231231477 0.828343638374
1982.000000000000 -32.306758880615 305.121215820312 18.583118438721 0.024320950133 0.022711255048 -0.559228714933 0.828345299179
1982.000000000000 -32.307037353516 305.121887207031 18.583498001099 0.024353749548 0.022682333323 -0.559236749125 0.828339703905
1982.000000000000 -32.307014465332 305.121856689453 18.583242416382 0.024350588850 0.022663465675 -0.559231222901 0.828344044150
1982.000000000000 -32.307003021240 305.121826171875 18.583469390869 0.024339631858 0.022681093431 -0.559232270331 0.828343176553
1982.000000000000 -32.306560516357 305.120758056641 18.582962036133 0.024328289479 0.022669854483 -0.559241496700 0.828337588425
1982.000000000000 -32.306762695312 305.121246337891 18.583145141602 0.024319851278 0.022686141251 -0.559234498366 0.828342115111
1982.000000000000 -32.306831359863 305.121398925781 18.583400726318 0.024345638693 0.022665896457 -0.559236489578 0.828340567483
1982.000000000000 -32.306724548340 305.121124267578 18.583358764648 0.024379101032 0.022681530292 -0.559228315446 0.828344673925
1982.000000000000 -32.306831359863 305.121368408203 18.583490371704 0.024296597682 0.022681009028 -0.559254385866 0.828329511161
1982.000000000000 -32.306842803955 305.121398925781 18.583484649658 0.024353376032 0.022690762071 -0.559228611475 0.828344977953
1982.000000000000 -32.306804656982 305.121307373047 18.583286285400 0.024346015955 0.022671474270 -0.559235360737 0.828341165863
1983.000000000000 -32.306770324707 305.121215820312 18.583421707153 0.024328259651 0.022708632884 -0.559225494910 0.828347330301
1983.000000000000 -32.306797027588 305.121276855469 18.583396911621 0.024380678903 0.022673471032 -0.559225380784 0.828346829350
1983.000000000000 -32.307029724121 305.121856689453 18.583671569824 0.024348082663 0.022705103227 -0.559234979673 0.828340441285
1983.000000000000 -32.306732177734 305.121124267578 18.583457946777 0.024377749740 0.022673956669 -0.559237087975 0.828338998502
1983.000000000000 -32.306766510010 305.121215820312 18.583436965942 0.024353313233 0.022677906167 -0.559237457613 0.828339359628
1983.000000000000 -32.306919097900 305.121582031250 18.583543777466 0.024369051233 0.022669280784 -0.559224800118 0.828347678202
1983.000000000000 -32.306873321533 305.121490478516 18.583145141602 0.024346293434 0.022683408378 -0.559247148056 0.828332872927
1983.000000000000 -32.306522369385 305.120635986328 18.582715988159 0.024354274815 0.022672876552 -0.559223766188 0.828348712378
1983.000000000000 -32.306850433350 305.121429443359 18.583450317383 0.024361822482 0.022692502676 -0.559227214594 0.828345624957
1983.000000000000 -32.306854248047 305.121459960938 18.583316802979 0.024330820774 0.022679968215 -0.559228010324 0.828346342221
1983.000000000000 -32.306949615479 305.121704101562 18.583570480347 0.024353643531 0.022682190501 -0.559234485546 0.828341239138
1983.000000000000 -32.306900024414 305.121612548828 18.583255767822 0.024352027548 0.022685148085 -0.559243255004 0.828335285101
1984.000000000000 -32.306861877441 305.121520996094 18.583232879639 0.024352191024 0.022668306674 -0.559243080947 0.828335858863
1984.000000000000 -32.306716918945 305.121154785156 18.583272933960 0.024363273683 0.022674880810 -0.559229266415 0.828344679624
1984.000000000000 -32.306797027588 305.121368408203 18.583213806152 0.024353004980 0.022671679853 -0.559221805296 0.828350106273
1984.000000000000 -32.306880950928 305.121551513672 18.583490371704 0.024361848530 0.022671622604 -0.559235827694 0.828340381056
1984.000000000000 -32.306705474854 305.121124267578 18.583410263062 0.024411757030 0.022664203073 -0.559219316904 0.828350261435
1984.000000000000 -32.306751251221 305.121215820312 18.583593368530 0.024412993459 0.022679701361 -0.559218999218 0.828350015277
1984.000000000000 -32.306514739990 305.120635986328 18.583393096924 0.024409813592 0.022668130055 -0.559212992188 0.828354481033
1984.000000000000 -32.306686401367 305.121063232422 18.583595275879 0.024432067555 0.022657957553 -0.559212330122 0.828354550222
1984.000000000000 -32.306777954102 305.121276855469 18.583913803101 0.024452376867 0.022688515420 -0.559205133173 0.828357973081
1984.000000000000 -32.306594848633 305.120849609375 18.583370208740 0.024404847634 0.022663229795 -0.559223789201 0.828347472392
1984.000000000000 -32.306739807129 305.121185302734 18.583604812622 0.024439540956 0.022678877180 -0.559207917027 0.828356736498
1985.000000000000 -32.306751251221 305.121215820312 18.583673477173 0.024409913761 0.022698260512 -0.559208861889 0.828356441313
1985.000000000000 -32.306507110596 305.120605468750 18.583404541016 0.024463900537 0.022646926479 -0.559210602989 0.828355078331
1985.000000000000 -32.306781768799 305.121276855469 18.583623886108 0.024443801186 0.022677382749 -0.559219062502 0.828349127500
1985.000000000000 -32.306747436523 305.121185302734 18.583644866943 0.024477820442 0.022655736847 -0.559204136376 0.828358791680
1985.000000000000 -32.306739807129 305.121185302734 18.583539962769 0.024469332276 0.022657976632 -0.559203641877 0.828359315022
1985.000000000000 -32.306743621826 305.121185302734 18.583412170410 0.024440092278 0.022668796264 -0.559206972463 0.828357633824
1985.000000000000 -32.306682586670 305.121032714844 18.583507537842 0.024438052188 0.022684402894 -0.559209005423 0.828355894362
1985.000000000000 -32.306732177734 305.121154785156 18.583789825439 0.024465754011 0.022651644499 -0.559216489279 0.828350920806
1985.000000000000 -32.306564331055 305.120758056641 18.583292007446 0.024447552872 0.022641843674 -0.559207423805 0.828357846124
1985.000000000000 -32.306762695312 305.121246337891 18.583461761475 0.024402132207 0.022664814226 -0.559211982465 0.828355479735
1985.000000000000 -32.306709289551 305.121124267578 18.583511352539 0.024434639755 0.022664229028 -0.559199281395 0.828363111678
1985.000000000000 -32.306758880615 305.121246337891 18.583402633667 0.024386332719 0.022684893498 -0.559216352751 0.828352445038
1985.000000000000 -32.306739807129 305.121185302734 18.583646774292 0.024449058173 0.022684264563 -0.559214986565 0.828351535579
1985.000000000000 -32.306568145752 305.120758056641 18.583438873291 0.024486299842 0.022669225950 -0.559206328418 0.828356692236
1986.000000000000 -32.306770324707 305.121246337891 18.583450317383 0.024464402691 0.022671621554 -0.559201794408 0.828360334460
1986.000000000000 -32.306541442871 305.120697021484 18.583185195923 0.024435104052 0.022657814158 -0.559212872173 0.828354098646
1986.000000000000 -32.306819915771 305.121368408203 18.583644866943 0.024414308017 0.022664911514 -0.559211917457 0.828355162188
1986.000000000000 -32.306758880615 305.121215820312 18.583471298218 0.024444928644 0.022660077995 -0.559201403228 0.828361489301
1986.000000000000 -32.306560516357 305.120727539062 18.583377838135 0.024428273831 0.022663748197 -0.559196458675 0.828365218102
1986.000000000000 -32.306652069092 305.120971679688 18.583181381226 0.024458322931 0.022650795157 -0.559208869583 0.828356307453
1986.000000000000 -32.306850433350 305.121429443359 18.583829879761 0.024425490298 0.022689801981 -0.559220257918 0.828348520518
1986.000000000000 -32.306705474854 305.121093750000 18.583417892456 0.024449369050 0.022673150881 -0.559194745785 0.828365494736
1986.000000000000 -32.306659698486 305.121002197266 18.582927703857 0.024446695780 0.022658209965 -0.559215850030 0.828351735473
1986.000000000000 -32.306358337402 305.120269775391 18.582740783691 0.024409571507 0.022641538156 -0.559228189159 0.828344955932
1986.000000000000 -32.305831909180 305.118927001953 18.583574295044 0.024453467440 0.022639944253 -0.559200061446 0.828362693591
1987.000000000000 -32.281028747559 305.057312011719 18.578405380249 0.024258483367 0.022611622723 -0.559381750175 0.828246520109
1987.000000000000 -32.273559570312 305.038787841797 18.578996658325 0.024228969703 0.022656494518 -0.559310886277 0.828294013485
1987.000000000000 -32.237953186035 304.951080322266 18.571430206299 0.024011159819 0.022583790131 -0.559144321254 0.828414790209
1987.000000000000 -32.217716217041 304.901519775391 18.560359954834 0.023945608239 0.022480750777 -0.559077797205 0.828464386901
1987.000000000000 -32.165214538574 304.770660400391 18.562551498413 0.023881970530 0.022560090883 -0.559183346936 0.828392828489
1987.000000000000 -32.101104736328 304.611785888672 18.540281295776 0.023876905970 0.022400141376 -0.559279795152 0.828332202539
1987.000000000000 -32.063293457031 304.517303466797 18.532840728760 0.023807716136 0.022425727640 -0.559403670996 0.828249848940
1987.000000000000 -31.986450195312 304.326232910156 18.524993896484 0.023763599060 0.022414526313 -0.559442460716 0.828225219079
1987.000000000000 -31.836671829224 303.954040527344 18.473423004150 0.023552546330 0.022196415827 -0.559627266424 0.828112262535
1987.000000000000 -31.677423477173 303.556304931641 18.463066101074 0.023738075314 0.022420235831 -0.559778787465 0.827998518060
1987.000000000000 -31.548099517822 303.232849121094 18.443279266357 0.023857267803 0.022453550114 -0.559930393139 0.827891673892
1988.000000000000 -31.479784011841 303.061981201172 18.427524566650 0.023814493779 0.022405062074 -0.560008831697 0.827841163207
1988.000000000000 -31.411975860596 302.889556884766 18.396259307861 0.023744793828 0.022283800178 -0.560364049778 0.827606034737
1988.000000000000 -31.261695861816 302.514709472656 18.396118164062 0.023761083553 0.022603595889 -0.560243967902 0.827678189148
1988.000000000000 -31.090007781982 302.087158203125 18.367113113403 0.023782605454 0.022530273169 -0.560187898319 0.827717520079
1988.000000000000 -31.004961013794 301.874938964844 18.356382369995 0.023815032185 0.022608539592 -0.560181402210 0.827718850092
1988.000000000000 -30.913475036621 301.646362304688 18.338384628296 0.023727734343 0.022565996633 -0.560212643521 0.827701373962
1988.000000000000 -30.817571640015 301.405212402344 18.315361022949 0.023696646442 0.022435232475 -0.560342415919 0.827617971176
1988.000000000000 -30.717634201050 301.155975341797 18.286439895630 0.023630401819 0.022370173641 -0.560351963217 0.827615162234
1988.000000000000 -30.626739501953 300.928802490234 18.265291213989 0.023480053893 0.022350122142 -0.560376999699 0.827603031240
1988.000000000000 -30.427221298218 300.445892333984 18.227302551270 0.023508315089 0.022502386643 -0.559476831527 0.828206904524
1988.000000000000 -30.247879028320 299.999908447266 18.206212997437 0.023644015685 0.022576285973 -0.559507707115 0.828180172132
1988.000000000000 -30.154563903809 299.762512207031 18.188558578491 0.023517286014 0.022543821163 -0.559858702553 0.827947429830
1988.000000000000 -30.056684494019 299.521148681641 18.166835784912 0.023559530060 0.022508897676 -0.559740416686 0.828027151727
1988.000000000000 -29.959487915039 299.276275634766 18.150909423828 0.023658064074 0.022477616831 -0.559927412740 0.827898752994
1988.000000000000 -29.869384765625 299.055603027344 18.139307022095 0.023763198153 0.022501889371 -0.559681547046 0.828061314930
1989.000000000000 -29.604530334473 298.389709472656 18.070819854736 0.023798078352 0.022347258811 -0.560232546654 0.827691817743
1989.000000000000 -29.523279190063 298.179168701172 18.034708023071 0.023748955366 0.022123920002 -0.560825896100 0.827297306624
1989.000000000000 -29.448534011841 297.983764648438 18.025148391724 0.023701424569 0.022204168324 -0.561409935017 0.826900297646
1989.000000000000 -29.373754501343 297.794647216797 18.004468917847 0.023517794384 0.022179448655 -0.561506208758 0.826840832888
1989.000000000000 -29.178373336792 297.300659179688 17.978998184204 0.023592554132 0.022327107806 -0.561660810303 0.826729717511
1989.000000000000 -29.125209808350 297.164947509766 17.963989257812 0.023592837116 0.022314252427 -0.561863668696 0.826592202949
1989.000000000000 -29.071306228638 297.032531738281 17.953756332397 0.023579924167 0.022166845734 -0.561488357067 0.826851524159
1989.000000000000 -29.022029876709 296.909790039062 17.939687728882 0.023525427846 0.021990114876 -0.561370153744 0.826938050629
1989.000000000000 -28.975648880005 296.792144775391 17.936981201172 0.023485188571 0.022026890497 -0.561464080060 0.826874445618
1989.000000000000 -28.925571441650 296.666076660156 17.929687500000 0.023354874879 0.021996043780 -0.561464427353 0.826878721878
1989.000000000000 -28.830577850342 296.427642822266 17.912199020386 0.023258296918 0.021865704864 -0.561399027364 0.826929304506
1989.000000000000 -28.732488632202 296.182128906250 17.898590087891 0.023421101771 0.021848759128 -0.561247654690 0.827027903895
1990.000000000000 -28.533231735229 295.684173583984 17.847417831421 0.023067479820 0.021698414020 -0.561017138093 0.827198187238
1990.000000000000 -28.480037689209 295.551635742188 17.835222244263 0.023119184312 0.021556918321 -0.560937384272 0.827254527648
1990.000000000000 -28.326711654663 295.169403076172 17.822042465210 0.023020610607 0.021789791519 -0.560635104839 0.827456062698
1990.000000000000 -28.272554397583 295.033966064453 17.815174102783 0.022966082841 0.021778500456 -0.560621331678 0.827467206857
1990.000000000000 -28.162082672119 294.756469726562 17.804586410522 0.023064167243 0.021717364195 -0.560710364282 0.827405757575
1990.000000000000 -28.105325698853 294.614013671875 17.796325683594 0.023023098642 0.021728930457 -0.560744138439 0.827383708878
1990.000000000000 -28.047430038452 294.469116210938 17.773750305176 0.022892191569 0.021674826276 -0.560785561050 0.827360685547
1990.000000000000 -27.991384506226 294.329803466797 17.761377334595 0.022749553212 0.021607234432 -0.560691404428 0.827430199020
1990.000000000000 -27.881990432739 294.057128906250 17.736658096313 0.022665615715 0.021485274315 -0.560601169804 0.827496816469
1990.000000000000 -27.823369979858 293.900329589844 17.725181579590 0.022525146222 0.021454148239 -0.561538019249 0.826866005014
1990.000000000000 -27.769189834595 293.756378173828 17.717302322388 0.022555411965 0.021460701289 -0.562280054740 0.826360594252
1990.000000000000 -27.702503204346 293.587310791016 17.703840255737 0.022475477221 0.021377135374 -0.562311966922 0.826343223402
1990.000000000000 -27.590389251709 293.260681152344 17.683319091797 0.022364957794 0.021706927552 -0.566053309271 0.823779259889
1990.000000000000 -27.532920837402 293.090728759766 17.673593521118 0.022338013393 0.021746267701 -0.567735244001 0.822620693709
1991.000000000000 -27.425014495850 292.771484375000 17.638542175293 0.022385768663 0.021870385974 -0.570806940582 0.820487659969
1991.000000000000 -27.370775222778 292.606811523438 17.617351531982 0.022243375544 0.022006385584 -0.572353304662 0.819409937626
1991.000000000000 -27.311346054077 292.424163818359 17.577310562134 0.022143360354 0.022020097597 -0.573925735918 0.818311698893
1991.000000000000 -27.042385101318 291.189727783203 17.524717330933 0.021175098702 0.024585599122 -0.606063489451 0.794754182289
1991.000000000000 -27.026136398315 290.959686279297 17.521564483643 0.020859002565 0.024904067429 -0.613875761802 0.788733946594
1991.000000000000 -27.029361724854 290.715850830078 17.502931594849 0.020447796613 0.025280867700 -0.624097899998 0.780669313192
1991.000000000000 -27.035278320312 290.234436035156 17.489032745361 0.019940357222 0.025617519016 -0.642223199098 0.765829933741
1991.000000000000 -27.052175521851 289.991882324219 17.498033523560 0.019745628902 0.026205869081 -0.651580346894 0.757869655090
1991.000000000000 -27.129287719727 289.482818603516 17.460086822510 0.018218049885 0.026688131060 -0.674008238020 0.738016762276
1991.000000000000 -27.222930908203 288.975158691406 17.430246353149 0.017058990876 0.026412115884 -0.693871215736 0.719412348336
1991.000000000000 -27.309944152832 288.695068359375 17.390138626099 0.016189238822 0.026515651277 -0.705786138577 0.707743424821
1991.000000000000 -27.401374816895 288.435302734375 17.387523651123 0.016006740888 0.026797742886 -0.717778020908 0.695571978967
1992.000000000000 -27.575281143188 287.960418701172 17.386230468750 0.015647149397 0.027472346530 -0.739692642272 0.672201779127
1992.000000000000 -27.861040115356 287.432189941406 17.371274948120 0.014548782686 0.028545714671 -0.765988238245 0.642055678245
1992.000000000000 -28.390138626099 286.736907958984 17.353885650635 0.012528912393 0.030707879425 -0.809709107226 0.585893517775
1992.000000000000 -29.205553054810 285.888977050781 17.348516464233 0.010859735109 0.031865635957 -0.858946544945 0.510957415375
1992.000000000000 -29.456129074097 285.693298339844 17.355770111084 -0.010679707988 -0.031951905058 0.869311180509 -0.493115697421
1992.000000000000 -29.699563980103 285.533416748047 17.350963592529 -0.010170253194 -0.032556211167 0.880190020430 -0.473394325061
1992.000000000000 -29.937200546265 285.385589599609 17.342594146729 -0.009605287413 -0.032997268977 0.890140054752 -0.454389262219
1992.000000000000 -30.702604293823 284.943450927734 17.327392578125 -0.008057031815 -0.033681974856 0.916966537532 -0.397458146042
1992.000000000000 -30.961582183838 284.807525634766 17.324583053589 -0.007738857647 -0.033546350137 0.923499892546 -0.382050652325
1992.000000000000 -31.473596572876 284.532653808594 17.311113357544 -0.006921539185 -0.033722601934 0.934228296528 -0.355010377850
1993.000000000000 -32.469451904297 283.979766845703 17.300889968872 -0.005595212882 -0.033325836753 0.948942125190 -0.313635019149
1993.000000000000 -33.236328125000 283.583068847656 17.270196914673 -0.004524227765 -0.032735555268 0.956193748577 -0.290863249597
1993.000000000000 -33.489295959473 283.456665039062 17.261856079102 -0.004113433092 -0.032746421736 0.958005566170 -0.284843969075
1993.000000000000 -33.993389129639 283.203033447266 17.245735168457 -0.003534673506 -0.032783039210 0.961098905744 -0.274229232214
1993.000000000000 -34.496627807617 282.977935791016 17.227058410645 -0.002959190305 -0.033020865234 0.964670300923 -0.261365789973
1993.000000000000 -34.752738952637 282.860534667969 17.205900192261 -0.002625570747 -0.032803462410 0.965908635924 -0.256783072416
1993.000000000000 -35.011814117432 282.738555908203 17.199878692627 -0.002590589446 -0.032712595627 0.966916679970 -0.252972941102
1993.000000000000 -35.264030456543 282.620544433594 17.190242767334 -0.002408522634 -0.032735876765 0.967826561299 -0.249468051332
1993.000000000000 -36.297233581543 282.130035400391 17.174814224243 -0.002217619011 -0.032688743102 0.970801202118 -0.237637442772
1993.000000000000 -36.549446105957 282.013977050781 17.167131423950 -0.002023961396 -0.032624245152 0.971365753286 -0.235329844160
1994.000000000000 -36.808235168457 281.894897460938 17.152183532715 -0.001769365019 -0.032526143791 0.971851669972 -0.233330775702
1994.000000000000 -37.064243316650 281.776916503906 17.145269393921 -0.001666031784 -0.032472349420 0.972299806458 -0.231464591724
1994.000000000000 -37.573093414307 281.540405273438 17.144115447998 -0.001588943059 -0.032330197941 0.973056521826 -0.228283242691
1994.000000000000 -38.092311859131 281.301147460938 17.128185272217 -0.001217660835 -0.032479186564 0.973681747172 -0.225582523628
1994.000000000000 -38.602973937988 281.065093994141 17.120306015015 -0.001175028978 -0.032543736384 0.974172608997 -0.223444069978
1994.000000000000 -38.855621337891 280.959686279297 17.118591308594 -0.001120272434 -0.032650883540 0.974788176086 -0.220727607145
1994.000000000000 -39.370262145996 280.748443603516 17.092121124268 -0.000619701744 -0.032663361972 0.975947242285 -0.215545125276
1994.000000000000 -39.866985321045 280.536407470703 17.058488845825 -0.000303770728 -0.032739020543 0.976537239232 -0.212845212890
1994.000000000000 -40.368370056152 280.321411132812 17.054821014404 -0.000379046633 -0.032550643356 0.977054660155 -0.210486348752
1994.000000000000 -40.629859924316 280.209228515625 17.051132202148 -0.000214670487 -0.032673111894 0.977246598982 -0.209574584464
1994.000000000000 -41.149662017822 279.986450195312 17.035600662231 -0.000043288704 -0.032689902410 0.977584484989 -0.207990247646
1994.000000000000 -41.398212432861 279.881164550781 17.030488967896 0.000038285576 -0.032617173509 0.977770627723 -0.207124885248
1994.000000000000 -41.647994995117 279.774688720703 17.026691436768 0.000131879664 -0.032606475582 0.977915936150 -0.206439391061
1995.000000000000 -41.917736053467 279.656768798828 17.034158706665 -0.000052647133 -0.032677442267 0.977977347297 -0.206137066460
1995.000000000000 -42.183841705322 279.541625976562 17.041893005371 -0.000168559173 -0.032696090840 0.978072999703 -0.205679713350
1995.000000000000 -42.446086883545 279.429687500000 17.037302017212 -0.000200702366 -0.032481819799 0.978188003409 -0.205166081720
1995.000000000000 -43.215126037598 279.107086181641 17.035120010376 -0.000186685772 -0.032647533716 0.978688969022 -0.202736295730
1995.000000000000 -43.468975067139 279.005828857422 17.030214309692 -0.000007898373 -0.032586259869 0.978974561043 -0.201362718586
1995.000000000000 -43.725173950195 278.900756835938 17.016988754272 0.000208253174 -0.032526714512 0.979114736328 -0.200689567688
1995.000000000000 -44.234462738037 278.689392089844 17.017402648926 0.000068476508 -0.032231324212 0.979352985925 -0.199571706438
1995.000000000000 -44.493350982666 278.583007812500 17.015512466431 0.000067448200 -0.031747051243 0.979488873819 -0.198981572648
1995.000000000000 -44.761642456055 278.470428466797 17.016008377075 0.000257665920 -0.031190155523 0.979545090060 -0.198792666729
1995.000000000000 -45.007991790771 278.369720458984 17.011768341064 0.000434110689 -0.030599985471 0.979678460404 -0.198226049391
1995.000000000000 -45.256889343262 278.267608642578 17.006198883057 0.000930668667 -0.030578895381 0.979765410024 -0.197797387073
1995.000000000000 -45.783348083496 278.049865722656 16.998117446899 0.002064102766 -0.030339111637 0.979876653126 -0.197273978119
1995.000000000000 -46.038715362549 277.945648193359 16.999887466431 0.002492611412 -0.030325076273 0.979976829295 -0.196772941947
1995.000000000000 -46.302204132080 277.835266113281 17.001091003418 0.002931799987 -0.030224396249 0.979976448162 -0.196784276473
1995.000000000000 -46.832736968994 277.616271972656 16.989765167236 0.004113722138 -0.029917762179 0.980049621234 -0.196445271552
1996.000000000000 -47.095340728760 277.506927490234 16.992275238037 0.004406059765 -0.029873375228 0.980065299052 -0.196367455766
1996.000000000000 -47.364276885986 277.394897460938 16.998510360718 0.004367592906 -0.029587632167 0.980094925831 -0.196263681092
1996.000000000000 -47.626579284668 277.286743164062 16.984279632568 0.004802559345 -0.029807929786 0.980096566594 -0.196211984589
1996.000000000000 -48.149078369141 277.073730468750 16.996469497681 0.004357658265 -0.029807039255 0.980285489231 -0.195276498405
1996.000000000000 -48.404277801514 276.970092773438 16.992521286011 0.004202753029 -0.029861863245 0.980350898794 -0.194942866564
1996.000000000000 -48.907497406006 276.763244628906 16.998975753784 0.003237163155 -0.029765127082 0.980429202072 -0.194581956280
1996.000000000000 -49.181526184082 276.651184082031 16.992038726807 0.003179985309 -0.030062926912 0.980444855524 -0.194458204751
1996.000000000000 -49.435718536377 276.546966552734 16.993623733521 0.002708838206 -0.029976419509 0.980480834347 -0.194297220637
1996.000000000000 -49.690631866455 276.444152832031 16.980854034424 0.002748032541 -0.030236328610 0.980524275397 -0.194037001900
1996.000000000000 -49.954952239990 276.335510253906 16.978115081787 0.002635504302 -0.030661791955 0.980516155239 -0.194012829334
1996.000000000000 -50.218486785889 276.226501464844 16.983377456665 0.002357479958 -0.030854143659 0.980511057716 -0.194011674403
1996.000000000000 -50.737499237061 276.012603759766 16.988136291504 0.002059671987 -0.031131450044 0.980515769089 -0.193946944129
1996.000000000000 -51.001667022705 275.904968261719 16.976644515991 0.002882292733 -0.031487989421 0.980511146857 -0.193902268681
1996.000000000000 -51.516185760498 275.694244384766 16.976200103760 0.004093753367 -0.030956579581 0.980552766568 -0.193755524668
1997.000000000000 -52.286872863770 275.364624023438 16.974414825439 0.005554390509 -0.030300313937 0.980147592798 -0.195861522646
1997.000000000000 -52.528083801270 275.222503662109 16.983432769775 0.005565669642 -0.029305230352 0.978822216422 -0.202527270840
1997.000000000000 -52.769859313965 275.060180664062 16.983512878418 0.005673187005 -0.028755882157 0.976941761963 -0.211484533532
1997.000000000000 -53.480194091797 274.607055664062 16.987945556641 0.006445953333 -0.029088274826 0.972231748002 -0.232115811890
1997.000000000000 -53.946186065674 274.306579589844 16.976039886475 0.006376468431 -0.029350701116 0.969731260625 -0.242320364727
1997.000000000000 -54.440143585205 273.985687255859 16.962146759033 0.006359892422 -0.029846416824 0.967556549234 -0.250804838879
1997.000000000000 -54.678001403809 273.829742431641 16.958923339844 0.006301636039 -0.029828667858 0.966628788714 -0.254360619567
1997.000000000000 -56.341049194336 272.776489257812 16.972938537598 0.005609278960 -0.030633339975 0.962076216513 -0.270997210485
1997.000000000000 -56.814899444580 272.468078613281 16.964431762695 0.005492365871 -0.030545355548 0.961301902961 -0.273743431948
1998.000000000000 -57.047985076904 272.315277099609 16.965082168579 0.005450715760 -0.030449745267 0.960961724317 -0.274946662298
1998.000000000000 -58.221691131592 271.557159423828 16.926504135132 0.005948054082 -0.030566345251 0.959728589005 -0.279197698123
1998.000000000000 -58.453102111816 271.405609130859 16.931005477905 0.006010498198 -0.030472289979 0.959557304597 -0.279794733063
1998.000000000000 -58.682403564453 271.255432128906 16.949531555176 0.005997124664 -0.030266537867 0.959450371530 -0.280183789238
1998.000000000000 -58.909572601318 271.108612060547 16.947166442871 0.006252633151 -0.030038663763 0.959370313048 -0.280476711512
1998.000000000000 -59.151123046875 270.951416015625 16.937391281128 0.006609641638 -0.029920707060 0.959228544115 -0.280965592344
1998.000000000000 -59.615325927734 270.644836425781 16.975381851196 0.006810448353 -0.029954480265 0.958957138872 -0.281882161037
1998.000000000000 -60.316650390625 270.185760498047 16.986103057861 0.007392129848 -0.029769396796 0.958660740752 -0.282893484497
1998.000000000000 -60.554626464844 270.030517578125 16.985105514526 0.007612187382 -0.029847556612 0.958595000188 -0.283102108051
1998.000000000000 -61.008495330811 269.735168457031 16.967811584473 0.007779500257 -0.030008920259 0.958462631831 -0.283528353898
1999.000000000000 -61.723396301270 269.265747070312 16.997152328491 0.007819790727 -0.030233767862 0.958302755666 -0.284043304158
1999.000000000000 -62.193672180176 268.958099365234 17.013883590698 0.007914747657 -0.030196688457 0.958272207198 -0.284147661767
1999.000000000000 -62.415645599365 268.806549072266 17.029420852661 0.007984321100 -0.030365844271 0.957997934170 -0.285051090586
1999.000000000000 -63.604793548584 268.025634765625 17.028732299805 0.008665818869 -0.030005495001 0.957809038973 -0.285703375400
1999.000000000000 -63.838722229004 267.872436523438 17.027492523193 0.008879088934 -0.030053710924 0.957799718347 -0.285723005327
1999.000000000000 -64.063995361328 267.723693847656 17.018489837646 0.009114195906 -0.030195130450 0.957707999417 -0.286007995312
1999.000000000000 -64.303939819336 267.566040039062 17.015010833740 0.009206679174 -0.030233727271 0.957681096796 -0.286091026831
1999.000000000000 -64.545753479004 267.407379150391 17.008237838745 0.009408901489 -0.030349719227 0.957651985127 -0.286169604428
1999.000000000000 -64.787307739258 267.248504638672 17.011222839355 0.009352959139 -0.030348932923 0.957647280246 -0.286187265724
1999.000000000000 -65.022781372070 267.093475341797 17.011253356934 0.009340962996 -0.030276257675 0.957628719161 -0.286257455572
1999.000000000000 -65.278129577637 266.941680908203 17.006895065308 0.009765601871 -0.030681134824 0.958231864708 -0.284174232548
1999.000000000000 -65.784690856934 266.683227539062 16.998233795166 0.010538761195 -0.030903511525 0.961106856154 -0.274239892324
1999.000000000000 -66.035194396973 266.558410644531 17.008020401001 0.010628555878 -0.030732025736 0.962410468475 -0.269645446028
1999.000000000000 -66.282272338867 266.432708740234 17.013359069824 0.010791291310 -0.030551546253 0.963439969615 -0.265957846286
2000.000000000000 -66.780364990234 266.179107666016 17.032142639160 0.010961499444 -0.030440950949 0.965269749944 -0.259244100952
2000.000000000000 -67.523620605469 265.803894042969 17.007724761963 0.011883520055 -0.030205927397 0.967370109366 -0.251279635875
2000.000000000000 -68.032035827637 265.546539306641 17.022357940674 0.012031955469 -0.030287123018 0.968388443829 -0.247309005266
2000.000000000000 -68.537757873535 265.294189453125 17.015684127808 0.012271033289 -0.030096561521 0.969277575329 -0.243812634395
2000.000000000000 -68.794464111328 265.165863037109 17.020334243774 0.012127058287 -0.030077030195 0.969645021470 -0.242356842382
2000.000000000000 -69.041091918945 265.043365478516 17.011735916138 0.012294102302 -0.030146426991 0.969960459178 -0.241074170372
2000.000000000000 -69.546310424805 264.791442871094 17.010866165161 0.012196833901 -0.030214101818 0.970541964493 -0.238718747591
2000.000000000000 -70.315948486328 264.442565917969 17.027437210083 0.012045001403 -0.030373022102 0.972568364893 -0.230311035511
2000.000000000000 -70.578712463379 264.325347900391 17.024513244629 0.012138226109 -0.030399658942 0.973074759110 -0.228153539062
2000.000000000000 -71.350250244141 263.979553222656 17.035957336426 0.011873376960 -0.030351426046 0.974424940439 -0.222337242287
2001.000000000000 -71.607856750488 263.864501953125 17.035909652710 0.011992020700 -0.030192621852 0.974740250550 -0.220966153479
2001.000000000000 -71.857589721680 263.752807617188 17.034252166748 0.012038101496 -0.030232910964 0.975008447090 -0.219771661752
2001.000000000000 -72.892189025879 263.290130615234 17.043556213379 0.011145675262 -0.030359963580 0.976023426160 -0.215249432339
2001.000000000000 -73.150131225586 263.176757812500 17.041902542114 0.011082422564 -0.030528570572 0.976227713174 -0.214300346055
2001.000000000000 -73.407394409180 263.062805175781 17.046024322510 0.010776390064 -0.030625459275 0.976399837254 -0.213516529740
2001.000000000000 -73.665153503418 262.948791503906 17.057207107544 0.010435501956 -0.030680881718 0.976578507507 -0.212706846322
2001.000000000000 -73.921401977539 262.834808349609 17.059219360352 0.010185752978 -0.030727955038 0.976694255967 -0.212180049902
2001.000000000000 -74.185020446777 262.725952148438 17.066394805908 0.010082568786 -0.031095910597 0.977083076209 -0.210333184109
2001.000000000000 -74.958335876465 262.401214599609 17.070693969727 0.009725735984 -0.030815832023 0.977927321213 -0.206431463157
2001.000000000000 -75.214538574219 262.292602539062 17.079101562500 0.009720076180 -0.030654913660 0.978105480658 -0.205609982966
2001.000000000000 -75.465873718262 262.186645507812 17.075094223022 0.009717099843 -0.030689006056 0.978250681365 -0.204913072513
2001.000000000000 -76.229843139648 261.858856201172 17.094572067261 0.008538358531 -0.030921897261 0.978536362720 -0.203562077847
2002.000000000000 -76.749397277832 261.638305664062 17.081052780151 0.008220596520 -0.031030225881 0.978681576526 -0.202859356803
2002.000000000000 -77.001655578613 261.530700683594 17.093282699585 0.007738360570 -0.031052966656 0.978772109112 -0.202437618693
2002.000000000000 -77.529052734375 261.308380126953 17.084003448486 0.007478531505 -0.031175827852 0.978930290929 -0.201662155165
2002.000000000000 -78.029113769531 261.096008300781 17.087677001953 0.006877574266 -0.031278980349 0.979037444048 -0.201146731298
2002.000000000000 -79.817855834961 260.350799560547 17.054367065430 0.006383440869 -0.031314962381 0.979698299435 -0.197913786530
2002.000000000000 -80.073165893555 260.242004394531 17.065841674805 0.005977367222 -0.031339223849 0.979687728192 -0.197974946295
2002.000000000000 -80.334602355957 260.135437011719 17.047571182251 0.006017842026 -0.031440740387 0.979759674517 -0.197601228771
2002.000000000000 -81.381156921387 259.699005126953 17.059600830078 0.004888298541 -0.031756325078 0.979906274842 -0.196853582341
2002.000000000000 -81.643814086914 259.590332031250 17.058370590210 0.004797626708 -0.031783215693 0.979945639768 -0.196655417106
2003.000000000000 -81.900451660156 259.483795166016 17.065504074097 0.004788762568 -0.031794292584 0.979988571521 -0.196439788233
2003.000000000000 -82.418312072754 259.268707275391 17.070764541626 0.004489193859 -0.031779959590 0.980044885370 -0.196168050323
2003.000000000000 -82.681602478027 259.160858154297 17.055677413940 0.004430435576 -0.031726994195 0.980077363855 -0.196015636975
2003.000000000000 -82.936080932617 259.054809570312 17.060016632080 0.004078443682 -0.031860580519 0.980087329000 -0.195951772737
2003.000000000000 -83.202110290527 258.945526123047 17.053560256958 0.003849641706 -0.031958923620 0.980121673755 -0.195768516611
2003.000000000000 -83.464363098145 258.839050292969 17.050678253174 0.003688567673 -0.032164880699 0.980196189564 -0.195364390007
2003.000000000000 -83.730667114258 258.730590820312 17.032566070557 0.003669712590 -0.032040833804 0.980227238910 -0.195229296667
2003.000000000000 -84.257400512695 258.513061523438 17.041944503784 0.002973826070 -0.032150174478 0.980285003374 -0.194932898198
2003.000000000000 -84.515754699707 258.404815673828 17.031871795654 0.002644930091 -0.032311973103 0.980221570080 -0.195229645006
2003.000000000000 -84.780174255371 258.297698974609 17.004261016846 0.002772465979 -0.032327176787 0.980241907442 -0.195123217399
2003.000000000000 -85.042411804199 258.189086914062 17.003566741943 0.002491880520 -0.032280211158 0.980249699062 -0.195095632930
2003.000000000000 -85.836647033691 257.864013671875 17.002344131470 0.002362133333 -0.032375713302 0.980381364984 -0.194418653183
2004.000000000000 -87.142921447754 257.328887939453 16.981397628784 0.001221297747 -0.032651221363 0.980480850314 -0.193880654897
2004.000000000000 -87.407638549805 257.217712402344 16.990720748901 0.000684966840 -0.032700065597 0.980437686486 -0.194093223604
2004.000000000000 -87.661277770996 257.113159179688 16.986179351807 0.000558629623 -0.032786619183 0.980428264558 -0.194126617421
2004.000000000000 -87.923202514648 257.004699707031 16.982437133789 0.000312509954 -0.032935601191 0.980404168215 -0.194223622295
2004.000000000000 -88.194564819336 256.894470214844 16.967712402344 0.000240034411 -0.033194133936 0.980419882394 -0.194100350497
2004.000000000000 -88.465454101562 256.783599853516 16.964921951294 0.000048822589 -0.033237660261 0.980440629846 -0.193988213313
2004.000000000000 -88.724006652832 256.679382324219 16.951183319092 0.000225864870 -0.033206938328 0.980485892585 -0.193764451523
2004.000000000000 -89.237136840820 256.470275878906 16.937124252319 0.000434484490 -0.033335798620 0.980519295688 -0.193572845557
2004.000000000000 -89.764587402344 256.254272460938 16.938760757446 -0.000124989998 -0.033440856198 0.980552462062 -0.193387079863
2004.000000000000 -90.299674987793 256.035705566406 16.924968719482 -0.000714941127 -0.033380673363 0.980568069047 -0.193317049092
2004.000000000000 -90.551551818848 255.934570312500 16.918066024780 -0.000839643674 -0.033544730267 0.980624080004 -0.193003781793
2004.000000000000 -91.070198059082 255.721939086914 16.927738189697 -0.001748155258 -0.033608249660 0.980649747501 -0.192856169809
2004.000000000000 -91.329948425293 255.616195678711 16.927160263062 -0.002038294326 -0.033739921186 0.980667548850 -0.192739777178
2004.000000000000 -91.601783752441 255.505065917969 16.927593231201 -0.002390974015 -0.033814722922 0.980673552071 -0.192692065290
2004.000000000000 -91.882598876953 255.391876220703 16.895301818848 -0.002319998202 -0.033868398055 0.980656604823 -0.192769739947
2005.000000000000 -92.907424926758 254.975128173828 16.899198532104 -0.002819022431 -0.034197308260 0.980754162080 -0.192207884291
2005.000000000000 -93.683311462402 254.660995483398 16.880016326904 -0.003460012994 -0.034403671152 0.980791181112 -0.191971546785
2005.000000000000 -93.940704345703 254.557006835938 16.877567291260 -0.003679362599 -0.034555608582 0.980812417822 -0.191831627354
2005.000000000000 -94.199645996094 254.452774047852 16.866815567017 -0.003849825539 -0.034678695397 0.980825192085 -0.191740735109
2005.000000000000 -94.430015563965 254.357360839844 16.864759445190 -0.004201087074 -0.034864263606 0.980758117818 -0.192042569043
2005.000000000000 -94.696563720703 254.249908447266 16.846105575562 -0.004198012893 -0.034853789347 0.980757878162 -0.192045761421
2005.000000000000 -95.488571166992 253.926330566406 16.836730957031 -0.005130978765 -0.034909402081 0.980725368917 -0.192178972486
2005.000000000000 -96.010719299316 253.714248657227 16.818603515625 -0.005062847775 -0.034821570522 0.980725268116 -0.192197227549
