0 0
1 1
2 2
3 3
4 4
5 15
6 16
7 17
8 18
9 19
10 20
11 21
12 22
13 23
14 24
15 25
16 35
17 36
18 37
19 38
20 39
21 40
22 41
23 42
24 43
25 44
26 45
27 46
28 47
29 55
30 56
31 57
32 58
33 59
34 60
35 61
36 62
37 63
38 64
39 65
40 66
41 75
42 76
43 77
44 78
45 79
46 80
47 81
48 82
49 83
50 84
51 85
52 86
53 87
54 88
55 95
56 96
57 97
58 98
59 99
60 100
61 101
62 102
63 103
64 104
65 105
66 106
67 107
68 108
69 109
70 115
71 116
72 117
73 118
74 119
75 120
76 121
77 122
78 123
79 124
80 125
81 126
82 135
83 136
84 137
85 138
86 139
87 140
88 141
89 142
90 143
91 144
92 145
93 146
94 147
95 148
96 155
97 156
98 157
99 158
100 159
101 160
102 161
103 162
104 163
105 164
106 165
107 166
108 175
109 176
110 177
111 178
112 179
113 180
114 181
115 182
116 183
117 184
118 185
119 186
120 187
121 195
122 196
123 197
124 198
125 199
126 200
127 201
128 202
129 203
130 204
131 205
132 206
133 215
134 216
135 217
136 218
137 219
138 220
139 221
140 222
141 223
142 224
143 225
144 226
145 227
146 228
147 229
148 235
149 236
150 237
151 238
152 239
153 240
154 241
155 242
156 243
157 244
158 245
159 246
160 247
161 248
162 249
163 250
164 251
165 255
166 256
167 257
168 258
169 259
170 260
171 261
172 262
173 263
174 264
175 265
176 266
177 267
178 275
179 276
180 277
181 278
182 279
183 280
184 281
185 282
186 283
187 284
188 285
189 286
190 287
191 288
192 289
193 295
194 296
195 297
196 298
197 299
198 300
199 301
200 302
201 303
202 304
203 305
204 306
205 307
206 308
207 309
208 310
209 311
210 315
211 316
212 317
213 318
214 319
215 320
216 321
217 322
218 323
219 324
220 325
221 326
222 327
223 328
224 329
225 335
226 336
227 337
228 338
229 339
230 340
231 341
232 342
233 343
234 344
235 345
236 346
237 347
238 348
239 349
240 355
241 356
242 357
243 358
244 359
245 360
246 361
247 362
248 363
249 364
250 365
251 366
252 372
253 373
254 374
255 375
256 376
257 377
258 378
259 379
260 380
261 381
262 382
263 383
264 384
265 385
266 386
267 387
268 392
269 393
270 394
271 395
272 396
273 397
274 398
275 399
276 400
277 401
278 402
279 403
280 404
281 405
282 406
283 412
284 413
285 414
286 415
287 416
288 417
289 418
290 419
291 420
292 421
293 422
294 423
295 424
296 425
297 426
298 427
299 432
300 433
301 434
302 435
303 436
304 437
305 438
306 439
307 440
308 441
309 442
310 443
311 444
312 445
313 446
314 447
315 448
316 452
317 453
318 454
319 455
320 456
321 457
322 458
323 459
324 460
325 461
326 462
327 463
328 464
329 465
330 466
331 467
332 472
333 473
334 474
335 475
336 476
337 477
338 478
339 479
340 480
341 481
342 482
343 483
344 484
345 485
346 486
347 492
348 493
349 494
350 495
351 496
352 497
353 498
354 499
355 500
356 501
357 502
358 503
359 504
360 505
361 506
362 507
363 508
364 512
365 513
366 514
367 515
368 516
369 517
370 518
371 519
372 520
373 521
374 522
375 523
376 524
377 525
378 526
379 527
380 528
381 529
382 532
383 533
384 534
385 535
386 536
387 537
388 538
389 539
390 540
391 541
392 542
393 543
394 544
395 545
396 546
397 547
398 548
399 552
400 553
401 554
402 555
403 556
404 557
405 558
406 559
407 560
408 561
409 562
410 563
411 564
412 565
413 572
414 573
415 574
416 575
417 576
418 577
419 578
420 579
421 580
422 581
423 582
424 583
425 584
426 585
427 586
428 592
429 593
430 594
431 595
432 596
433 597
434 598
435 599
436 600
437 601
438 602
439 603
440 604
441 605
442 606
443 607
444 612
445 613
446 614
447 615
448 616
449 617
450 618
451 619
452 620
453 621
454 622
455 623
456 624
457 625
458 626
459 627
460 632
461 633
462 634
463 635
464 636
465 637
466 638
467 639
468 640
469 641
470 642
471 643
472 644
473 645
474 646
475 647
476 652
477 653
478 654
479 655
480 656
481 657
482 658
483 659
484 660
485 661
486 662
487 663
488 664
489 665
490 666
491 667
492 668
493 672
494 673
495 674
496 675
497 676
498 677
499 678
500 679
501 680
502 681
503 682
504 683
505 684
506 685
507 686
508 687
509 688
510 692
511 693
512 694
513 695
514 696
515 697
516 698
517 699
518 700
519 701
520 702
521 703
522 704
523 705
524 706
525 707
526 708
527 709
528 712
529 713
530 714
531 715
532 716
533 717
534 718
535 719
536 720
537 721
538 722
539 723
540 724
541 725
542 726
543 727
544 728
545 729
546 730
547 732
548 733
549 734
550 735
551 736
552 737
553 738
554 739
555 740
556 741
557 742
558 743
559 744
560 745
561 746
562 752
563 753
564 754
565 755
566 756
567 757
568 758
569 759
570 760
571 761
572 762
573 763
574 772
575 773
576 774
577 775
578 776
579 777
580 778
581 779
582 780
583 781
584 782
585 792
586 793
587 794
588 795
589 796
590 797
591 798
592 799
593 800
594 801
595 802
596 803
597 804
598 805
599 812
600 813
601 814
602 815
603 816
604 817
605 818
606 819
607 820
608 821
609 822
610 823
611 824
612 832
613 833
614 834
615 835
616 836
617 837
618 838
619 839
620 840
621 841
622 842
623 843
624 844
625 845
626 852
627 853
628 854
629 855
630 856
631 857
632 858
633 859
634 860
635 861
636 862
637 863
638 872
639 873
640 874
641 875
642 876
643 877
644 878
645 879
646 880
647 881
648 882
649 883
650 892
651 893
652 894
653 895
654 896
655 897
656 898
657 899
658 900
659 901
660 902
661 903
662 904
663 905
664 912
665 913
666 914
667 915
668 916
669 917
670 918
671 919
672 920
673 921
674 922
675 923
676 924
677 925
678 926
679 927
680 928
681 932
682 933
683 934
684 935
685 936
686 937
687 938
688 939
689 940
690 941
691 942
692 943
693 944
694 945
695 946
696 947
697 948
698 952
699 953
700 954
701 955
702 956
703 957
704 958
705 959
706 960
707 961
708 962
709 963
710 964
711 965
712 966
713 972
714 973
715 974
716 975
717 976
718 977
719 978
720 979
721 980
722 981
723 982
724 983
725 984
726 985
727 986
728 987
729 992
730 993
731 994
732 995
733 996
734 997
735 998
736 999
737 1000
738 1001
739 1002
740 1003
741 1004
742 1005
743 1006
744 1007
745 1008
746 1012
747 1013
748 1014
749 1015
750 1016
751 1017
752 1018
753 1019
754 1020
755 1021
756 1022
757 1023
758 1024
759 1025
760 1032
761 1033
762 1034
763 1035
764 1036
765 1037
766 1038
767 1039
768 1040
769 1041
770 1042
771 1043
772 1044
773 1045
774 1046
775 1052
776 1053
777 1054
778 1055
779 1056
780 1057
781 1058
782 1059
783 1060
784 1061
785 1062
786 1063
787 1064
788 1065
789 1066
790 1067
791 1072
792 1073
793 1074
794 1075
795 1076
796 1077
797 1078
798 1079
799 1080
800 1081
801 1082
802 1083
803 1084
804 1085
805 1086
806 1087
807 1088
808 1089
809 1092
810 1093
811 1094
812 1095
813 1096
814 1097
815 1098
816 1099
817 1100
818 1101
819 1102
820 1103
821 1104
822 1105
823 1106
824 1107
825 1108
826 1109
827 1110
828 1112
829 1113
830 1114
831 1115
832 1116
833 1117
834 1118
835 1119
836 1120
837 1121
838 1122
839 1123
840 1124
841 1125
842 1126
843 1127
844 1128
845 1129
846 1130
847 1132
848 1133
849 1134
850 1135
851 1136
852 1137
853 1138
854 1139
855 1140
856 1141
857 1142
858 1143
859 1144
860 1145
861 1152
862 1153
863 1154
864 1155
865 1156
866 1157
867 1158
868 1159
869 1160
870 1161
871 1162
872 1172
873 1173
874 1174
875 1175
876 1176
877 1177
878 1178
879 1179
880 1180
881 1181
882 1182
883 1183
884 1184
885 1185
886 1186
887 1187
888 1188
889 1192
890 1193
891 1194
892 1195
893 1196
894 1197
895 1198
896 1199
897 1200
898 1201
899 1202
900 1203
901 1204
902 1205
903 1206
904 1207
905 1208
906 1209
907 1210
908 1212
909 1213
910 1214
911 1215
912 1216
913 1217
914 1218
915 1219
916 1220
917 1221
918 1222
919 1223
920 1224
921 1225
922 1226
923 1227
924 1228
925 1229
926 1232
927 1233
928 1234
929 1235
930 1236
931 1237
932 1238
933 1239
934 1240
935 1241
936 1242
937 1243
938 1244
939 1245
940 1246
941 1247
942 1248
943 1249
944 1252
945 1253
946 1254
947 1255
948 1256
949 1257
950 1258
951 1259
952 1260
953 1261
954 1262
955 1263
956 1264
957 1265
958 1266
959 1267
960 1268
961 1269
962 1272
963 1273
964 1274
965 1275
966 1276
967 1277
968 1278
969 1279
970 1280
971 1281
972 1282
973 1283
974 1284
975 1285
976 1286
977 1287
978 1288
979 1289
980 1290
981 1292
982 1293
983 1294
984 1295
985 1296
986 1297
987 1298
988 1299
989 1300
990 1301
991 1302
992 1303
993 1304
994 1305
995 1306
996 1307
997 1308
998 1309
999 1312
1000 1313
1001 1314
1002 1315
1003 1316
1004 1317
1005 1318
1006 1319
1007 1320
1008 1321
1009 1322
1010 1323
1011 1324
1012 1325
1013 1326
1014 1327
1015 1328
1016 1332
1017 1333
1018 1334
1019 1335
1020 1336
1021 1337
1022 1338
1023 1339
1024 1340
1025 1341
1026 1342
1027 1343
1028 1344
1029 1345
1030 1346
1031 1347
1032 1348
1033 1349
1034 1352
1035 1353
1036 1354
1037 1355
1038 1356
1039 1357
1040 1358
1041 1359
1042 1360
1043 1361
1044 1362
1045 1363
1046 1364
1047 1365
1048 1366
1049 1367
1050 1368
1051 1369
1052 1372
1053 1373
1054 1374
1055 1375
1056 1376
1057 1377
1058 1378
1059 1379
1060 1380
1061 1381
1062 1382
1063 1383
1064 1392
1065 1393
1066 1394
1067 1395
1068 1396
1069 1397
1070 1398
1071 1399
1072 1400
1073 1401
1074 1402
1075 1403
1076 1404
1077 1405
1078 1406
1079 1407
1080 1412
1081 1413
1082 1414
1083 1415
1084 1416
1085 1417
1086 1418
1087 1419
1088 1420
1089 1421
1090 1422
1091 1423
1092 1424
1093 1425
1094 1426
1095 1427
1096 1428
1097 1432
1098 1433
1099 1434
1100 1435
1101 1436
1102 1437
1103 1438
1104 1439
1105 1440
1106 1441
1107 1442
1108 1443
1109 1444
1110 1445
1111 1446
1112 1452
1113 1453
1114 1454
1115 1455
1116 1456
1117 1457
1118 1458
1119 1459
1120 1460
1121 1461
1122 1462
1123 1463
1124 1464
1125 1465
1126 1466
1127 1467
1128 1468
1129 1469
1130 1472
1131 1473
1132 1474
1133 1475
1134 1476
1135 1477
1136 1478
1137 1479
1138 1480
1139 1481
1140 1482
1141 1483
1142 1484
1143 1485
1144 1486
1145 1487
1146 1488
1147 1492
1148 1493
1149 1494
1150 1495
1151 1496
1152 1497
1153 1498
1154 1499
1155 1500
1156 1501
1157 1502
1158 1503
1159 1504
1160 1505
1161 1506
1162 1507
1163 1512
1164 1513
1165 1514
1166 1515
1167 1516
1168 1517
1169 1518
1170 1519
1171 1520
1172 1521
1173 1522
1174 1523
1175 1524
1176 1525
1177 1526
1178 1527
1179 1528
1180 1529
1181 1532
1182 1533
1183 1534
1184 1535
1185 1536
1186 1537
1187 1538
1188 1539
1189 1540
1190 1541
1191 1542
1192 1543
1193 1544
1194 1545
1195 1546
1196 1547
1197 1552
1198 1553
1199 1554
1200 1555
1201 1556
1202 1557
1203 1558
1204 1559
1205 1560
1206 1561
1207 1562
1208 1563
1209 1564
1210 1565
1211 1566
1212 1567
1213 1568
1214 1572
1215 1573
1216 1574
1217 1575
1218 1576
1219 1577
1220 1578
1221 1579
1222 1580
1223 1581
1224 1582
1225 1583
1226 1584
1227 1585
1228 1592
1229 1593
1230 1594
1231 1595
1232 1596
1233 1597
1234 1598
1235 1599
1236 1600
1237 1601
1238 1602
1239 1603
1240 1604
1241 1605
1242 1606
1243 1607
1244 1608
1245 1612
1246 1613
1247 1614
1248 1615
1249 1616
1250 1617
1251 1618
1252 1619
1253 1620
1254 1621
1255 1622
1256 1623
1257 1624
1258 1625
1259 1626
1260 1627
1261 1628
1262 1632
1263 1633
1264 1634
1265 1635
1266 1636
1267 1637
1268 1638
1269 1639
1270 1640
1271 1641
1272 1642
1273 1643
1274 1644
1275 1645
1276 1646
1277 1652
1278 1653
1279 1654
1280 1655
1281 1656
1282 1657
1283 1658
1284 1659
1285 1660
1286 1661
1287 1662
1288 1663
1289 1664
1290 1672
1291 1673
1292 1674
1293 1675
1294 1676
1295 1677
1296 1678
1297 1679
1298 1680
1299 1681
1300 1682
1301 1683
1302 1684
1303 1685
1304 1686
1305 1692
1306 1693
1307 1694
1308 1695
1309 1696
1310 1697
1311 1698
1312 1699
1313 1700
1314 1701
1315 1702
1316 1703
1317 1704
1318 1705
1319 1706
1320 1707
1321 1708
1322 1709
1323 1712
1324 1713
1325 1714
1326 1715
1327 1716
1328 1717
1329 1718
1330 1719
1331 1720
1332 1721
1333 1722
1334 1723
1335 1732
1336 1733
1337 1734
1338 1735
1339 1736
1340 1737
1341 1738
1342 1739
1343 1740
1344 1741
1345 1742
1346 1743
1347 1744
1348 1745
1349 1746
1350 1747
1351 1752
1352 1753
1353 1754
1354 1755
1355 1756
1356 1757
1357 1758
1358 1759
1359 1760
1360 1761
1361 1762
1362 1763
1363 1764
1364 1765
1365 1766
1366 1767
1367 1768
1368 1772
1369 1773
1370 1774
1371 1775
1372 1776
1373 1777
1374 1778
1375 1779
1376 1780
1377 1781
1378 1782
1379 1783
1380 1784
1381 1785
1382 1786
1383 1792
1384 1793
1385 1794
1386 1795
1387 1796
1388 1797
1389 1798
1390 1799
1391 1800
1392 1801
1393 1802
1394 1803
1395 1804
1396 1805
1397 1806
1398 1807
1399 1812
1400 1813
1401 1814
1402 1815
1403 1816
1404 1817
1405 1818
1406 1819
1407 1820
1408 1821
1409 1822
1410 1823
1411 1824
1412 1825
1413 1826
1414 1827
1415 1828
1416 1829
1417 1832
1418 1833
1419 1834
1420 1835
1421 1836
1422 1837
1423 1838
1424 1839
1425 1840
1426 1841
1427 1842
1428 1843
1429 1844
1430 1845
1431 1846
1432 1847
1433 1848
1434 1852
1435 1853
1436 1854
1437 1855
1438 1856
1439 1857
1440 1858
1441 1859
1442 1860
1443 1861
1444 1862
1445 1863
1446 1864
1447 1865
1448 1866
1449 1872
1450 1873
1451 1874
1452 1875
1453 1876
1454 1877
1455 1878
1456 1879
1457 1880
1458 1881
1459 1882
1460 1883
1461 1884
1462 1885
1463 1886
1464 1887
1465 1892
1466 1893
1467 1894
1468 1895
1469 1896
1470 1897
1471 1898
1472 1899
1473 1900
1474 1901
1475 1902
1476 1903
1477 1904
1478 1905
1479 1906
1480 1907
1481 1912
1482 1913
1483 1914
1484 1915
1485 1916
1486 1917
1487 1918
1488 1919
1489 1920
1490 1921
1491 1922
1492 1923
1493 1924
1494 1925
1495 1926
1496 1927
1497 1928
1498 1932
1499 1933
1500 1934
1501 1935
1502 1936
1503 1937
1504 1938
1505 1939
1506 1940
1507 1941
1508 1942
1509 1943
1510 1944
1511 1945
1512 1946
1513 1947
1514 1952
1515 1953
1516 1954
1517 1955
1518 1956
1519 1957
1520 1958
1521 1959
1522 1960
1523 1961
1524 1962
1525 1963
1526 1964
1527 1965
1528 1966
1529 1972
1530 1973
1531 1974
1532 1975
1533 1976
1534 1977
1535 1978
1536 1979
1537 1980
1538 1981
1539 1982
1540 1983
1541 1984
1542 1985
1543 1986
1544 1987
1545 1988
1546 1989
1547 1990
1548 1991
1549 1992
1550 1993
1551 1994
1552 1995
1553 1996
1554 1997
1555 1998
1556 1999
1557 2000
1558 2001
1559 2002
1560 2003
1561 2004
1562 2005
1563 2006
1564 2012
1565 2013
1566 2014
1567 2015
1568 2016
1569 2017
1570 2018
1571 2019
1572 2020
1573 2021
1574 2022
1575 2023
1576 2024
1577 2025
1578 2026
1579 2027
1580 2028
1581 2032
1582 2033
1583 2034
1584 2035
1585 2036
1586 2037
1587 2038
1588 2039
1589 2040
1590 2041
1591 2042
1592 2043
1593 2044
1594 2045
1595 2046
1596 2047
1597 2048
1598 2049
1599 2052
1600 2053
1601 2054
1602 2055
1603 2056
1604 2057
1605 2058
1606 2059
1607 2060
1608 2061
1609 2062
1610 2063
1611 2064
1612 2065
1613 2066
1614 2067
1615 2068
1616 2069
1617 2072
1618 2073
1619 2074
1620 2075
1621 2076
1622 2077
1623 2078
1624 2079
1625 2080
1626 2081
1627 2082
1628 2083
1629 2084
1630 2085
1631 2086
1632 2087
1633 2092
1634 2093
1635 2094
1636 2095
1637 2096
1638 2097
1639 2098
1640 2099
1641 2100
1642 2101
1643 2102
1644 2103
1645 2104
1646 2105
1647 2112
1648 2113
1649 2114
1650 2115
1651 2116
1652 2117
1653 2118
1654 2119
1655 2120
1656 2121
1657 2122
1658 2123
1659 2124
1660 2125
1661 2126
1662 2127
1663 2128
1664 2129
1665 2132
1666 2133
1667 2134
1668 2135
1669 2136
1670 2137
1671 2138
1672 2139
1673 2140
1674 2141
1675 2142
1676 2143
1677 2144
1678 2145
1679 2146
1680 2147
1681 2152
1682 2153
1683 2154
1684 2155
1685 2156
1686 2157
1687 2158
1688 2159
1689 2160
1690 2161
1691 2162
1692 2163
1693 2164
1694 2165
1695 2166
1696 2167
1697 2168
1698 2169
1699 2170
1700 2171
1701 2172
1702 2173
1703 2174
1704 2175
1705 2176
1706 2177
1707 2178
1708 2179
1709 2180
1710 2181
1711 2182
1712 2183
1713 2184
1714 2185
1715 2186
1716 2187
1717 2188
1718 2189
1719 2190
1720 2192
1721 2193
1722 2194
1723 2195
1724 2196
1725 2197
1726 2198
1727 2199
1728 2200
1729 2201
1730 2202
1731 2203
1732 2204
1733 2205
1734 2206
1735 2207
1736 2212
1737 2213
1738 2214
1739 2215
1740 2216
1741 2217
1742 2218
1743 2219
1744 2220
1745 2221
1746 2222
1747 2223
1748 2224
1749 2225
1750 2226
1751 2232
1752 2233
1753 2234
1754 2235
1755 2236
1756 2237
1757 2238
1758 2239
1759 2240
1760 2241
1761 2242
1762 2243
1763 2252
1764 2253
1765 2254
1766 2255
1767 2256
1768 2257
1769 2258
1770 2259
1771 2260
1772 2261
1773 2262
1774 2263
1775 2264
1776 2265
1777 2266
1778 2267
1779 2268
1780 2269
1781 2270
1782 2272
1783 2273
1784 2274
1785 2275
1786 2276
1787 2277
1788 2278
1789 2279
1790 2280
1791 2281
1792 2282
1793 2283
1794 2284
1795 2285
1796 2286
1797 2292
1798 2293
1799 2294
1800 2295
1801 2296
1802 2297
1803 2298
1804 2299
1805 2300
1806 2301
1807 2302
1808 2303
1809 2304
1810 2305
1811 2306
1812 2307
1813 2308
1814 2309
1815 2310
1816 2311
1817 2312
1818 2313
1819 2314
1820 2315
1821 2316
1822 2317
1823 2318
1824 2319
1825 2320
1826 2321
1827 2322
1828 2323
1829 2324
1830 2325
1831 2326
1832 2327
1833 2328
1834 2329
1835 2332
1836 2333
1837 2334
1838 2335
1839 2336
1840 2337
1841 2338
1842 2339
1843 2340
1844 2341
1845 2342
1846 2343
1847 2352
1848 2353
1849 2354
1850 2355
1851 2356
1852 2357
1853 2358
1854 2359
1855 2360
1856 2361
1857 2362
1858 2363
1859 2364
1860 2365
1861 2366
1862 2367
1863 2368
1864 2372
1865 2373
1866 2374
1867 2375
1868 2376
1869 2377
1870 2378
1871 2379
1872 2380
1873 2381
1874 2382
1875 2383
1876 2384
1877 2385
1878 2392
1879 2393
1880 2394
1881 2395
1882 2396
1883 2397
1884 2398
1885 2399
1886 2400
1887 2401
1888 2402
1889 2403
1890 2404
1891 2405
1892 2412
1893 2413
1894 2414
1895 2415
1896 2416
1897 2417
1898 2418
1899 2419
1900 2420
1901 2421
1902 2422
1903 2423
1904 2424
1905 2425
1906 2426
1907 2427
1908 2428
1909 2429
1910 2432
1911 2433
1912 2434
1913 2435
1914 2436
1915 2437
1916 2438
1917 2439
1918 2440
1919 2441
1920 2442
1921 2443
1922 2444
1923 2445
1924 2446
1925 2447
1926 2452
1927 2453
1928 2454
1929 2455
1930 2456
1931 2457
1932 2458
1933 2459
1934 2460
1935 2461
1936 2462
1937 2463
1938 2464
1939 2465
1940 2466
1941 2467
1942 2468
1943 2469
1944 2472
1945 2473
1946 2474
1947 2475
1948 2476
1949 2477
1950 2478
1951 2479
1952 2480
1953 2481
1954 2482
1955 2483
1956 2484
1957 2492
1958 2493
1959 2494
1960 2495
1961 2496
1962 2497
1963 2498
1964 2499
1965 2500
1966 2501
1967 2502
1968 2503
1969 2504
1970 2505
1971 2506
1972 2507
1973 2508
1974 2512
1975 2513
1976 2514
1977 2515
1978 2516
1979 2517
1980 2518
1981 2519
1982 2520
1983 2521
1984 2522
1985 2523
1986 2524
1987 2525
1988 2526
1989 2527
1990 2528
1991 2532
1992 2533
1993 2534
1994 2535
1995 2536
1996 2537
1997 2538
1998 2539
1999 2540
2000 2541
2001 2542
2002 2543
2003 2544
2004 2545
2005 2546
2006 2547
2007 2552
2008 2553
2009 2554
2010 2555
2011 2556
2012 2557
2013 2558
2014 2559
2015 2560
2016 2561
2017 2562
2018 2563
2019 2564
2020 2565
2021 2566
2022 2567
2023 2572
2024 2573
2025 2574
2026 2575
2027 2576
2028 2577
2029 2578
2030 2579
2031 2580
2032 2581
2033 2582
2034 2583
2035 2584
2036 2585
2037 2586
2038 2587
2039 2588
2040 2589
2041 2592
2042 2593
2043 2594
2044 2595
2045 2596
2046 2597
2047 2598
2048 2599
2049 2600
2050 2601
2051 2602
2052 2603
2053 2604
2054 2605
2055 2606
2056 2607
2057 2612
2058 2613
2059 2614
2060 2615
2061 2616
2062 2617
2063 2618
2064 2619
2065 2620
2066 2621
2067 2622
2068 2623
2069 2624
2070 2625
2071 2626
2072 2627
2073 2628
2074 2629
2075 2632
2076 2633
2077 2634
2078 2635
2079 2636
2080 2637
2081 2638
2082 2639
2083 2640
2084 2641
2085 2642
2086 2643
2087 2644
2088 2645
2089 2646
2090 2647
2091 2648
2092 2649
2093 2650
2094 2652
2095 2653
2096 2654
2097 2655
2098 2656
2099 2657
2100 2658
2101 2659
2102 2660
2103 2661
2104 2662
2105 2663
2106 2664
2107 2665
2108 2666
2109 2667
2110 2672
2111 2673
2112 2674
2113 2675
2114 2676
2115 2677
2116 2678
2117 2679
2118 2680
2119 2681
2120 2682
2121 2683
2122 2684
2123 2685
2124 2686
2125 2687
2126 2688
2127 2689
2128 2692
2129 2693
2130 2694
2131 2695
2132 2696
2133 2697
2134 2698
2135 2699
2136 2700
2137 2701
2138 2702
2139 2703
2140 2704
2141 2705
2142 2706
2143 2712
2144 2713
2145 2714
2146 2715
2147 2716
2148 2717
2149 2718
2150 2719
2151 2720
2152 2721
2153 2722
2154 2723
2155 2724
2156 2725
2157 2726
2158 2732
2159 2733
2160 2734
2161 2735
2162 2736
2163 2737
2164 2738
2165 2739
2166 2740
2167 2741
2168 2742
2169 2743
2170 2744
2171 2745
2172 2752
2173 2753
2174 2754
2175 2755
2176 2756
2177 2757
2178 2758
2179 2759
2180 2760
2181 2761
2182 2762
2183 2763
2184 2764
2185 2765
2186 2766
2187 2767
2188 2772
2189 2773
2190 2774
2191 2775
2192 2776
2193 2777
2194 2778
2195 2779
2196 2780
2197 2781
2198 2782
2199 2783
2200 2784
2201 2785
2202 2792
2203 2793
2204 2794
2205 2795
2206 2796
2207 2797
2208 2798
2209 2799
2210 2800
2211 2801
2212 2802
2213 2803
2214 2804
2215 2805
2216 2806
2217 2807
2218 2812
2219 2813
2220 2814
2221 2815
2222 2816
2223 2817
2224 2818
2225 2819
2226 2820
2227 2821
2228 2822
2229 2823
2230 2824
2231 2825
2232 2826
2233 2827
2234 2828
2235 2829
2236 2832
2237 2833
2238 2834
2239 2835
2240 2836
2241 2837
2242 2838
2243 2839
2244 2840
2245 2841
2246 2842
2247 2843
2248 2844
2249 2845
2250 2846
2251 2852
2252 2853
2253 2854
2254 2855
2255 2856
2256 2857
2257 2858
2258 2859
2259 2860
2260 2861
2261 2862
2262 2863
2263 2864
2264 2865
2265 2866
2266 2867
2267 2872
2268 2873
2269 2874
2270 2875
2271 2876
2272 2877
2273 2878
2274 2879
2275 2880
2276 2881
2277 2882
2278 2883
2279 2884
2280 2885
2281 2886
2282 2887
2283 2888
2284 2889
2285 2892
2286 2893
2287 2894
2288 2895
2289 2896
2290 2897
2291 2898
2292 2899
2293 2900
2294 2901
2295 2902
2296 2903
2297 2912
2298 2913
2299 2914
2300 2915
2301 2916
2302 2917
2303 2918
2304 2919
2305 2920
2306 2921
2307 2922
2308 2923
2309 2924
2310 2925
2311 2926
2312 2927
2313 2932
2314 2933
2315 2934
2316 2935
2317 2936
2318 2937
2319 2938
2320 2939
2321 2940
2322 2941
2323 2942
2324 2943
2325 2944
2326 2945
2327 2952
2328 2953
2329 2954
2330 2955
2331 2956
2332 2957
2333 2958
2334 2959
2335 2960
2336 2961
2337 2962
2338 2963
2339 2964
2340 2965
2341 2966
2342 2967
2343 2972
2344 2973
2345 2974
2346 2975
2347 2976
2348 2977
2349 2978
2350 2979
2351 2980
2352 2981
2353 2982
2354 2983
2355 2984
2356 2985
2357 2986
2358 2987
2359 2988
2360 2989
2361 2990
2362 2991
2363 2992
2364 2993
2365 2994
2366 2995
2367 2996
2368 2997
2369 2998
2370 2999
2371 3000
2372 3001
2373 3002
2374 3003
2375 3004
2376 3005
2377 3006
2378 3012
2379 3013
2380 3014
2381 3015
2382 3016
2383 3017
2384 3018
2385 3019
2386 3020
2387 3021
2388 3022
2389 3023
2390 3024
2391 3025
2392 3026
2393 3027
2394 3032
2395 3033
2396 3034
2397 3035
2398 3036
2399 3037
2400 3038
2401 3039
2402 3040
2403 3041
2404 3042
2405 3043
2406 3044
2407 3045
2408 3052
2409 3053
2410 3054
2411 3055
2412 3056
2413 3057
2414 3058
2415 3059
2416 3060
2417 3061
2418 3062
2419 3063
2420 3064
2421 3065
2422 3066
2423 3067
2424 3068
2425 3069
2426 3070
2427 3071
2428 3072
2429 3073
2430 3074
2431 3075
2432 3076
2433 3077
2434 3078
2435 3079
2436 3080
2437 3081
2438 3082
2439 3083
2440 3084
2441 3085
2442 3086
2443 3087
2444 3088
2445 3092
2446 3093
2447 3094
2448 3095
2449 3096
2450 3097
2451 3098
2452 3099
2453 3100
2454 3101
2455 3102
2456 3103
2457 3104
2458 3105
2459 3106
2460 3107
2461 3108
2462 3109
2463 3112
2464 3113
2465 3114
2466 3115
2467 3116
2468 3117
2469 3118
2470 3119
2471 3120
2472 3121
2473 3122
2474 3123
2475 3124
2476 3125
2477 3126
2478 3127
2479 3128
2480 3129
2481 3130
2482 3132
2483 3133
2484 3134
2485 3135
2486 3136
2487 3137
2488 3138
2489 3139
2490 3140
2491 3141
2492 3142
2493 3143
2494 3144
2495 3145
2496 3152
2497 3153
2498 3154
2499 3155
2500 3156
2501 3157
2502 3158
2503 3159
2504 3160
2505 3161
2506 3162
2507 3163
2508 3164
2509 3165
2510 3166
2511 3172
2512 3173
2513 3174
2514 3175
2515 3176
2516 3177
2517 3178
2518 3179
2519 3180
2520 3181
2521 3182
2522 3183
2523 3184
2524 3192
2525 3193
2526 3194
2527 3195
2528 3196
2529 3197
2530 3198
2531 3199
2532 3200
2533 3201
2534 3202
2535 3203
2536 3204
2537 3205
2538 3206
2539 3207
2540 3208
2541 3209
2542 3210
2543 3212
2544 3213
2545 3214
2546 3215
2547 3216
2548 3217
2549 3218
2550 3219
2551 3220
2552 3221
2553 3222
2554 3223
2555 3224
2556 3225
2557 3226
2558 3227
2559 3232
2560 3233
2561 3234
2562 3235
2563 3236
2564 3237
2565 3238
2566 3239
2567 3240
2568 3241
2569 3242
2570 3243
2571 3244
2572 3245
2573 3246
2574 3252
2575 3253
2576 3254
2577 3255
2578 3256
2579 3257
2580 3258
2581 3259
2582 3260
2583 3261
2584 3262
2585 3263
2586 3264
2587 3265
2588 3266
2589 3267
2590 3268
2591 3269
2592 3272
2593 3273
2594 3274
2595 3275
2596 3276
2597 3277
2598 3278
2599 3279
2600 3280
2601 3281
2602 3282
2603 3283
2604 3284
2605 3285
2606 3286
2607 3287
2608 3292
2609 3293
2610 3294
2611 3295
2612 3296
2613 3297
2614 3298
2615 3299
2616 3300
2617 3301
2618 3302
2619 3303
2620 3304
2621 3305
2622 3306
2623 3307
2624 3308
2625 3309
2626 3312
2627 3313
2628 3314
2629 3315
2630 3316
2631 3317
2632 3318
2633 3319
2634 3320
2635 3321
2636 3322
2637 3323
2638 3324
2639 3325
2640 3326
2641 3327
2642 3328
2643 3332
2644 3333
2645 3334
2646 3335
2647 3336
2648 3337
2649 3338
2650 3339
2651 3340
2652 3341
2653 3342
2654 3343
2655 3344
2656 3345
2657 3346
2658 3347
2659 3348
2660 3352
2661 3353
2662 3354
2663 3355
2664 3356
2665 3357
2666 3358
2667 3359
2668 3360
2669 3361
2670 3362
2671 3363
2672 3364
2673 3365
2674 3366
2675 3367
2676 3368
2677 3369
2678 3372
2679 3373
2680 3374
2681 3375
2682 3376
2683 3377
2684 3378
2685 3379
2686 3380
2687 3381
2688 3382
2689 3383
2690 3384
2691 3385
2692 3386
2693 3387
2694 3388
2695 3389
2696 3392
2697 3393
2698 3394
2699 3395
2700 3396
2701 3397
2702 3398
2703 3399
2704 3400
2705 3401
2706 3402
2707 3403
2708 3404
2709 3405
2710 3406
2711 3407
2712 3412
2713 3413
2714 3414
2715 3415
2716 3416
2717 3417
2718 3418
2719 3419
2720 3420
2721 3421
2722 3422
2723 3423
2724 3424
2725 3425
2726 3432
2727 3433
2728 3434
2729 3435
2730 3436
2731 3437
2732 3438
2733 3439
2734 3440
2735 3441
2736 3442
2737 3443
2738 3444
2739 3445
2740 3446
2741 3447
2742 3448
2743 3449
2744 3452
2745 3453
2746 3454
2747 3455
2748 3456
2749 3457
2750 3458
2751 3459
2752 3460
2753 3461
2754 3462
2755 3463
2756 3464
2757 3465
2758 3466
2759 3467
2760 3472
2761 3473
2762 3474
2763 3475
2764 3476
2765 3477
2766 3478
2767 3479
2768 3480
2769 3481
2770 3482
2771 3483
2772 3484
2773 3485
2774 3486
2775 3492
2776 3493
2777 3494
2778 3495
2779 3496
2780 3497
2781 3498
2782 3499
2783 3500
2784 3501
2785 3502
2786 3503
2787 3504
2788 3512
2789 3513
2790 3514
2791 3515
2792 3516
2793 3517
2794 3518
2795 3519
2796 3520
2797 3521
2798 3522
2799 3523
2800 3524
2801 3525
2802 3526
2803 3527
2804 3532
2805 3533
2806 3534
2807 3535
2808 3536
2809 3537
2810 3538
2811 3539
2812 3540
2813 3541
2814 3542
2815 3543
2816 3544
2817 3545
2818 3552
2819 3553
2820 3554
2821 3555
2822 3556
2823 3557
2824 3558
2825 3559
2826 3560
2827 3561
2828 3562
2829 3563
2830 3564
2831 3565
2832 3566
2833 3567
2834 3568
2835 3569
2836 3570
2837 3571
2838 3572
2839 3573
2840 3574
2841 3575
2842 3576
2843 3577
2844 3578
2845 3579
2846 3580
2847 3581
2848 3582
2849 3583
2850 3584
2851 3585
2852 3586
2853 3587
2854 3592
2855 3593
2856 3594
2857 3595
2858 3596
2859 3597
2860 3598
2861 3599
2862 3600
2863 3601
2864 3602
2865 3603
2866 3604
2867 3605
2868 3606
2869 3607
2870 3612
2871 3613
2872 3614
2873 3615
2874 3616
2875 3617
2876 3618
2877 3619
2878 3620
2879 3621
2880 3622
2881 3623
2882 3624
2883 3625
2884 3626
2885 3627
2886 3632
2887 3633
2888 3634
2889 3635
2890 3636
2891 3637
2892 3638
2893 3639
2894 3640
2895 3641
2896 3642
2897 3643
2898 3644
2899 3645
2900 3646
2901 3647
2902 3652
2903 3653
2904 3654
2905 3655
2906 3656
2907 3657
2908 3658
2909 3659
2910 3660
2911 3661
2912 3662
2913 3663
2914 3664
2915 3665
2916 3666
2917 3667
2918 3668
2919 3669
2920 3670
2921 3671
2922 3672
2923 3673
2924 3674
2925 3675
2926 3676
2927 3677
2928 3678
2929 3679
2930 3680
2931 3681
2932 3682
2933 3683
2934 3684
2935 3685
2936 3686
2937 3687
2938 3688
2939 3689
2940 3692
2941 3693
2942 3694
2943 3695
2944 3696
2945 3697
2946 3698
2947 3699
2948 3700
2949 3701
2950 3702
2951 3703
2952 3704
2953 3705
2954 3706
2955 3707
2956 3712
2957 3713
2958 3714
2959 3715
2960 3716
2961 3717
2962 3718
2963 3719
2964 3720
2965 3721
2966 3722
2967 3723
2968 3724
2969 3725
2970 3726
2971 3727
2972 3728
2973 3729
2974 3730
2975 3732
2976 3733
2977 3734
2978 3735
2979 3736
2980 3737
2981 3738
2982 3739
2983 3740
2984 3741
2985 3742
2986 3743
2987 3744
2988 3745
2989 3746
2990 3747
2991 3748
2992 3749
2993 3750
2994 3752
2995 3753
2996 3754
2997 3755
2998 3756
2999 3757
3000 3758
3001 3759
3002 3760
3003 3761
3004 3762
3005 3763
3006 3764
3007 3765
3008 3766
3009 3767
3010 3772
3011 3773
3012 3774
3013 3775
3014 3776
3015 3777
3016 3778
3017 3779
3018 3780
3019 3781
3020 3782
3021 3783
3022 3784
3023 3785
3024 3786
3025 3787
3026 3788
3027 3789
3028 3790
3029 3792
3030 3793
3031 3794
3032 3795
3033 3796
3034 3797
3035 3798
3036 3799
3037 3800
3038 3801
3039 3802
3040 3803
3041 3804
3042 3805
3043 3806
3044 3807
3045 3808
3046 3812
3047 3813
3048 3814
3049 3815
3050 3816
3051 3817
3052 3818
3053 3819
3054 3820
3055 3821
3056 3822
3057 3823
3058 3824
3059 3825
3060 3826
3061 3827
3062 3828
3063 3832
3064 3833
3065 3834
3066 3835
3067 3836
3068 3837
3069 3838
3070 3839
3071 3840
3072 3841
3073 3842
3074 3843
3075 3844
3076 3845
3077 3852
3078 3853
3079 3854
3080 3855
3081 3856
3082 3857
3083 3858
3084 3859
3085 3860
3086 3861
3087 3862
3088 3863
3089 3864
3090 3865
3091 3866
3092 3867
3093 3872
3094 3873
