0 0
1 7
2 8
3 9
4 10
5 11
6 12
7 13
8 14
9 15
10 16
11 17
12 18
13 19
14 20
15 21
16 22
17 23
18 24
19 27
20 28
21 29
22 30
23 31
24 32
25 33
26 34
27 35
28 36
29 37
30 38
31 39
32 40
33 41
34 42
35 43
36 44
37 45
38 47
39 48
40 49
41 50
42 51
43 52
44 53
45 54
46 55
47 56
48 57
49 58
50 59
51 60
52 61
53 62
54 67
55 68
56 69
57 70
58 71
59 72
60 73
61 74
62 75
63 76
64 77
65 78
66 79
67 80
68 81
69 82
70 83
71 84
72 85
73 87
74 88
75 89
76 90
77 91
78 92
79 93
80 94
81 95
82 96
83 97
84 98
85 99
86 100
87 101
88 107
89 108
90 109
91 110
92 111
93 112
94 113
95 114
96 115
97 116
98 117
99 118
100 119
101 120
102 121
103 122
104 123
105 127
106 128
107 129
108 130
109 131
110 132
111 133
112 134
113 135
114 136
115 137
116 138
117 139
118 140
119 141
120 142
121 147
122 148
123 149
124 150
125 151
126 152
127 153
128 154
129 155
130 156
131 157
132 158
133 159
134 160
135 161
136 162
137 167
138 168
139 169
140 170
141 171
142 172
143 173
144 174
145 175
146 176
147 177
148 178
149 179
150 187
151 188
152 189
153 190
154 191
155 192
156 193
157 194
158 195
159 196
160 197
161 198
162 199
163 200
164 207
165 208
166 209
167 210
168 211
169 212
170 213
171 214
172 215
173 216
174 217
175 218
176 219
177 220
178 221
179 222
180 223
181 224
182 227
183 228
184 229
185 230
186 231
187 232
188 233
189 234
190 235
191 236
192 237
193 238
194 239
195 240
196 241
197 242
198 243
199 244
200 245
201 247
202 248
203 249
204 250
205 251
206 252
207 253
208 254
209 255
210 256
211 257
212 258
213 259
214 260
215 261
216 262
217 263
218 264
219 267
220 268
221 269
222 270
223 271
224 272
225 273
226 274
227 275
228 276
229 277
230 278
231 279
232 280
233 281
234 282
235 287
236 288
237 289
238 290
239 291
240 292
241 293
242 294
243 295
244 296
245 297
246 298
247 299
248 300
249 301
250 302
251 303
252 304
253 305
254 306
255 307
256 308
257 309
258 310
259 311
260 312
261 313
262 314
263 315
264 316
265 317
266 318
267 319
268 320
269 321
270 322
271 323
272 327
273 328
274 329
275 330
276 331
277 332
278 333
279 334
280 335
281 336
282 337
283 338
284 339
285 340
286 341
287 342
288 343
289 344
290 347
291 348
292 349
293 350
294 351
295 352
296 353
297 354
298 355
299 356
300 357
301 358
302 359
303 360
304 361
305 362
306 367
307 368
308 369
309 370
310 371
311 372
312 373
313 374
314 375
315 376
316 377
317 378
318 379
319 380
320 381
321 387
322 388
323 389
324 390
325 391
326 392
327 393
328 394
329 395
330 396
331 397
332 398
333 399
334 400
335 401
336 402
337 407
338 408
339 409
340 410
341 411
342 412
343 413
344 414
345 415
346 416
347 417
348 418
349 419
350 420
351 421
352 422
353 427
354 428
355 429
356 430
357 431
358 432
359 433
360 434
361 435
362 436
363 437
364 438
365 439
366 440
367 441
368 442
369 443
370 444
371 445
372 447
373 448
374 449
375 450
376 451
377 452
378 453
379 454
380 455
381 456
382 457
383 458
384 459
385 460
386 461
387 467
388 468
389 469
390 470
391 471
392 472
393 473
394 474
395 475
396 476
397 477
398 478
399 479
400 480
401 481
402 482
403 483
404 484
405 487
406 488
407 489
408 490
409 491
410 492
411 493
412 494
413 495
414 496
415 497
416 498
417 499
418 500
419 501
420 502
421 503
422 507
423 508
424 509
425 510
426 511
427 512
428 513
429 514
430 515
431 516
432 517
433 518
434 519
435 520
436 521
437 522
438 523
439 524
440 525
441 527
442 528
443 529
444 530
445 531
446 532
447 533
448 534
449 535
450 536
451 537
452 538
453 539
454 540
455 541
456 542
457 543
458 544
459 545
460 547
461 548
462 549
463 550
464 551
465 552
466 553
467 554
468 555
469 556
470 557
471 558
472 559
473 560
474 561
475 562
476 567
477 568
478 569
479 570
480 571
481 572
482 573
483 574
484 575
485 576
486 577
487 578
488 579
489 580
490 581
491 582
492 583
493 584
494 585
495 587
496 588
497 589
498 590
499 591
500 592
501 593
502 594
503 595
504 596
505 597
506 598
507 599
508 600
509 601
510 602
511 603
512 604
513 605
514 606
515 607
516 608
517 609
518 610
519 611
520 612
521 613
522 614
523 615
524 616
525 617
526 618
527 619
528 620
529 621
530 622
531 623
532 624
533 627
534 628
535 629
536 630
537 631
538 632
539 633
540 634
541 635
542 636
543 637
544 638
545 639
546 640
547 641
548 642
549 643
550 644
551 645
552 646
553 647
554 648
555 649
556 650
557 651
558 652
559 653
560 654
561 655
562 656
563 657
564 658
565 659
566 660
567 661
568 662
569 663
570 664
571 665
572 666
573 667
574 668
575 669
576 670
577 671
578 672
579 673
580 674
581 675
582 676
583 677
584 687
585 688
586 689
587 690
588 691
589 692
590 693
591 694
592 695
593 696
594 697
595 698
596 699
597 700
598 701
599 707
600 708
601 709
602 710
603 711
604 712
605 713
606 714
607 715
608 716
609 717
610 718
611 719
612 720
613 721
614 727
615 728
616 729
617 730
618 731
619 732
620 733
621 734
622 735
623 736
624 737
625 738
626 739
627 740
628 741
629 742
630 743
631 747
632 748
633 749
634 750
635 751
636 752
637 753
638 754
639 755
640 756
641 757
642 758
643 759
644 760
645 761
646 762
647 763
648 764
649 767
650 768
651 769
652 770
653 771
654 772
655 773
656 774
657 775
658 776
659 777
660 778
661 779
662 780
663 787
664 788
665 789
666 790
667 791
668 792
669 793
670 794
671 795
672 796
673 797
674 798
675 799
676 800
677 801
678 802
679 803
680 804
681 807
682 808
683 809
684 810
685 811
686 812
687 813
688 814
689 815
690 816
691 817
692 818
693 819
694 820
695 821
696 827
697 828
698 829
699 830
700 831
701 832
702 833
703 834
704 835
705 836
706 837
707 838
708 839
709 840
710 841
711 842
712 843
713 844
714 847
715 848
716 849
717 850
718 851
719 852
720 853
721 854
722 855
723 856
724 857
725 858
726 859
727 860
728 861
729 862
730 863
731 867
732 868
733 869
734 870
735 871
736 872
737 873
738 874
739 875
740 876
741 877
742 878
743 879
744 880
745 881
746 887
747 888
748 889
749 890
750 891
751 892
752 893
753 894
754 895
755 896
756 897
757 898
758 899
759 900
760 901
761 902
762 903
763 904
764 905
765 907
766 908
767 909
768 910
769 911
770 912
771 913
772 914
773 915
774 916
775 917
776 918
777 919
778 920
779 921
780 922
781 923
782 927
783 928
784 929
785 930
786 931
787 932
788 933
789 934
790 935
791 936
792 937
793 938
794 939
795 940
796 941
797 942
798 947
799 948
800 949
801 950
802 951
803 952
804 953
805 954
806 955
807 956
808 957
809 958
810 959
811 960
812 961
813 962
814 963
815 967
816 968
817 969
818 970
819 971
820 972
821 973
822 974
823 975
824 976
825 977
826 978
827 979
828 980
829 981
830 982
831 983
832 987
833 988
834 989
835 990
836 991
837 992
838 993
839 994
840 995
841 996
842 997
843 998
844 999
845 1000
846 1001
847 1002
848 1003
849 1007
850 1008
851 1009
852 1010
853 1011
854 1012
855 1013
856 1014
857 1015
858 1016
859 1017
860 1018
861 1019
862 1020
863 1021
864 1022
865 1023
866 1024
867 1027
868 1028
869 1029
870 1030
871 1031
872 1032
873 1033
874 1034
875 1035
876 1036
877 1037
878 1038
879 1039
880 1040
881 1041
882 1047
883 1048
884 1049
885 1050
886 1051
887 1052
888 1053
889 1054
890 1055
891 1056
892 1057
893 1058
894 1059
895 1060
896 1061
897 1062
898 1067
899 1068
900 1069
901 1070
902 1071
903 1072
904 1073
905 1074
906 1075
907 1076
908 1077
909 1078
910 1079
911 1080
912 1081
913 1082
914 1083
915 1087
916 1088
917 1089
918 1090
919 1091
920 1092
921 1093
922 1094
923 1095
924 1096
925 1097
926 1098
927 1099
928 1100
929 1107
930 1108
931 1109
932 1110
933 1111
934 1112
935 1113
936 1114
937 1115
938 1116
939 1117
940 1118
941 1119
942 1120
943 1121
944 1127
945 1128
946 1129
947 1130
948 1131
949 1132
950 1133
951 1134
952 1135
953 1136
954 1137
955 1138
956 1139
957 1147
958 1148
959 1149
960 1150
961 1151
962 1152
963 1153
964 1154
965 1155
966 1156
967 1157
968 1158
969 1159
970 1160
971 1161
972 1167
973 1168
974 1169
975 1170
976 1171
977 1172
978 1173
979 1174
980 1175
981 1176
982 1177
983 1178
984 1179
985 1180
986 1181
987 1182
988 1187
989 1188
990 1189
991 1190
992 1191
993 1192
994 1193
995 1194
996 1195
997 1196
998 1197
999 1198
1000 1199
1001 1200
1002 1201
1003 1207
1004 1208
1005 1209
1006 1210
1007 1211
1008 1212
1009 1213
1010 1214
1011 1215
1012 1216
1013 1217
1014 1218
1015 1219
1016 1220
1017 1221
1018 1222
1019 1223
1020 1224
1021 1227
1022 1228
1023 1229
1024 1230
1025 1231
1026 1232
1027 1233
1028 1234
1029 1235
1030 1236
1031 1237
1032 1238
1033 1239
1034 1240
1035 1241
1036 1242
1037 1243
1038 1244
1039 1245
1040 1247
1041 1248
1042 1249
1043 1250
1044 1251
1045 1252
1046 1253
1047 1254
1048 1255
1049 1256
1050 1257
1051 1267
1052 1268
1053 1269
1054 1270
1055 1271
1056 1272
1057 1273
1058 1274
1059 1275
1060 1276
1061 1277
1062 1278
1063 1279
1064 1280
1065 1287
1066 1288
1067 1289
1068 1290
1069 1291
1070 1292
1071 1293
1072 1294
1073 1295
1074 1296
1075 1297
1076 1298
1077 1299
1078 1300
1079 1307
1080 1308
1081 1309
1082 1310
1083 1311
1084 1312
1085 1313
1086 1314
1087 1315
1088 1316
1089 1317
1090 1318
1091 1319
1092 1320
1093 1321
1094 1327
1095 1328
1096 1329
1097 1330
1098 1331
1099 1332
1100 1333
1101 1334
1102 1335
1103 1336
1104 1337
1105 1338
1106 1339
1107 1340
1108 1341
1109 1342
1110 1347
1111 1348
1112 1349
1113 1350
1114 1351
1115 1352
1116 1353
1117 1354
1118 1355
1119 1356
1120 1357
1121 1358
1122 1359
1123 1360
1124 1367
1125 1368
1126 1369
1127 1370
1128 1371
1129 1372
1130 1373
1131 1374
1132 1375
1133 1376
1134 1377
1135 1378
1136 1379
1137 1380
1138 1381
1139 1382
1140 1383
1141 1387
1142 1388
1143 1389
1144 1390
1145 1391
1146 1392
1147 1393
1148 1394
1149 1395
1150 1396
1151 1397
1152 1398
1153 1399
1154 1400
1155 1401
1156 1402
1157 1407
1158 1408
1159 1409
1160 1410
1161 1411
1162 1412
1163 1413
1164 1414
1165 1415
1166 1416
1167 1417
1168 1427
1169 1428
1170 1429
1171 1430
1172 1431
1173 1432
1174 1433
1175 1434
1176 1435
1177 1436
1178 1437
1179 1438
1180 1439
1181 1440
1182 1447
1183 1448
1184 1449
1185 1450
1186 1451
1187 1452
1188 1453
1189 1454
1190 1455
1191 1456
1192 1457
1193 1458
1194 1459
1195 1460
1196 1461
1197 1462
1198 1463
1199 1467
1200 1468
1201 1469
1202 1470
1203 1471
1204 1472
1205 1473
1206 1474
1207 1475
1208 1476
1209 1477
1210 1478
1211 1479
1212 1480
1213 1481
1214 1482
1215 1483
1216 1487
1217 1488
1218 1489
1219 1490
1220 1491
1221 1492
1222 1493
1223 1494
1224 1495
1225 1496
1226 1497
1227 1498
1228 1499
1229 1500
1230 1501
1231 1502
1232 1503
1233 1507
1234 1508
1235 1509
1236 1510
1237 1511
1238 1512
1239 1513
1240 1514
1241 1515
1242 1516
1243 1517
1244 1518
1245 1519
1246 1520
1247 1521
1248 1522
1249 1523
1250 1527
1251 1528
1252 1529
1253 1530
1254 1531
1255 1532
1256 1533
1257 1534
1258 1535
1259 1536
1260 1537
1261 1538
1262 1539
1263 1540
1264 1541
1265 1542
1266 1543
1267 1544
1268 1545
1269 1547
1270 1548
1271 1549
1272 1550
1273 1551
1274 1552
1275 1553
1276 1554
1277 1555
1278 1556
1279 1557
1280 1558
1281 1559
1282 1560
1283 1561
1284 1562
1285 1563
1286 1564
1287 1567
1288 1568
1289 1569
1290 1570
1291 1571
1292 1572
1293 1573
1294 1574
1295 1575
1296 1576
1297 1577
1298 1578
1299 1579
1300 1580
1301 1581
1302 1582
1303 1583
1304 1584
1305 1585
1306 1587
1307 1588
1308 1589
1309 1590
1310 1591
1311 1592
1312 1593
1313 1594
1314 1595
1315 1596
1316 1597
1317 1598
1318 1599
1319 1600
1320 1601
1321 1602
1322 1603
1323 1604
1324 1605
1325 1607
1326 1608
1327 1609
1328 1610
1329 1611
1330 1612
1331 1613
1332 1614
1333 1615
1334 1616
1335 1617
1336 1618
1337 1619
1338 1620
1339 1621
1340 1622
1341 1627
1342 1628
1343 1629
1344 1630
1345 1631
1346 1632
1347 1633
1348 1634
1349 1635
1350 1636
1351 1637
1352 1638
1353 1639
1354 1640
1355 1641
1356 1642
1357 1643
1358 1644
1359 1645
1360 1647
1361 1648
1362 1649
1363 1650
1364 1651
1365 1652
1366 1653
1367 1654
1368 1655
1369 1656
1370 1657
1371 1658
1372 1659
1373 1660
1374 1661
1375 1662
1376 1663
1377 1664
1378 1667
1379 1668
1380 1669
1381 1670
1382 1671
1383 1672
1384 1673
1385 1674
1386 1675
1387 1676
1388 1677
1389 1678
1390 1679
1391 1680
1392 1681
1393 1682
1394 1683
1395 1687
1396 1688
1397 1689
1398 1690
1399 1691
1400 1692
1401 1693
1402 1694
1403 1695
1404 1696
1405 1697
1406 1698
1407 1699
1408 1707
1409 1708
1410 1709
1411 1710
1412 1711
1413 1712
1414 1713
1415 1714
1416 1715
1417 1716
1418 1717
1419 1718
1420 1719
1421 1720
1422 1727
1423 1728
1424 1729
1425 1730
1426 1731
1427 1732
1428 1733
1429 1734
1430 1735
1431 1736
1432 1737
1433 1738
1434 1739
1435 1740
1436 1741
1437 1742
1438 1743
1439 1747
1440 1748
1441 1749
1442 1750
1443 1751
1444 1752
1445 1753
1446 1754
1447 1755
1448 1756
1449 1757
1450 1758
1451 1759
1452 1760
1453 1761
1454 1762
1455 1763
1456 1767
1457 1768
1458 1769
1459 1770
1460 1771
1461 1772
1462 1773
1463 1774
1464 1775
1465 1776
1466 1777
1467 1778
1468 1779
1469 1780
1470 1787
1471 1788
1472 1789
1473 1790
1474 1791
1475 1792
1476 1793
1477 1794
1478 1795
1479 1796
1480 1797
1481 1798
1482 1799
1483 1800
1484 1807
1485 1808
1486 1809
1487 1810
1488 1811
1489 1812
1490 1813
1491 1814
1492 1815
1493 1816
1494 1817
1495 1818
1496 1819
1497 1827
1498 1828
1499 1829
1500 1830
1501 1831
1502 1832
1503 1833
1504 1834
1505 1835
1506 1836
1507 1837
1508 1838
1509 1839
1510 1840
1511 1841
1512 1842
1513 1843
1514 1844
1515 1847
1516 1848
1517 1849
1518 1850
1519 1851
1520 1852
1521 1853
1522 1854
1523 1855
1524 1856
1525 1857
1526 1858
1527 1859
1528 1860
1529 1861
1530 1862
1531 1863
1532 1864
1533 1867
1534 1868
1535 1869
1536 1870
1537 1871
1538 1872
1539 1873
1540 1874
1541 1875
1542 1876
1543 1877
1544 1878
1545 1879
1546 1880
1547 1881
1548 1882
1549 1883
1550 1887
1551 1888
1552 1889
1553 1890
1554 1891
1555 1892
1556 1893
1557 1894
1558 1895
1559 1896
1560 1897
1561 1898
1562 1899
1563 1900
1564 1901
1565 1902
1566 1903
1567 1904
1568 1905
1569 1907
1570 1908
1571 1909
1572 1910
1573 1911
1574 1912
1575 1913
1576 1914
1577 1915
1578 1916
1579 1917
1580 1918
1581 1919
1582 1920
1583 1921
1584 1927
1585 1928
1586 1929
1587 1930
1588 1931
1589 1932
1590 1933
1591 1934
1592 1935
1593 1936
1594 1937
1595 1938
1596 1939
1597 1940
1598 1941
1599 1942
1600 1943
1601 1947
1602 1948
1603 1949
1604 1950
1605 1951
1606 1952
1607 1953
1608 1954
1609 1955
1610 1956
1611 1957
1612 1958
1613 1959
1614 1960
1615 1961
1616 1962
1617 1963
1618 1967
1619 1968
1620 1969
1621 1970
1622 1971
1623 1972
1624 1973
1625 1974
1626 1975
1627 1976
1628 1977
1629 1978
1630 1979
1631 1980
1632 1981
1633 1987
1634 1988
1635 1989
1636 1990
1637 1991
1638 1992
1639 1993
1640 1994
1641 1995
1642 1996
1643 1997
1644 1998
1645 1999
1646 2000
1647 2001
1648 2002
1649 2003
1650 2004
1651 2005
1652 2007
1653 2008
1654 2009
1655 2010
1656 2011
1657 2012
1658 2013
1659 2014
1660 2015
1661 2016
1662 2017
1663 2018
1664 2019
1665 2020
1666 2027
1667 2028
1668 2029
1669 2030
1670 2031
1671 2032
1672 2033
1673 2034
1674 2035
1675 2036
1676 2037
1677 2038
1678 2039
1679 2040
1680 2041
1681 2042
1682 2043
1683 2044
1684 2047
1685 2048
1686 2049
1687 2050
1688 2051
1689 2052
1690 2053
1691 2054
1692 2055
1693 2056
1694 2057
1695 2058
1696 2067
1697 2068
1698 2069
1699 2070
1700 2071
1701 2072
1702 2073
1703 2074
1704 2075
1705 2076
1706 2077
1707 2078
1708 2079
1709 2080
1710 2081
1711 2087
1712 2088
1713 2089
1714 2090
1715 2091
1716 2092
1717 2093
1718 2094
1719 2095
1720 2096
1721 2097
1722 2098
1723 2107
1724 2108
1725 2109
1726 2110
1727 2111
1728 2112
1729 2113
1730 2114
1731 2115
1732 2116
1733 2117
1734 2118
1735 2119
1736 2120
1737 2121
1738 2127
1739 2128
1740 2129
1741 2130
1742 2131
1743 2132
1744 2133
1745 2134
1746 2135
1747 2136
1748 2137
1749 2138
1750 2139
1751 2140
1752 2141
1753 2142
1754 2143
1755 2147
1756 2148
1757 2149
1758 2150
1759 2151
1760 2152
1761 2153
1762 2154
1763 2155
1764 2156
1765 2157
1766 2158
1767 2159
1768 2160
1769 2161
1770 2162
1771 2163
1772 2167
1773 2168
1774 2169
1775 2170
1776 2171
1777 2172
1778 2173
1779 2174
1780 2175
1781 2176
1782 2177
1783 2178
1784 2179
1785 2180
1786 2181
1787 2187
1788 2188
1789 2189
1790 2190
1791 2191
1792 2192
1793 2193
1794 2194
1795 2195
1796 2196
1797 2197
1798 2198
1799 2199
1800 2200
1801 2201
1802 2202
1803 2207
1804 2208
1805 2209
1806 2210
1807 2211
1808 2212
1809 2213
1810 2214
1811 2215
1812 2216
1813 2217
1814 2218
1815 2219
1816 2227
1817 2228
1818 2229
1819 2230
1820 2231
1821 2232
1822 2233
1823 2234
1824 2235
1825 2236
1826 2237
1827 2238
1828 2239
1829 2240
1830 2241
1831 2242
1832 2243
1833 2244
1834 2245
1835 2247
1836 2248
1837 2249
1838 2250
1839 2251
1840 2252
1841 2253
1842 2254
1843 2255
1844 2256
1845 2257
1846 2258
1847 2259
1848 2260
1849 2261
1850 2262
1851 2263
1852 2264
1853 2267
1854 2268
1855 2269
1856 2270
1857 2271
1858 2272
1859 2273
1860 2274
1861 2275
1862 2276
1863 2277
1864 2278
1865 2279
1866 2280
1867 2281
1868 2282
1869 2283
1870 2284
1871 2285
1872 2286
1873 2287
1874 2288
1875 2289
1876 2290
1877 2291
1878 2292
1879 2293
1880 2294
1881 2295
1882 2296
1883 2297
1884 2307
1885 2308
1886 2309
1887 2310
1888 2311
1889 2312
1890 2313
1891 2314
1892 2315
1893 2316
1894 2317
1895 2318
1896 2319
1897 2320
1898 2321
1899 2327
1900 2328
1901 2329
1902 2330
1903 2331
1904 2332
1905 2333
1906 2334
1907 2335
1908 2336
1909 2337
1910 2338
1911 2339
1912 2340
1913 2341
1914 2342
1915 2343
1916 2347
1917 2348
1918 2349
1919 2350
1920 2351
1921 2352
1922 2353
1923 2354
1924 2355
1925 2356
1926 2357
1927 2358
1928 2359
1929 2360
1930 2361
1931 2362
1932 2363
1933 2364
1934 2367
1935 2368
1936 2369
1937 2370
1938 2371
1939 2372
1940 2373
1941 2374
1942 2375
1943 2376
1944 2377
1945 2378
1946 2379
1947 2380
1948 2381
1949 2382
1950 2383
1951 2384
1952 2387
1953 2388
1954 2389
1955 2390
1956 2391
1957 2392
1958 2393
1959 2394
1960 2395
1961 2396
1962 2397
1963 2398
1964 2399
1965 2400
1966 2407
1967 2408
1968 2409
1969 2410
1970 2411
1971 2412
1972 2413
1973 2414
1974 2415
1975 2416
1976 2417
1977 2418
1978 2419
1979 2420
1980 2421
1981 2422
1982 2423
1983 2427
1984 2428
1985 2429
1986 2430
1987 2431
1988 2432
1989 2433
1990 2434
1991 2435
1992 2436
1993 2437
1994 2438
1995 2439
1996 2440
1997 2441
1998 2442
1999 2447
2000 2448
2001 2449
2002 2450
2003 2451
2004 2452
2005 2453
2006 2454
2007 2455
2008 2456
2009 2457
2010 2458
2011 2459
2012 2460
2013 2461
2014 2462
2015 2467
2016 2468
2017 2469
2018 2470
2019 2471
2020 2472
2021 2473
2022 2474
2023 2475
2024 2476
2025 2477
2026 2478
2027 2479
2028 2480
2029 2481
2030 2482
2031 2487
2032 2488
2033 2489
2034 2490
2035 2491
2036 2492
2037 2493
2038 2494
2039 2495
2040 2496
2041 2497
2042 2498
2043 2499
2044 2500
2045 2501
2046 2502
2047 2507
2048 2508
2049 2509
2050 2510
2051 2511
2052 2512
2053 2513
2054 2514
2055 2515
2056 2516
2057 2517
2058 2518
2059 2519
2060 2520
2061 2521
2062 2522
2063 2527
2064 2528
2065 2529
2066 2530
2067 2531
2068 2532
2069 2533
2070 2534
2071 2535
2072 2536
2073 2537
2074 2538
2075 2539
2076 2540
2077 2541
2078 2542
2079 2547
2080 2548
2081 2549
2082 2550
2083 2551
2084 2552
2085 2553
2086 2554
2087 2555
2088 2556
2089 2557
2090 2558
2091 2559
2092 2560
2093 2561
2094 2562
2095 2563
2096 2567
2097 2568
2098 2569
2099 2570
2100 2571
2101 2572
2102 2573
2103 2574
2104 2575
2105 2576
2106 2577
2107 2578
2108 2579
2109 2580
2110 2587
2111 2588
2112 2589
2113 2590
2114 2591
2115 2592
2116 2593
2117 2594
2118 2595
2119 2596
2120 2597
2121 2598
2122 2599
2123 2600
2124 2601
2125 2607
2126 2608
2127 2609
2128 2610
2129 2611
2130 2612
2131 2613
2132 2614
2133 2615
2134 2616
2135 2617
2136 2618
2137 2619
2138 2620
2139 2621
2140 2622
2141 2627
2142 2628
2143 2629
2144 2630
2145 2631
2146 2632
2147 2633
2148 2634
2149 2635
2150 2636
2151 2637
2152 2638
2153 2639
2154 2640
2155 2641
2156 2642
2157 2643
2158 2647
2159 2648
2160 2649
2161 2650
2162 2651
2163 2652
2164 2653
2165 2654
2166 2655
2167 2656
2168 2657
2169 2658
2170 2659
2171 2660
2172 2667
2173 2668
2174 2669
2175 2670
2176 2671
2177 2672
2178 2673
2179 2674
2180 2675
2181 2676
2182 2677
2183 2678
2184 2679
2185 2680
2186 2681
2187 2687
2188 2688
2189 2689
2190 2690
2191 2691
2192 2692
2193 2693
2194 2694
2195 2695
2196 2696
2197 2697
2198 2698
2199 2699
2200 2700
2201 2701
2202 2707
2203 2708
2204 2709
2205 2710
2206 2711
2207 2712
2208 2713
2209 2714
2210 2715
2211 2716
2212 2717
2213 2718
2214 2719
2215 2720
2216 2721
2217 2722
2218 2723
2219 2724
2220 2727
2221 2728
2222 2729
2223 2730
2224 2731
2225 2732
2226 2733
2227 2734
2228 2735
2229 2736
2230 2737
2231 2738
2232 2739
2233 2740
2234 2741
2235 2742
2236 2747
2237 2748
2238 2749
2239 2750
2240 2751
2241 2752
2242 2753
2243 2754
2244 2755
2245 2756
2246 2757
2247 2758
2248 2759
2249 2760
2250 2761
2251 2762
2252 2763
2253 2764
2254 2767
2255 2768
2256 2769
2257 2770
2258 2771
2259 2772
2260 2773
2261 2774
2262 2775
2263 2776
2264 2777
2265 2778
2266 2779
2267 2787
2268 2788
2269 2789
2270 2790
2271 2791
2272 2792
2273 2793
2274 2794
2275 2795
2276 2796
2277 2797
2278 2798
2279 2799
2280 2800
2281 2807
2282 2808
2283 2809
2284 2810
2285 2811
2286 2812
2287 2813
2288 2814
2289 2815
2290 2816
2291 2817
2292 2818
2293 2819
2294 2820
2295 2821
2296 2822
2297 2823
2298 2824
2299 2827
2300 2828
2301 2829
2302 2830
2303 2831
2304 2832
2305 2833
2306 2834
2307 2835
2308 2836
2309 2837
2310 2838
2311 2839
2312 2840
2313 2841
2314 2842
2315 2843
2316 2844
2317 2847
2318 2848
2319 2849
2320 2850
2321 2851
2322 2852
2323 2853
2324 2854
2325 2855
2326 2856
2327 2857
2328 2858
2329 2859
2330 2860
2331 2861
2332 2867
2333 2868
2334 2869
2335 2870
2336 2871
2337 2872
2338 2873
2339 2874
2340 2875
2341 2876
2342 2877
2343 2878
2344 2879
2345 2880
2346 2887
2347 2888
2348 2889
2349 2890
2350 2891
2351 2892
2352 2893
2353 2894
2354 2895
2355 2896
2356 2897
2357 2898
2358 2899
2359 2907
2360 2908
2361 2909
2362 2910
2363 2911
2364 2912
2365 2913
2366 2914
2367 2915
2368 2916
2369 2917
2370 2918
2371 2919
2372 2920
2373 2927
2374 2928
2375 2929
2376 2930
2377 2931
2378 2932
2379 2933
2380 2934
2381 2935
2382 2936
2383 2937
2384 2938
2385 2939
2386 2940
2387 2941
2388 2942
2389 2943
2390 2947
2391 2948
2392 2949
2393 2950
2394 2951
2395 2952
2396 2953
2397 2954
2398 2955
2399 2956
2400 2957
2401 2958
2402 2959
2403 2960
2404 2961
2405 2962
2406 2963
2407 2964
2408 2965
2409 2967
2410 2968
2411 2969
2412 2970
2413 2971
2414 2972
2415 2973
2416 2974
2417 2975
2418 2976
2419 2977
2420 2978
2421 2979
2422 2980
2423 2981
2424 2982
2425 2983
2426 2984
2427 2985
2428 2986
2429 2987
2430 2988
2431 2989
2432 2990
2433 2991
2434 2992
2435 2993
2436 2994
2437 2995
2438 2996
2439 2997
2440 2998
2441 2999
2442 3000
2443 3001
2444 3002
2445 3003
2446 3007
2447 3008
2448 3009
2449 3010
2450 3011
2451 3012
2452 3013
2453 3014
2454 3015
2455 3016
2456 3017
2457 3018
2458 3019
2459 3020
2460 3021
2461 3022
2462 3023
2463 3024
2464 3025
2465 3027
2466 3028
2467 3029
2468 3030
2469 3031
2470 3032
2471 3033
2472 3034
2473 3035
2474 3036
2475 3037
2476 3038
2477 3039
2478 3040
2479 3041
2480 3042
2481 3043
2482 3044
2483 3047
2484 3048
2485 3049
2486 3050
2487 3051
2488 3052
2489 3053
2490 3054
2491 3055
2492 3056
2493 3057
2494 3058
2495 3059
2496 3060
2497 3061
2498 3062
2499 3063
2500 3064
2501 3065
2502 3067
2503 3068
2504 3069
2505 3070
2506 3071
2507 3072
2508 3073
2509 3074
2510 3075
2511 3076
2512 3077
2513 3078
2514 3079
2515 3080
2516 3081
2517 3087
2518 3088
2519 3089
2520 3090
2521 3091
2522 3092
2523 3093
2524 3094
2525 3095
2526 3096
2527 3097
2528 3098
2529 3099
2530 3100
2531 3101
2532 3102
2533 3103
2534 3104
2535 3107
2536 3108
2537 3109
2538 3110
2539 3111
2540 3112
2541 3113
2542 3114
2543 3115
2544 3116
2545 3117
2546 3118
2547 3119
2548 3120
2549 3121
2550 3122
2551 3127
2552 3128
2553 3129
2554 3130
2555 3131
2556 3132
2557 3133
2558 3134
2559 3135
2560 3136
2561 3137
2562 3138
2563 3139
2564 3140
2565 3147
2566 3148
2567 3149
2568 3150
2569 3151
2570 3152
2571 3153
2572 3154
2573 3155
2574 3156
2575 3157
2576 3158
2577 3167
2578 3168
2579 3169
2580 3170
2581 3171
2582 3172
2583 3173
2584 3174
2585 3175
2586 3176
2587 3177
2588 3178
2589 3179
2590 3180
2591 3187
2592 3188
2593 3189
2594 3190
2595 3191
2596 3192
2597 3193
2598 3194
2599 3195
2600 3196
2601 3197
2602 3198
2603 3199
2604 3200
2605 3207
2606 3208
2607 3209
2608 3210
2609 3211
2610 3212
2611 3213
2612 3214
2613 3215
2614 3216
2615 3217
2616 3218
2617 3219
2618 3227
2619 3228
2620 3229
2621 3230
2622 3231
2623 3232
2624 3233
2625 3234
2626 3235
2627 3236
2628 3237
2629 3238
2630 3239
2631 3240
2632 3241
2633 3242
2634 3243
2635 3244
2636 3247
2637 3248
2638 3249
2639 3250
2640 3251
2641 3252
2642 3253
2643 3254
2644 3255
2645 3256
2646 3257
2647 3258
2648 3259
2649 3260
2650 3261
2651 3262
2652 3263
2653 3267
2654 3268
2655 3269
2656 3270
2657 3271
2658 3272
2659 3273
2660 3274
2661 3275
2662 3276
2663 3277
2664 3278
2665 3279
2666 3280
2667 3281
2668 3287
2669 3288
2670 3289
2671 3290
2672 3291
2673 3292
2674 3293
2675 3294
2676 3295
2677 3296
2678 3297
2679 3298
2680 3299
2681 3300
2682 3301
2683 3307
2684 3308
2685 3309
2686 3310
2687 3311
2688 3312
2689 3313
2690 3314
2691 3315
2692 3316
2693 3317
2694 3318
2695 3319
2696 3327
2697 3328
2698 3329
2699 3330
2700 3331
2701 3332
2702 3333
2703 3334
2704 3335
2705 3336
2706 3337
2707 3338
2708 3339
2709 3347
2710 3348
2711 3349
2712 3350
2713 3351
2714 3352
2715 3353
2716 3354
2717 3355
2718 3356
2719 3357
2720 3358
2721 3359
2722 3360
2723 3361
2724 3367
2725 3368
2726 3369
2727 3370
2728 3371
2729 3372
2730 3373
2731 3374
2732 3375
2733 3376
2734 3377
2735 3378
2736 3379
2737 3380
2738 3381
2739 3387
2740 3388
2741 3389
2742 3390
2743 3391
2744 3392
2745 3393
2746 3394
2747 3395
2748 3396
2749 3397
2750 3398
2751 3399
2752 3400
2753 3401
2754 3407
2755 3408
2756 3409
2757 3410
2758 3411
2759 3412
2760 3413
2761 3414
2762 3415
2763 3416
2764 3417
2765 3418
2766 3419
2767 3427
2768 3428
2769 3429
2770 3430
2771 3431
2772 3432
2773 3433
2774 3434
2775 3435
2776 3436
2777 3437
2778 3438
2779 3439
2780 3440
2781 3441
2782 3447
2783 3448
2784 3449
2785 3450
2786 3451
2787 3452
2788 3453
2789 3454
2790 3455
2791 3456
2792 3457
2793 3458
2794 3467
2795 3468
2796 3469
2797 3470
2798 3471
2799 3472
2800 3473
2801 3474
2802 3475
2803 3476
2804 3477
2805 3478
2806 3479
2807 3480
2808 3481
2809 3482
2810 3487
2811 3488
2812 3489
2813 3490
2814 3491
2815 3492
2816 3493
2817 3494
2818 3495
2819 3496
2820 3497
2821 3498
2822 3499
2823 3500
2824 3501
2825 3502
2826 3503
2827 3504
2828 3507
2829 3508
2830 3509
2831 3510
2832 3511
2833 3512
2834 3513
2835 3514
2836 3515
2837 3516
2838 3517
2839 3518
2840 3519
2841 3520
2842 3521
2843 3522
2844 3523
2845 3524
2846 3527
2847 3528
2848 3529
2849 3530
2850 3531
2851 3532
2852 3533
2853 3534
2854 3535
2855 3536
2856 3537
2857 3538
2858 3539
2859 3540
2860 3541
2861 3542
2862 3543
2863 3547
2864 3548
2865 3549
2866 3550
2867 3551
2868 3552
2869 3553
2870 3554
2871 3555
2872 3556
2873 3557
2874 3558
2875 3559
2876 3560
2877 3561
2878 3562
2879 3563
2880 3567
2881 3568
2882 3569
2883 3570
2884 3571
2885 3572
2886 3573
2887 3574
2888 3575
2889 3576
2890 3577
2891 3578
2892 3579
2893 3580
2894 3581
2895 3582
2896 3583
2897 3584
2898 3585
2899 3587
2900 3588
2901 3589
2902 3590
2903 3591
2904 3592
2905 3593
2906 3594
2907 3595
2908 3596
2909 3597
2910 3598
2911 3599
2912 3600
2913 3601
2914 3602
2915 3603
2916 3604
2917 3607
2918 3608
2919 3609
2920 3610
2921 3611
2922 3612
2923 3613
2924 3614
2925 3615
2926 3616
2927 3617
2928 3618
2929 3619
2930 3620
2931 3621
2932 3622
2933 3623
2934 3624
2935 3625
2936 3627
2937 3628
2938 3629
2939 3630
2940 3631
2941 3632
2942 3633
2943 3634
2944 3635
2945 3636
2946 3637
2947 3638
2948 3639
2949 3640
2950 3641
2951 3642
2952 3643
2953 3647
2954 3648
2955 3649
2956 3650
2957 3651
2958 3652
2959 3653
2960 3654
2961 3655
2962 3656
2963 3657
2964 3658
2965 3659
2966 3660
2967 3661
2968 3662
2969 3663
2970 3667
2971 3668
2972 3669
2973 3670
2974 3671
2975 3672
2976 3673
2977 3674
2978 3675
2979 3676
2980 3677
2981 3678
2982 3679
2983 3680
2984 3681
2985 3682
2986 3683
2987 3687
2988 3688
2989 3689
2990 3690
2991 3691
2992 3692
2993 3693
2994 3694
2995 3695
2996 3696
2997 3697
2998 3698
2999 3699
3000 3700
3001 3701
3002 3702
3003 3707
3004 3708
3005 3709
3006 3710
3007 3711
3008 3712
3009 3713
3010 3714
3011 3715
3012 3716
3013 3717
3014 3718
3015 3719
3016 3720
3017 3721
3018 3722
3019 3723
3020 3727
3021 3728
3022 3729
3023 3730
3024 3731
3025 3732
3026 3733
3027 3734
3028 3735
3029 3736
3030 3737
3031 3738
3032 3739
3033 3740
3034 3747
3035 3748
3036 3749
3037 3750
3038 3751
3039 3752
3040 3753
3041 3754
3042 3755
3043 3756
3044 3757
3045 3758
3046 3759
3047 3760
3048 3761
3049 3762
3050 3763
3051 3764
3052 3767
3053 3768
3054 3769
3055 3770
3056 3771
3057 3772
3058 3773
3059 3774
3060 3775
3061 3776
3062 3777
3063 3778
3064 3779
3065 3780
3066 3781
3067 3782
3068 3783
3069 3784
3070 3787
3071 3788
3072 3789
3073 3790
3074 3791
3075 3792
3076 3793
3077 3794
3078 3795
3079 3796
3080 3797
3081 3798
3082 3799
3083 3800
3084 3801
3085 3802
3086 3803
3087 3807
3088 3808
3089 3809
3090 3810
3091 3811
3092 3812
3093 3813
3094 3814
3095 3815
3096 3816
3097 3817
3098 3818
3099 3819
3100 3820
3101 3821
3102 3822
3103 3823
3104 3827
3105 3828
3106 3829
3107 3830
3108 3831
3109 3832
3110 3833
3111 3834
3112 3835
3113 3836
3114 3837
3115 3838
3116 3839
3117 3840
3118 3841
3119 3847
3120 3848
3121 3849
3122 3850
3123 3851
3124 3852
3125 3853
3126 3854
3127 3855
3128 3856
3129 3857
3130 3858
3131 3859
3132 3860
3133 3861
3134 3862
3135 3867
3136 3868
3137 3869
3138 3870
3139 3871
3140 3872
3141 3873
3142 3874
3143 3875
3144 3876
3145 3877
3146 3878
3147 3879
3148 3880
3149 3881
3150 3882
3151 3887
3152 3888
3153 3889
3154 3890
3155 3891
3156 3892
3157 3893
3158 3894
3159 3895
3160 3896
3161 3897
3162 3898
3163 3899
3164 3900
3165 3901
3166 3902
3167 3907
3168 3908
3169 3909
3170 3910
3171 3911
3172 3912
3173 3913
3174 3914
3175 3915
3176 3916
3177 3917
3178 3918
3179 3919
3180 3920
3181 3927
3182 3928
3183 3929
3184 3930
3185 3931
3186 3932
3187 3933
3188 3934
3189 3935
3190 3936
3191 3937
3192 3938
3193 3939
3194 3940
3195 3941
3196 3947
3197 3948
3198 3949
3199 3950
3200 3951
3201 3952
3202 3953
3203 3954
3204 3955
3205 3956
3206 3957
3207 3958
3208 3959
3209 3960
3210 3961
3211 3962
3212 3963
3213 3967
3214 3968
3215 3969
3216 3970
3217 3971
3218 3972
3219 3973
3220 3974
3221 3975
3222 3976
3223 3977
3224 3978
3225 3979
3226 3980
3227 3987
3228 3988
3229 3989
3230 3990
3231 3991
3232 3992
3233 3993
3234 3994
3235 3995
3236 3996
3237 3997
3238 3998
3239 3999
3240 4000
3241 4001
3242 4002
3243 4007
3244 4008
3245 4009
3246 4010
3247 4011
3248 4012
3249 4013
3250 4014
3251 4015
3252 4016
3253 4017
3254 4018
3255 4019
3256 4020
3257 4027
3258 4028
3259 4029
3260 4030
3261 4031
3262 4032
3263 4033
3264 4034
3265 4035
3266 4036
3267 4037
3268 4038
3269 4039
3270 4040
3271 4041
3272 4042
3273 4047
3274 4048
3275 4049
3276 4050
3277 4051
3278 4052
3279 4053
3280 4054
3281 4055
3282 4056
3283 4057
3284 4058
3285 4059
3286 4060
3287 4061
3288 4062
3289 4063
3290 4064
3291 4065
3292 4067
3293 4068
3294 4069
3295 4070
3296 4071
3297 4072
3298 4073
3299 4074
3300 4075
3301 4076
3302 4077
3303 4078
3304 4079
3305 4080
3306 4081
3307 4082
3308 4083
3309 4084
3310 4087
3311 4088
3312 4089
3313 4090
3314 4091
3315 4092
3316 4093
3317 4094
3318 4095
3319 4096
3320 4097
3321 4098
3322 4099
3323 4100
3324 4101
3325 4102
3326 4103
3327 4104
3328 4105
3329 4107
3330 4108
3331 4109
3332 4110
3333 4111
3334 4112
3335 4113
3336 4114
3337 4115
3338 4116
3339 4117
3340 4118
3341 4119
3342 4120
3343 4121
3344 4122
3345 4123
3346 4127
3347 4128
3348 4129
3349 4130
3350 4131
3351 4132
3352 4133
3353 4134
3354 4135
3355 4136
3356 4137
3357 4138
3358 4139
3359 4140
3360 4141
3361 4142
3362 4147
3363 4148
3364 4149
3365 4150
3366 4151
3367 4152
3368 4153
3369 4154
3370 4155
3371 4156
3372 4157
3373 4158
3374 4159
3375 4160
3376 4161
3377 4162
3378 4167
3379 4168
3380 4169
3381 4170
3382 4171
3383 4172
3384 4173
3385 4174
3386 4175
3387 4176
3388 4177
3389 4178
3390 4179
3391 4180
3392 4181
3393 4182
3394 4183
3395 4187
3396 4188
3397 4189
3398 4190
3399 4191
3400 4192
3401 4193
3402 4194
3403 4195
3404 4196
3405 4197
3406 4198
3407 4199
3408 4200
3409 4201
3410 4202
3411 4203
3412 4207
3413 4208
3414 4209
3415 4210
3416 4211
3417 4212
3418 4213
3419 4214
3420 4215
3421 4216
3422 4217
3423 4218
3424 4219
3425 4220
3426 4221
3427 4222
3428 4223
3429 4227
3430 4228
3431 4229
3432 4230
3433 4231
3434 4232
3435 4233
3436 4234
3437 4235
3438 4236
3439 4237
3440 4238
3441 4239
3442 4240
3443 4241
3444 4242
3445 4247
3446 4248
3447 4249
3448 4250
3449 4251
3450 4252
3451 4253
3452 4254
3453 4255
3454 4256
3455 4257
3456 4258
3457 4259
3458 4260
3459 4261
3460 4262
3461 4267
3462 4268
3463 4269
3464 4270
3465 4271
3466 4272
3467 4273
3468 4274
3469 4275
3470 4276
3471 4277
3472 4278
3473 4279
3474 4280
3475 4281
3476 4287
3477 4288
3478 4289
3479 4290
3480 4291
3481 4292
3482 4293
3483 4294
3484 4295
3485 4296
3486 4297
3487 4298
3488 4299
3489 4300
3490 4307
3491 4308
3492 4309
3493 4310
3494 4311
3495 4312
3496 4313
3497 4314
3498 4315
3499 4316
3500 4317
3501 4318
3502 4319
3503 4320
3504 4321
3505 4327
3506 4328
3507 4329
3508 4330
3509 4331
3510 4332
3511 4333
3512 4334
3513 4335
3514 4336
3515 4337
3516 4338
3517 4339
3518 4340
3519 4341
3520 4342
3521 4347
3522 4348
3523 4349
3524 4350
3525 4351
3526 4352
3527 4353
3528 4354
3529 4355
3530 4356
3531 4357
3532 4358
3533 4359
3534 4360
3535 4361
3536 4362
3537 4363
3538 4364
3539 4367
3540 4368
3541 4369
3542 4370
3543 4371
3544 4372
3545 4373
3546 4374
3547 4375
3548 4376
3549 4377
3550 4378
3551 4379
3552 4380
3553 4381
3554 4387
3555 4388
3556 4389
3557 4390
3558 4391
3559 4392
3560 4393
3561 4394
3562 4395
3563 4396
3564 4397
3565 4398
3566 4399
3567 4400
3568 4407
3569 4408
3570 4409
3571 4410
3572 4411
3573 4412
3574 4413
3575 4414
3576 4415
3577 4416
3578 4417
3579 4418
3580 4427
3581 4428
3582 4429
3583 4430
3584 4431
3585 4432
3586 4433
3587 4434
3588 4435
3589 4436
3590 4437
3591 4438
3592 4439
3593 4447
3594 4448
3595 4449
3596 4450
3597 4451
3598 4452
3599 4453
3600 4454
3601 4455
3602 4456
3603 4457
3604 4458
3605 4459
3606 4460
3607 4461
3608 4462
3609 4463
3610 4464
3611 4467
3612 4468
3613 4469
3614 4470
3615 4471
3616 4472
3617 4473
3618 4474
3619 4475
3620 4476
3621 4477
3622 4478
3623 4479
3624 4480
3625 4481
3626 4487
3627 4488
3628 4489
3629 4490
3630 4491
3631 4492
3632 4493
3633 4494
3634 4495
3635 4496
3636 4497
3637 4498
3638 4499
3639 4500
3640 4501
3641 4502
3642 4503
3643 4504
3644 4505
3645 4507
3646 4508
3647 4509
3648 4510
3649 4511
3650 4512
3651 4513
3652 4514
3653 4515
3654 4516
3655 4517
3656 4518
3657 4519
3658 4520
3659 4521
3660 4522
3661 4527
3662 4528
3663 4529
3664 4530
3665 4531
3666 4532
3667 4533
3668 4534
3669 4535
3670 4536
3671 4537
3672 4538
3673 4539
3674 4540
3675 4541
3676 4547
3677 4548
3678 4549
3679 4550
3680 4551
3681 4552
3682 4553
3683 4554
3684 4555
3685 4556
3686 4557
3687 4558
3688 4559
3689 4560
3690 4561
3691 4567
3692 4568
3693 4569
3694 4570
3695 4571
3696 4572
3697 4573
3698 4574
3699 4575
3700 4576
3701 4577
3702 4578
3703 4579
3704 4580
3705 4587
3706 4588
3707 4589
3708 4590
3709 4591
3710 4592
3711 4593
3712 4594
3713 4595
3714 4596
3715 4597
3716 4598
3717 4599
3718 4600
3719 4601
3720 4602
3721 4603
3722 4604
3723 4607
3724 4608
3725 4609
3726 4610
3727 4611
3728 4612
3729 4613
3730 4614
3731 4615
3732 4616
3733 4617
3734 4618
3735 4619
3736 4620
3737 4621
3738 4627
3739 4628
3740 4629
3741 4630
3742 4631
3743 4632
3744 4633
3745 4634
3746 4635
3747 4636
3748 4637
3749 4638
3750 4639
3751 4640
3752 4641
3753 4642
3754 4647
3755 4648
3756 4649
3757 4650
3758 4651
3759 4652
3760 4653
3761 4654
3762 4655
3763 4656
3764 4657
3765 4658
3766 4659
3767 4660
3768 4661
3769 4662
3770 4663
3771 4667
3772 4668
3773 4669
3774 4670
3775 4671
3776 4672
3777 4673
3778 4674
3779 4675
3780 4676
3781 4677
3782 4687
3783 4688
3784 4689
3785 4690
3786 4691
3787 4692
3788 4693
3789 4694
3790 4695
3791 4696
3792 4697
3793 4698
3794 4699
3795 4700
3796 4701
3797 4702
3798 4703
3799 4707
3800 4708
3801 4709
3802 4710
3803 4711
3804 4712
3805 4713
3806 4714
3807 4715
3808 4716
3809 4717
3810 4718
3811 4719
3812 4720
3813 4721
3814 4722
3815 4727
3816 4728
3817 4729
3818 4730
3819 4731
3820 4732
3821 4733
3822 4734
3823 4735
3824 4736
3825 4737
3826 4738
3827 4739
3828 4740
3829 4741
3830 4742
3831 4743
3832 4747
3833 4748
3834 4749
3835 4750
3836 4751
3837 4752
3838 4753
3839 4754
3840 4755
3841 4756
3842 4757
3843 4758
3844 4759
3845 4760
3846 4761
3847 4762
3848 4767
3849 4768
3850 4769
3851 4770
3852 4771
3853 4772
3854 4773
3855 4774
3856 4775
3857 4776
3858 4777
3859 4778
3860 4779
3861 4780
3862 4781
3863 4787
3864 4788
3865 4789
3866 4790
3867 4791
3868 4792
3869 4793
3870 4794
3871 4795
3872 4796
3873 4797
3874 4798
3875 4799
3876 4800
3877 4801
3878 4802
3879 4803
3880 4807
3881 4808
3882 4809
3883 4810
3884 4811
3885 4812
3886 4813
3887 4814
3888 4815
3889 4816
3890 4817
3891 4818
3892 4819
3893 4820
3894 4821
3895 4822
3896 4827
3897 4828
3898 4829
3899 4830
3900 4831
3901 4832
3902 4833
3903 4834
3904 4835
3905 4836
3906 4837
3907 4838
3908 4839
3909 4840
3910 4841
3911 4842
3912 4847
3913 4848
3914 4849
3915 4850
3916 4851
3917 4852
3918 4853
3919 4854
3920 4855
3921 4856
3922 4857
3923 4858
3924 4859
3925 4867
3926 4868
3927 4869
3928 4870
3929 4871
3930 4872
3931 4873
3932 4874
3933 4875
3934 4876
3935 4877
3936 4878
3937 4887
3938 4888
3939 4889
3940 4890
3941 4891
3942 4892
3943 4893
3944 4894
3945 4895
3946 4896
3947 4897
3948 4898
3949 4899
3950 4900
3951 4901
3952 4902
3953 4907
3954 4908
3955 4909
3956 4910
3957 4911
3958 4912
3959 4913
3960 4914
3961 4915
3962 4916
3963 4917
3964 4918
3965 4919
3966 4920
3967 4921
3968 4927
3969 4928
3970 4929
3971 4930
3972 4931
3973 4932
3974 4933
3975 4934
3976 4935
3977 4936
3978 4937
3979 4938
3980 4939
3981 4940
3982 4941
3983 4947
3984 4948
3985 4949
3986 4950
3987 4951
3988 4952
3989 4953
3990 4954
3991 4955
3992 4956
3993 4957
3994 4958
3995 4959
3996 4960
3997 4961
3998 4962
3999 4963
4000 4964
4001 4965
4002 4966
4003 4967
4004 4968
4005 4969
4006 4970
4007 4971
4008 4972
4009 4973
4010 4974
4011 4975
4012 4976
4013 4977
4014 4978
4015 4979
4016 4980
4017 4981
4018 4982
4019 4983
4020 4987
4021 4988
4022 4989
4023 4990
4024 4991
4025 4992
4026 4993
4027 4994
4028 4995
4029 4996
4030 4997
4031 4998
4032 4999
4033 5000
4034 5001
4035 5002
4036 5003
4037 5004
4038 5005
4039 5007
4040 5008
4041 5009
4042 5010
4043 5011
4044 5012
4045 5013
4046 5014
4047 5015
4048 5016
4049 5017
4050 5018
4051 5027
4052 5028
4053 5029
4054 5030
4055 5031
4056 5032
4057 5033
4058 5034
4059 5035
4060 5036
4061 5037
4062 5038
4063 5039
4064 5040
4065 5041
4066 5042
4067 5043
4068 5044
4069 5045
4070 5047
4071 5048
4072 5049
4073 5050
4074 5051
4075 5052
4076 5053
4077 5054
4078 5055
4079 5056
4080 5057
4081 5058
4082 5059
4083 5060
4084 5061
4085 5067
4086 5068
4087 5069
4088 5070
4089 5071
4090 5072
4091 5073
4092 5074
4093 5075
4094 5076
4095 5077
4096 5078
4097 5079
4098 5080
4099 5081
4100 5082
4101 5083
4102 5084
4103 5085
4104 5086
4105 5087
4106 5088
4107 5089
4108 5090
4109 5091
4110 5092
4111 5093
4112 5094
4113 5095
4114 5096
4115 5097
4116 5098
4117 5099
4118 5100
4119 5101
4120 5107
4121 5108
4122 5109
4123 5110
4124 5111
4125 5112
4126 5113
4127 5114
4128 5115
4129 5116
4130 5117
4131 5118
4132 5119
4133 5120
4134 5121
4135 5127
4136 5128
4137 5129
4138 5130
4139 5131
4140 5132
4141 5133
4142 5134
4143 5135
4144 5136
4145 5137
4146 5138
4147 5139
4148 5140
4149 5141
4150 5142
4151 5147
4152 5148
4153 5149
4154 5150
4155 5151
4156 5152
4157 5153
4158 5154
4159 5155
4160 5156
4161 5157
4162 5158
4163 5159
4164 5160
4165 5161
4166 5162
4167 5163
4168 5164
4169 5165
4170 5167
4171 5168
4172 5169
4173 5170
4174 5171
4175 5172
4176 5173
4177 5174
4178 5175
4179 5176
4180 5177
4181 5178
4182 5179
4183 5180
4184 5181
4185 5182
4186 5183
4187 5187
4188 5188
4189 5189
4190 5190
4191 5191
4192 5192
4193 5193
4194 5194
4195 5195
4196 5196
4197 5197
4198 5198
4199 5199
4200 5200
4201 5201
4202 5202
4203 5203
4204 5204
4205 5205
4206 5207
4207 5208
4208 5209
4209 5210
4210 5211
4211 5212
4212 5213
4213 5214
4214 5215
4215 5216
4216 5217
4217 5218
4218 5219
4219 5220
4220 5221
4221 5222
4222 5223
4223 5227
4224 5228
