0 0
1 1
8 2
9 3
10 4
11 5
12 6
13 7
14 8
15 22
16 23
17 24
18 25
19 26
20 27
21 28
22 29
23 42
24 43
25 44
26 45
27 46
28 47
29 48
30 49
31 50
32 62
33 63
34 64
35 65
36 66
37 67
38 68
39 69
40 70
41 71
42 72
43 73
44 74
45 82
46 83
47 84
48 85
49 86
50 87
51 88
52 89
53 90
54 91
55 102
56 103
57 104
58 105
59 106
60 107
61 108
62 109
63 110
64 111
65 112
66 113
67 114
68 115
69 122
70 123
71 124
72 125
73 126
74 127
75 128
76 129
77 130
78 131
79 132
80 142
81 143
82 144
83 145
84 146
85 147
86 148
87 149
88 162
89 163
90 164
91 165
92 166
93 167
94 168
95 169
96 182
97 183
98 184
99 185
100 186
101 187
102 188
103 189
104 190
105 191
106 192
107 202
108 203
109 204
110 205
111 206
112 207
113 208
114 209
115 210
116 211
117 212
118 213
119 222
120 223
121 224
122 225
123 226
124 227
125 228
126 229
127 230
128 231
129 232
130 233
131 234
132 235
133 242
134 243
135 244
136 245
137 246
138 247
139 248
140 249
141 250
142 251
143 262
144 263
145 264
146 265
147 266
148 267
149 268
150 269
151 270
152 271
153 272
154 273
155 274
156 275
157 276
158 277
159 278
160 282
161 283
162 284
163 285
164 286
165 287
166 288
167 289
168 290
169 291
170 292
171 293
172 302
173 303
174 304
175 305
176 306
177 307
178 308
179 309
180 310
181 311
182 312
183 313
184 314
185 315
186 316
187 317
188 322
189 323
190 324
191 325
192 326
193 327
194 328
195 329
196 330
197 331
198 342
199 343
200 344
201 345
202 346
203 347
204 348
205 349
206 350
207 351
208 352
209 362
210 363
211 364
212 365
213 366
214 367
215 368
216 369
217 370
218 371
219 372
220 373
221 382
222 383
223 384
224 385
225 386
226 387
227 388
228 389
229 390
230 391
231 392
232 393
233 402
234 403
235 404
236 405
237 406
238 407
239 408
240 409
241 410
242 411
243 412
244 413
245 414
246 415
247 416
248 422
249 423
250 424
251 425
252 426
253 427
254 428
255 429
256 430
257 431
258 432
259 433
260 434
261 442
262 443
263 444
264 445
265 446
266 447
267 448
268 449
269 450
270 451
271 452
272 453
273 454
274 455
275 462
276 463
277 464
278 465
279 466
280 467
281 468
282 469
283 470
284 471
285 472
286 473
287 474
288 475
289 482
290 483
291 484
292 485
293 486
294 487
295 488
296 489
297 490
298 502
299 503
300 504
301 505
302 506
303 522
304 523
305 524
306 525
307 542
308 543
309 544
310 545
311 546
312 547
313 548
314 549
315 550
316 551
317 552
318 553
319 554
320 562
321 563
322 564
323 565
