3316.000000000000 277.933959960938 267.393432617188 -16.914201736450 0.079600359290 0.004264939935 0.885683803140 0.457394571396
3316.000000000000 277.685760498047 267.746063232422 -16.856082916260 0.079618858649 0.004077578341 0.885731330687 0.457301017430
3316.000000000000 277.558746337891 267.926635742188 -16.824129104614 0.079812770612 0.004033102065 0.885748646040 0.457234066724
3316.000000000000 276.979919433594 268.752349853516 -16.683563232422 0.080202260377 0.003771909077 0.885648837860 0.457361461132
3316.000000000000 276.672393798828 269.152160644531 -16.614137649536 0.080641434379 0.003926270676 0.887599773109 0.453484493932
3316.000000000000 276.505218505859 269.361602783203 -16.580520629883 0.080875823485 0.003564543609 0.888740263877 0.451206314859
3316.000000000000 276.341613769531 269.570983886719 -16.543260574341 0.081187828851 0.003260833674 0.889548950084 0.449555968501
3316.000000000000 276.179626464844 269.778198242188 -16.508367538452 0.081369884173 0.002876360400 0.890270360573 0.448095250572
3316.000000000000 276.016113281250 269.987396240234 -16.469247817993 0.081479910015 0.002736398749 0.890949696693 0.446723823350
3316.000000000000 275.838073730469 270.197570800781 -16.429338455200 0.081853632040 0.002712462756 0.892409038115 0.443732728293
3316.000000000000 275.643676757812 270.401214599609 -16.380908966064 0.081797386071 0.002156762975 0.895057512988 0.438379498209
3316.000000000000 275.258209228516 270.810058593750 -16.285846710205 0.081795718337 0.001087641035 0.899461260432 0.429275807006
3317.000000000000 274.855346679688 271.235412597656 -16.208110809326 0.081799825785 0.000039748458 0.902914116821 0.421965501631
3317.000000000000 274.459899902344 271.639251708984 -16.134128570557 0.082027005603 -0.000631226183 0.906308016372 0.414580452222
3317.000000000000 274.260528564453 271.812683105469 -16.072317123413 0.081901690457 -0.000939046659 0.909389755859 0.407800813181
3317.000000000000 274.035949707031 271.999237060547 -16.029384613037 0.081889287692 -0.001545032756 0.912479036237 0.400841322548
3317.000000000000 273.626434326172 272.360290527344 -15.962193489075 0.081701823776 -0.002848720993 0.916724305580 0.391066802911
3317.000000000000 273.441192626953 272.544891357422 -15.846646308899 0.080679667247 -0.002893958354 0.917620161015 0.389173041715
3317.000000000000 273.027008056641 272.896148681641 -15.769608497620 0.080841485400 -0.003477770755 0.921517431455 0.379813352680
3317.000000000000 271.443786621094 274.101104736328 -15.415048599243 0.080410236602 -0.007820673044 0.938389275461 0.336003866975
3317.000000000000 271.208984375000 274.250549316406 -15.366853713989 0.080406784643 -0.008585971611 0.940420060539 0.330259200948
3318.000000000000 270.734466552734 274.554779052734 -15.295972824097 0.080974909851 -0.009823548727 0.943813398342 0.320254322336
3318.000000000000 270.501068115234 274.701019287109 -15.252800941467 0.080994395473 -0.010447798821 0.945324385870 0.315741281561
3318.000000000000 270.258911132812 274.840270996094 -15.199185371399 0.081316009042 -0.010989959974 0.947234454674 0.309860961291
3318.000000000000 269.995178222656 274.966491699219 -15.151366233826 0.081664813507 -0.011340775087 0.950053930611 0.300997963426
3318.000000000000 269.747589111328 275.077758789062 -15.084540367126 0.081477438394 -0.011938051470 0.952893105817 0.291913752411
3318.000000000000 268.991271972656 275.436584472656 -14.932393074036 0.081607124200 -0.014397921773 0.959228729145 0.270209589599
3318.000000000000 267.953674316406 275.922851562500 -14.736850738525 0.080304719260 -0.016574383192 0.965035963928 0.248961905144
3318.000000000000 267.426422119141 276.115600585938 -14.600919723511 0.079503675453 -0.017342761322 0.968759342516 0.234272769454
3318.000000000000 267.163269042969 276.189331054688 -14.560188293457 0.079162632742 -0.018270741987 0.971054036449 0.224618600878
3318.000000000000 266.404968261719 276.422363281250 -14.438717842102 0.078626289450 -0.020361305658 0.976001477700 0.202050586158
3318.000000000000 266.120300292969 276.502258300781 -14.365346908569 0.078348196206 -0.021339277423 0.977285681237 0.195752120395
3319.000000000000 265.339599609375 276.730102539062 -14.214529037476 0.078201296152 -0.022814940195 0.980316983724 0.179840616118
3319.000000000000 265.069946289062 276.794647216797 -14.157881736755 0.078013665502 -0.023500681476 0.981404191966 0.173802755893
3319.000000000000 264.779357910156 276.838653564453 -14.101686477661 0.077781317440 -0.024235066728 0.983049989553 0.164242035538
3319.000000000000 264.217895507812 276.913879394531 -14.018790245056 0.077364031482 -0.025635875376 0.986053642529 0.145106245843
3319.000000000000 263.944824218750 276.948760986328 -13.963764190674 0.077036085192 -0.026243389830 0.987182902096 0.137283079360
3319.000000000000 263.667053222656 276.984161376953 -13.933152198792 0.076995577161 -0.026906970596 0.988156131394 0.129981367969
3319.000000000000 262.548553466797 277.132812500000 -13.774119377136 0.076448592650 -0.028866755764 0.991106935773 0.105020783449
3319.000000000000 262.279174804688 277.136199951172 -13.726508140564 0.076050735651 -0.029225140195 0.992088177492 0.095515573953
3319.000000000000 261.994598388672 277.127288818359 -13.700623512268 0.075809988625 -0.030204025775 0.993074837313 0.084515856191
3319.000000000000 261.741363525391 277.122375488281 -13.666300773621 0.075449862669 -0.031135776405 0.993809512938 0.075369315010
3319.000000000000 261.188018798828 277.114715576172 -13.602121353149 0.074990465587 -0.032694253103 0.994883275651 0.059285611362
3320.000000000000 259.517791748047 277.090087890625 -13.478688240051 0.075026249586 -0.036673680831 0.996318650357 0.019371369558
3320.000000000000 258.071502685547 276.882537841797 -13.264966964722 0.073236499241 -0.040103161294 0.996220107538 -0.023950970118
3320.000000000000 257.511505126953 276.781280517578 -13.176173210144 0.072507123973 -0.041397895124 0.995856144981 -0.036048158850
3320.000000000000 257.240600585938 276.722076416016 -13.140383720398 0.072302600523 -0.041517673678 0.995596818905 -0.042843796700
3320.000000000000 256.957305908203 276.634246826172 -13.108668327332 0.072005831079 -0.041804507563 0.995101926979 -0.053288820229
3320.000000000000 256.391174316406 276.442230224609 -13.010229110718 0.070862439103 -0.043062137355 0.993810254051 -0.073927978425
3320.000000000000 255.841430664062 276.252441406250 -12.902210235596 0.069514248665 -0.044331347723 0.992462022046 -0.090673235514
3320.000000000000 255.298889160156 276.068542480469 -12.827092170715 0.068806428267 -0.045151998184 0.991149444848 -0.104162135480
3320.000000000000 255.037612915039 275.976379394531 -12.790358543396 0.068481368787 -0.045490090218 0.990509603469 -0.110143902494
3321.000000000000 254.516448974609 275.785980224609 -12.729077339172 0.067707652315 -0.046376232471 0.989102872664 -0.122231036026
3321.000000000000 254.269882202148 275.666931152344 -12.696663856506 0.067052674385 -0.046725678068 0.987890516782 -0.131882435218
3321.000000000000 254.011367797852 275.535888671875 -12.674941062927 0.066586030347 -0.047243272216 0.986526516809 -0.141773782572
3321.000000000000 253.753524780273 275.405090332031 -12.644886970520 0.066155989644 -0.047848290457 0.985235786843 -0.150480465370
3321.000000000000 252.711196899414 274.907440185547 -12.517601966858 0.064037973297 -0.051342076960 0.980823264773 -0.176773449334
3321.000000000000 252.171066284180 274.626708984375 -12.502586364746 0.062959362306 -0.052542374265 0.978540631424 -0.189033463324
3321.000000000000 251.933319091797 274.475799560547 -12.485028266907 0.062070292717 -0.052675727056 0.976839632700 -0.197880970604
3321.000000000000 250.989303588867 273.891662597656 -12.398423194885 0.059581507332 -0.055192959594 0.970544392578 -0.226820112052
3321.000000000000 250.753234863281 273.735412597656 -12.373214721680 0.058894983088 -0.055334599647 0.969223392038 -0.232541349819
3321.000000000000 250.511306762695 273.575286865234 -12.345459938049 0.058445430721 -0.056156974301 0.967976805947 -0.237595094674
3321.000000000000 250.288391113281 273.426330566406 -12.322932243347 0.058367766878 -0.057078873452 0.966727617300 -0.242431268495
3321.000000000000 250.047973632812 273.269561767578 -12.302801132202 0.058287088845 -0.057165126854 0.965726272349 -0.246388981978
3321.000000000000 249.809432983398 273.113037109375 -12.285215377808 0.058326982512 -0.057570053005 0.964738278624 -0.250127379279
3322.000000000000 249.089370727539 272.645172119141 -12.210809707642 0.058079745941 -0.058425676863 0.962350560698 -0.259026218209
3322.000000000000 248.867675781250 272.497192382812 -12.187222480774 0.058091869441 -0.058677685431 0.961617571726 -0.261675198836
3322.000000000000 248.621353149414 272.334594726562 -12.172315597534 0.058326016007 -0.058987859278 0.960924771263 -0.264087281573
3322.000000000000 248.150100708008 272.024291992188 -12.133558273315 0.058286502898 -0.058973546765 0.959821795814 -0.268080071328
3322.000000000000 247.909103393555 271.863800048828 -12.109859466553 0.058446931092 -0.059116157243 0.959313714737 -0.269826671988
3322.000000000000 247.453475952148 271.533782958984 -12.076928138733 0.058757329280 -0.058986898044 0.957234383203 -0.277074823341
3322.000000000000 247.226562500000 271.367248535156 -12.050163269043 0.059003692774 -0.059397813716 0.956349496927 -0.279975184064
3322.000000000000 246.987899780273 271.192352294922 -12.019857406616 0.058914271820 -0.059702744915 0.955596769864 -0.282488060371
3322.000000000000 246.308029174805 270.706115722656 -11.960561752319 0.059826229264 -0.059351758670 0.953784486830 -0.288432563553
3322.000000000000 245.160186767578 269.886260986328 -11.856822013855 0.059918421931 -0.059434668920 0.951750870985 -0.295038272810
3323.000000000000 244.938964843750 269.727325439453 -11.849593162537 0.059886545506 -0.059436236930 0.951403424608 -0.296162892766
3323.000000000000 244.721710205078 269.569580078125 -11.830727577209 0.059673556443 -0.059331010010 0.951130584084 -0.297101851108
3323.000000000000 244.259292602539 269.236053466797 -11.790367126465 0.059163384971 -0.059548684998 0.950727307457 -0.298448043804
3323.000000000000 244.046630859375 269.078918457031 -11.761815071106 0.058418549187 -0.059689291269 0.950517036592 -0.299235400256
3323.000000000000 243.841033935547 268.918182373047 -11.748751640320 0.058206570077 -0.059685598602 0.949759314212 -0.301673448595
3323.000000000000 243.613891601562 268.742492675781 -11.735158920288 0.058181833502 -0.059938804364 0.949123008510 -0.303624321652
3323.000000000000 242.958801269531 268.250640869141 -11.654810905457 0.057534765696 -0.060234656973 0.948451580897 -0.305779553813
3323.000000000000 242.738662719727 268.085601806641 -11.631052017212 0.057312019924 -0.060243968535 0.948284681035 -0.306336678088
3323.000000000000 242.289901733398 267.748382568359 -11.586792945862 0.057218607096 -0.060577000838 0.947879825279 -0.307539094752
3323.000000000000 242.062606811523 267.577880859375 -11.557123184204 0.056930086182 -0.060649462374 0.947810655286 -0.307791438684
3323.000000000000 241.612594604492 267.246368408203 -11.532328605652 0.057241505670 -0.060543004746 0.947620852745 -0.308338570483
3323.000000000000 241.390304565430 267.080627441406 -11.512456893921 0.057187385420 -0.060552888827 0.947531152698 -0.308622204760
3323.000000000000 241.161911010742 266.910888671875 -11.498078346252 0.057206081649 -0.060474652054 0.947423456102 -0.308964521440
3324.000000000000 240.496032714844 266.410705566406 -11.430718421936 0.056765185326 -0.060447048320 0.947137182022 -0.309927453632
3324.000000000000 239.383728027344 265.571014404297 -11.332251548767 0.056328708201 -0.060494159757 0.946488260823 -0.311973565213
3324.000000000000 239.152374267578 265.396392822266 -11.314797401428 0.056227962604 -0.060129926728 0.946419052739 -0.312271972399
3324.000000000000 238.925842285156 265.225097656250 -11.295318603516 0.056277709173 -0.060280835016 0.946333128769 -0.312494239586
3324.000000000000 238.704910278320 265.060852050781 -11.289369583130 0.056545337449 -0.060376976339 0.946258022081 -0.312654763580
3324.000000000000 238.475723266602 264.886108398438 -11.262828826904 0.056448732859 -0.060438191024 0.946193010929 -0.312857078702
3324.000000000000 238.254501342773 264.718994140625 -11.243060112000 0.056504832938 -0.060400611444 0.946147473111 -0.312991899443
3324.000000000000 238.030136108398 264.551300048828 -11.225363731384 0.056520952304 -0.060230198267 0.946174095342 -0.312941346694
3324.000000000000 237.565338134766 264.198791503906 -11.180840492249 0.056506117379 -0.060350406532 0.946053762999 -0.313284478783
3324.000000000000 237.344467163086 264.032745361328 -11.163455009460 0.056392689051 -0.060321811287 0.946050668340 -0.313319767391
3324.000000000000 236.889862060547 263.688934326172 -11.126115798950 0.056359688143 -0.060227362005 0.945956772251 -0.313627223708
3324.000000000000 236.441925048828 263.353240966797 -11.090270996094 0.056513143096 -0.060336946033 0.945990448070 -0.313476936569
3324.000000000000 236.222137451172 263.186309814453 -11.070126533508 0.056375394432 -0.060545117347 0.945933259958 -0.313634136175
3325.000000000000 236.002090454102 263.019287109375 -11.049781799316 0.056221029669 -0.060408053651 0.945902422049 -0.313781246794
3325.000000000000 235.785293579102 262.852172851562 -11.030290603638 0.056308300473 -0.060268947017 0.945737260431 -0.314289776411
3325.000000000000 235.343246459961 262.514953613281 -10.988052368164 0.056121498036 -0.059978807549 0.945645554455 -0.314654422253
3325.000000000000 234.242431640625 261.680480957031 -10.900500297546 0.055945463418 -0.059993624177 0.945513393904 -0.315079818664
3325.000000000000 234.016036987305 261.509185791016 -10.883249282837 0.056284528455 -0.060276561979 0.945471065353 -0.315092450740
3325.000000000000 233.798919677734 261.347534179688 -10.866745948792 0.056158774352 -0.060059487551 0.945604146587 -0.314756807673
3325.000000000000 233.374053955078 261.026916503906 -10.832804679871 0.056269902360 -0.059636250943 0.945632645160 -0.314731816106
3325.000000000000 233.146667480469 260.854125976562 -10.811014175415 0.056234340075 -0.059798705675 0.945612933805 -0.314766569408
3325.000000000000 232.922256469727 260.685913085938 -10.795696258545 0.056419073390 -0.059690238338 0.945641827508 -0.314667280907
3325.000000000000 232.484237670898 260.354156494141 -10.757450103760 0.056305509675 -0.059548852092 0.945639110377 -0.314722571038
3325.000000000000 232.256927490234 260.180786132812 -10.738113403320 0.056397544030 -0.059769747793 0.945559995521 -0.314901872251
3325.000000000000 232.033599853516 260.012908935547 -10.723287582397 0.056422711757 -0.059595374858 0.945582632238 -0.314862437430
3325.000000000000 231.814102172852 259.843719482422 -10.697642326355 0.056298534934 -0.059446934549 0.945517408539 -0.315108500498
3326.000000000000 231.584518432617 259.670867919922 -10.691475868225 0.056434912841 -0.059701321653 0.945435801648 -0.315280823659
3326.000000000000 231.339385986328 259.487121582031 -10.686043739319 0.056457299178 -0.059727232448 0.945401662990 -0.315374264469
3326.000000000000 230.880111694336 259.139007568359 -10.655763626099 0.056716793730 -0.059808727764 0.945317984447 -0.315563035974
3326.000000000000 230.642852783203 258.958038330078 -10.646430969238 0.056980208941 -0.059819449998 0.945175026912 -0.315941541576
3326.000000000000 230.435836791992 258.797424316406 -10.619613647461 0.056767640572 -0.059448296274 0.945133435169 -0.316174200054
3326.000000000000 230.221969604492 258.632110595703 -10.595633506775 0.056637182899 -0.059541669180 0.945071282951 -0.316365752391
3326.000000000000 229.555572509766 258.118255615234 -10.508595466614 0.056427337514 -0.059473207214 0.945064303433 -0.316436969365
3326.000000000000 229.127120971680 257.792083740234 -10.463753700256 0.056273510172 -0.059416174923 0.945165284059 -0.316173363869
3326.000000000000 228.901779174805 257.617980957031 -10.433568000793 0.056201356259 -0.059757776095 0.945133567065 -0.316216628529
3326.000000000000 228.208602905273 257.093017578125 -10.387291908264 0.056393870230 -0.059795520666 0.945136429519 -0.316166659697
3326.000000000000 227.308105468750 256.405792236328 -10.304906845093 0.056108131517 -0.059548252340 0.945135808443 -0.316266006424
3327.000000000000 227.081848144531 256.239593505859 -10.314866065979 0.056388961089 -0.059500612988 0.945146767989 -0.316192266004
3327.000000000000 226.854187011719 256.064727783203 -10.289329528809 0.056391684326 -0.059404916196 0.945130939893 -0.316257079489
3327.000000000000 226.633331298828 255.895751953125 -10.266332626343 0.056364562505 -0.059327449572 0.945133866203 -0.316267710613
3327.000000000000 226.387832641602 255.713043212891 -10.274404525757 0.056686147547 -0.059347233720 0.945060465551 -0.316425825399
3327.000000000000 226.158508300781 255.540832519531 -10.260059356689 0.056926635017 -0.059838446867 0.945091715670 -0.316196722745
3327.000000000000 225.687011718750 255.180023193359 -10.219274520874 0.057099873490 -0.059904844456 0.945000947628 -0.316424118931
3327.000000000000 225.448760986328 254.999221801758 -10.204081535339 0.057072422328 -0.059836075483 0.944996489413 -0.316455396030
3327.000000000000 225.008026123047 254.662780761719 -10.153326034546 0.057051697850 -0.060311342461 0.945066206031 -0.316160579390
3327.000000000000 224.788665771484 254.495025634766 -10.130008697510 0.057020835399 -0.060361469838 0.945071010357 -0.316142219060
3327.000000000000 224.550216674805 254.315429687500 -10.113442420959 0.057217295150 -0.060408050055 0.945104855882 -0.315996613926
3327.000000000000 224.321151733398 254.145019531250 -10.113008499146 0.057580349020 -0.060162818519 0.945097391312 -0.315999777863
3327.000000000000 224.081634521484 253.961944580078 -10.107228279114 0.057630821142 -0.060418979986 0.944929875879 -0.316442356494
3327.000000000000 223.668045043945 253.603683471680 -10.070893287659 0.057345338630 -0.060869334607 0.942940363807 -0.322288545478
3327.000000000000 223.246307373047 253.223480224609 -10.044837951660 0.057168870605 -0.061684590102 0.940549835757 -0.329078619839
3327.000000000000 222.799987792969 252.824325561523 -10.016366004944 0.056927297965 -0.062045917063 0.938761415679 -0.334120623960
3328.000000000000 222.597076416016 252.640686035156 -10.003655433655 0.056834018267 -0.062164869201 0.937936995586 -0.336421782463
3328.000000000000 222.391845703125 252.453811645508 -9.978535652161 0.056620093776 -0.062236224869 0.937268624688 -0.338302146711
3328.000000000000 221.713134765625 251.842163085938 -9.932555198669 0.056278010012 -0.062570606912 0.935358210312 -0.343544353965
3328.000000000000 221.494384765625 251.648223876953 -9.927783012390 0.056412362806 -0.062673159900 0.934937618695 -0.344646731452
3328.000000000000 220.694946289062 250.930404663086 -9.845734596252 0.055770953214 -0.062764211982 0.933732052008 -0.347986651360
3328.000000000000 220.483978271484 250.738800048828 -9.830365180969 0.055970850377 -0.062943656107 0.933361383274 -0.348915302439
3328.000000000000 219.720748901367 249.907562255859 -9.714414596558 0.053955401918 -0.064289560659 0.926287886064 -0.367350539846
3328.000000000000 218.793640136719 248.890426635742 -9.672991752625 0.052965235797 -0.065548951217 0.919213417398 -0.384635817453
3329.000000000000 218.585906982422 248.659729003906 -9.684839248657 0.052998555282 -0.065580523653 0.918148247019 -0.387161651704
3329.000000000000 218.402313232422 248.440902709961 -9.692952156067 0.052957434231 -0.065688317280 0.916537370878 -0.390947314759
3329.000000000000 217.933135986328 247.760437011719 -9.645277976990 0.051075945738 -0.066638997254 0.907375096413 -0.411850611536
3329.000000000000 217.773300170898 247.529174804688 -9.666410446167 0.050876208823 -0.066644762516 0.904716939903 -0.417680913685
3329.000000000000 217.132568359375 246.607330322266 -9.660922050476 0.050233852791 -0.068021645844 0.896183349794 -0.435551396832
3329.000000000000 216.983367919922 246.367568969727 -9.663787841797 0.049885574794 -0.068208343902 0.893728941600 -0.440576474856
3329.000000000000 216.852386474609 246.117828369141 -9.690309524536 0.049401253347 -0.068243888514 0.889561330966 -0.448979872933
3329.000000000000 216.338714599609 245.121749877930 -9.711964607239 0.047319256599 -0.069714620488 0.874438659238 -0.477763320982
3329.000000000000 216.107284545898 244.641418457031 -9.689352035522 0.046375257161 -0.070506801225 0.868925690951 -0.487694853478
3329.000000000000 215.979583740234 244.376388549805 -9.694434165955 0.045910223320 -0.070621032714 0.866455089408 -0.492098058492
3330.000000000000 215.750915527344 243.880813598633 -9.691001892090 -0.045097688957 0.071254299779 -0.861301975955 0.501046833569
3330.000000000000 215.571395874023 243.357818603516 -9.731409072876 -0.043791972016 0.072002552900 -0.851291128228 0.517881560362
3330.000000000000 215.397003173828 242.816116333008 -9.756312370300 -0.042413843722 0.072484041583 -0.842321322885 0.532392635740
3330.000000000000 215.319381713867 242.539123535156 -9.713967323303 -0.042037297727 0.073024640977 -0.838468090906 0.538397184188
3330.000000000000 215.230194091797 242.252334594727 -9.725661277771 -0.042410578244 0.072528639190 -0.834870822945 0.543996000302
3330.000000000000 214.986557006836 241.454055786133 -9.733710289001 -0.045784368192 0.070510249527 -0.824780937332 0.559167686615
3330.000000000000 214.933181762695 241.174072265625 -9.751314163208 -0.045293778906 0.069189389174 -0.819241550382 0.567454477598
3330.000000000000 214.726242065430 240.060638427734 -9.808946609497 -0.043317571595 0.070408002144 -0.798135821523 0.596779282170
3330.000000000000 214.683059692383 239.765945434570 -9.817766189575 -0.042734203982 0.070827637777 -0.793853398879 0.602456649582
3330.000000000000 214.593017578125 239.174377441406 -9.832581520081 -0.041225786182 0.073146997028 -0.786412935867 0.611967846933
3330.000000000000 214.550048828125 238.902679443359 -9.864900588989 -0.040202421068 0.074259319472 -0.783141948708 0.616082792314
3330.000000000000 214.519683837891 238.613754272461 -9.862452507019 -0.038282600308 0.075759410916 -0.779266663875 0.620917402514
3331.000000000000 214.512954711914 238.302078247070 -9.861898422241 -0.035700603818 0.076222062696 -0.773216894788 0.628531063401
3331.000000000000 214.505859375000 237.749313354492 -9.892184257507 -0.032019452992 0.076118749676 -0.760960319578 0.643521625593
3331.000000000000 214.513046264648 237.441070556641 -9.916075706482 -0.031454045282 0.076572191489 -0.754609402336 0.650931634222
3331.000000000000 214.515686035156 237.154602050781 -9.936006546021 -0.030995669457 0.076770638005 -0.749333909473 0.656996369646
3331.000000000000 214.519119262695 236.864410400391 -9.955775260925 -0.030550685813 0.077184871582 -0.744458040524 0.662488775071
3331.000000000000 214.519012451172 236.563034057617 -9.994482994080 -0.030550462764 0.077012783981 -0.740132644626 0.667337522313
3331.000000000000 214.559143066406 235.716659545898 -10.062322616577 -0.028555073106 0.077407052248 -0.724295695848 0.684535244555
3331.000000000000 214.761108398438 234.014389038086 -10.203212738037 -0.024141303462 0.078319593431 -0.686414764418 0.722577338380
3331.000000000000 214.810195922852 233.733215332031 -10.232256889343 -0.023809073085 0.078599945390 -0.681741272879 0.726969059504
3332.000000000000 0.000000000000 0.000000000000 0.000000000000 0.000000000000 0.000000000000 0.000000000000 0.000000000000
3332.000000000000 214.135848999023 232.685531616211 -9.646250724792 0.011507386996 0.061518744872 -0.615829369952 0.785389846623
3332.000000000000 214.256774902344 232.432617187500 -9.669767379761 0.012851781518 0.060937965539 -0.607760708786 0.791674375564
3332.000000000000 214.386245727539 232.165893554688 -9.697667121887 0.012998887394 0.060947915590 -0.600124007221 0.797475740364
3332.000000000000 214.614288330078 231.676834106445 -9.759696960449 0.012869747312 0.061159579813 -0.587414317799 0.806869440892
3333.000000000000 214.974624633789 230.902557373047 -9.857544898987 0.013918976243 0.061028531524 -0.572132507784 0.817769022388
3333.000000000000 215.328201293945 230.151962280273 -9.965842247009 0.015482673400 0.060599026985 -0.560718423783 0.825640898928
3333.000000000000 215.449386596680 229.898544311523 -9.993074417114 0.015997813669 0.060773744434 -0.557840829440 0.827565242718
3333.000000000000 215.571289062500 229.648406982422 -10.017430305481 0.016454282085 0.061515225587 -0.554921269849 0.829462185932
3333.000000000000 216.084136962891 228.645996093750 -10.156223297119 0.016918153739 0.061689148061 -0.540990635799 0.838592485695
3333.000000000000 216.217346191406 228.396560668945 -10.195138931274 0.017232397807 0.061510762715 -0.538152827162 0.840423110792
3333.000000000000 216.350418090820 228.148193359375 -10.228857040405 0.017205635517 0.061479909767 -0.535540146814 0.842093188401
3333.000000000000 216.618682861328 227.643646240234 -10.316848754883 0.017380239481 0.061131180849 -0.531027893156 0.844967622275
3333.000000000000 217.009017944336 226.908020019531 -10.424662590027 0.017395118836 0.061144026415 -0.525765843856 0.848250608787
3333.000000000000 217.277984619141 226.404037475586 -10.484145164490 0.017978966858 0.061492957942 -0.523176467912 0.849812777203
3334.000000000000 217.805145263672 225.416397094727 -10.641739845276 0.017706555951 0.061055728537 -0.518814756363 0.852519750193
3334.000000000000 218.070327758789 224.924285888672 -10.712325096130 0.017620926842 0.061183660760 -0.517191371054 0.853498182951
3334.000000000000 218.334381103516 224.433380126953 -10.779931068420 0.017928242379 0.061067664578 -0.515995502282 0.854223600758
3334.000000000000 218.599227905273 223.937347412109 -10.864455223083 0.017862929952 0.060629594314 -0.515226059854 0.854720466161
3334.000000000000 218.733337402344 223.690231323242 -10.896556854248 0.018078042934 0.060659902519 -0.514676751638 0.855044678314
3334.000000000000 219.118148803711 222.977981567383 -10.969586372375 0.017985406098 0.061414575008 -0.513464392692 0.855721387241
3334.000000000000 219.387878417969 222.477279663086 -11.042123794556 0.017887408867 0.061349236683 -0.512922736065 0.856052906420
3334.000000000000 219.518112182617 222.237335205078 -11.071292877197 0.017957629289 0.061269395887 -0.512607373730 0.856246030692
3334.000000000000 219.651779174805 221.988464355469 -11.110497474670 0.017853279623 0.060964250609 -0.512471559311 0.856351283909
3334.000000000000 219.789703369141 221.751113891602 -11.139753341675 0.018202872145 0.060865582812 -0.510969144971 0.857248254103
3334.000000000000 220.063858032227 221.283676147461 -11.236621856689 0.018049992876 0.060316147184 -0.507735695177 0.859209301619
3335.000000000000 220.202774047852 221.033737182617 -11.298436164856 0.017872028621 0.059956227834 -0.507380559816 0.859447967510
3335.000000000000 220.891448974609 219.812072753906 -11.483180999756 0.017076066091 0.059794877150 -0.504946157267 0.860907868993
3335.000000000000 221.030914306641 219.568084716797 -11.504382133484 0.017235263291 0.059616133889 -0.504535322113 0.861157924552
3335.000000000000 221.301849365234 219.087738037109 -11.580132484436 0.017235193733 0.059589425564 -0.504102923738 0.861412961788
3335.000000000000 221.436950683594 218.850112915039 -11.624586105347 0.017214916728 0.059079909018 -0.503772826912 0.861641543716
3335.000000000000 221.709426879883 218.369888305664 -11.692616462708 0.017109376543 0.059131514480 -0.503308064621 0.861911669092
3335.000000000000 221.851470947266 218.120086669922 -11.727973937988 0.017214489975 0.058979690361 -0.503095589215 0.862044016030
3335.000000000000 221.989364624023 217.876892089844 -11.761859893799 0.017150031874 0.058901496649 -0.502949661347 0.862135794554
3335.000000000000 222.118606567383 217.625244140625 -11.795801162720 0.016935306440 0.058993563467 -0.504580620230 0.861180209104
3335.000000000000 222.365020751953 217.129608154297 -11.857811927795 0.016894656467 0.059130201752 -0.508673123595 0.858760643693
3335.000000000000 222.493545532227 216.881988525391 -11.891012191772 0.016724834290 0.059005530048 -0.509555614066 0.858249208281
3336.000000000000 222.895950317383 216.107681274414 -12.015044212341 0.016295925175 0.058725590933 -0.511765428596 0.856960847347
3336.000000000000 223.022964477539 215.864059448242 -12.042263031006 0.016123615118 0.059013111426 -0.512268122621 0.856643947193
3336.000000000000 223.875518798828 214.044021606445 -12.262405395508 0.014785102568 0.059436953737 -0.528003447487 0.847030701164
3336.000000000000 223.988388061523 213.773834228516 -12.291290283203 0.014544521405 0.059418235008 -0.530474314860 0.845490941122
3336.000000000000 224.087890625000 213.529327392578 -12.321617126465 0.014569011426 0.059351347416 -0.533063198330 0.843865385030
3336.000000000000 224.189834594727 213.282058715820 -12.356199264526 0.014448330142 0.059372978959 -0.535162261053 0.842536319378
3336.000000000000 224.737487792969 211.981185913086 -12.530127525330 0.013789307240 0.059203198366 -0.543083132122 0.837475699895
3336.000000000000 224.957321166992 211.448913574219 -12.576966285706 0.013578409739 0.059323979278 -0.545373504247 0.835980880844
3337.000000000000 225.268722534180 210.668014526367 -12.684966087341 0.012911774675 0.059643293632 -0.549349189289 0.833361525286
3337.000000000000 225.347091674805 210.406661987305 -12.713458061218 0.012659932588 0.059944474024 -0.553959103828 0.830286515262
3337.000000000000 225.499588012695 209.876983642578 -12.765726089478 0.011990085774 0.060084479169 -0.563173678226 0.824064015329
3337.000000000000 225.660415649414 209.323226928711 -12.829400062561 0.011504453359 0.060159615633 -0.570234794770 0.819195182501
3337.000000000000 225.795486450195 208.854736328125 -12.872261047363 0.011219625856 0.060435885075 -0.576111456752 0.815056570546
3337.000000000000 225.941116333008 208.346069335938 -12.928773880005 0.010488590428 0.060905707828 -0.580820701602 0.811682078659
3337.000000000000 226.097198486328 207.804565429688 -12.990570068359 0.010020743578 0.060846714679 -0.584440860699 0.809089699821
3337.000000000000 226.499435424805 206.424667358398 -13.110126495361 0.009503919842 0.062004777126 -0.591316546382 0.803996159877
3338.000000000000 226.717208862305 205.297698974609 -13.229234695435 0.007698059030 0.062072872592 -0.608533603091 0.791059133241
3338.000000000000 226.802749633789 204.765655517578 -13.291983604431 0.007184502089 0.062062456984 -0.616038357290 0.785234599792
3338.000000000000 226.846115112305 204.488143920898 -13.314642906189 0.006781912149 0.062403776718 -0.619273496751 0.782662194399
3338.000000000000 226.892333984375 204.182464599609 -13.343650817871 0.006620807492 0.062366492233 -0.622356897362 0.780216942819
3338.000000000000 226.937149047852 203.899017333984 -13.365676879883 0.006389617087 0.062560414662 -0.624897491834 0.778169963446
3338.000000000000 226.979751586914 203.621688842773 -13.391938209534 0.006208328496 0.062468025555 -0.627310647239 0.776234857695
3338.000000000000 227.369537353516 201.086944580078 -13.602564811707 0.004563400319 0.063871972710 -0.646774823317 0.759988075171
3339.000000000000 227.438079833984 199.604202270508 -13.763216018677 0.002766796526 0.063477195646 -0.667284979499 0.742087425177
3339.000000000000 227.453186035156 199.041976928711 -13.814930915833 0.002195127163 0.063485078436 -0.672838289547 0.737057299233
3339.000000000000 227.460113525391 198.770507812500 -13.833513259888 0.002052037805 0.063439614446 -0.675181037694 0.734916165830
3339.000000000000 227.509765625000 197.336807250977 -13.987048149109 0.001337681370 0.062987561199 -0.683382579975 0.727336941953
3339.000000000000 227.515380859375 197.053680419922 -14.012745857239 0.001161956937 0.063073009077 -0.684774796101 0.726019231155
3339.000000000000 227.512725830078 196.777542114258 -14.045849800110 0.000760400358 0.063021380395 -0.686985640051 0.723932633446
3339.000000000000 227.491592407227 196.502243041992 -14.030512809753 0.000111342943 0.063730469820 -0.691934464999 0.719141926858
3339.000000000000 227.463043212891 196.221923828125 -14.054888725281 -0.000312806684 0.063862620928 -0.696780866913 0.714435365379
3339.000000000000 227.411010742188 195.662246704102 -14.111002922058 -0.001053687068 0.063802826258 -0.704725413442 0.706604684922
3339.000000000000 227.354476928711 195.086990356445 -14.167229652405 -0.001678383763 0.063472496678 -0.711411592603 0.699901400987
3339.000000000000 227.300949096680 194.514770507812 -14.196692466736 -0.002045528413 0.063615225035 -0.716696089608 0.694475078097
3340.000000000000 227.274032592773 194.240173339844 -14.219025611877 -0.002199547152 0.063626547620 -0.718851649393 0.692242104032
3340.000000000000 227.221405029297 193.690338134766 -14.247216224670 -0.002506978633 0.064033727848 -0.722741238952 0.688141335972
3340.000000000000 227.194854736328 193.411224365234 -14.261035919189 -0.002723453877 0.064136174294 -0.724275983351 0.686515428732
3340.000000000000 227.141357421875 192.868621826172 -14.295481681824 -0.002856840540 0.064408901833 -0.727177030278 0.683415611808
3340.000000000000 227.112747192383 192.583541870117 -14.318593978882 -0.002978946131 0.064660038135 -0.728323637251 0.682169249358
3340.000000000000 227.086822509766 192.316055297852 -14.334544181824 -0.003090633106 0.064685340793 -0.729319578314 0.681101466275
3340.000000000000 226.832580566406 190.932968139648 -14.442810058594 -0.005724426639 0.064810511931 -0.747566574949 0.660992469323
3340.000000000000 226.772796630859 190.673492431641 -14.466636657715 -0.006065276337 0.064665823867 -0.750781236589 0.657350042543
3340.000000000000 226.707778930664 190.385360717773 -14.495797157288 -0.006275716555 0.064627571977 -0.753478958052 0.654257863610
3340.000000000000 226.413131713867 188.998245239258 -14.584258079529 -0.007363752997 0.064668212343 -0.764073248479 0.641837883280
3341.000000000000 226.345809936523 188.709426879883 -14.612654685974 -0.007534537148 0.064463691092 -0.765636278451 0.639991212752
3341.000000000000 226.220504760742 188.161727905273 -14.648645401001 -0.007574694397 0.064505022401 -0.768398799916 0.636667111116
3341.000000000000 226.155853271484 187.884811401367 -14.667415618896 -0.007749387146 0.064815591437 -0.769612715440 0.635165454302
3341.000000000000 226.020401000977 187.329071044922 -14.695815086365 -0.008175444281 0.065084113215 -0.772526446857 0.631585393454
3341.000000000000 225.750152587891 186.545730590820 -14.761200904846 -0.009929006772 0.065756574637 -0.784261149697 0.616856496110
3341.000000000000 225.664901733398 186.305740356445 -14.766096115112 -0.010289197943 0.066010068347 -0.787456593228 0.612738865312
3341.000000000000 225.563201904297 186.028518676758 -14.774065971375 -0.010465585658 0.066110315451 -0.790610411531 0.608650207333
3341.000000000000 225.466491699219 185.765579223633 -14.788032531738 -0.010584147699 0.066032045392 -0.793379922108 0.605042183649
3341.000000000000 225.270156860352 185.222274780273 -14.808743476868 -0.010745153980 0.065899136217 -0.798090801138 0.598826284202
3341.000000000000 225.165512084961 184.945236206055 -14.845146179199 -0.011435026212 0.065839376299 -0.800041248769 0.596211721599
3341.000000000000 224.785232543945 183.896881103516 -14.936967849731 -0.011972267384 0.065423484697 -0.806134427602 0.587982752381
3341.000000000000 224.685928344727 183.630828857422 -14.947545051575 -0.011989361765 0.065496838251 -0.807469386913 0.586139581142
3342.000000000000 224.488540649414 183.100677490234 -14.997161865234 -0.012521955684 0.065624490865 -0.809431489802 0.583401482807
3342.000000000000 224.264129638672 182.598480224609 -15.011230468750 -0.013278653957 0.065834010057 -0.815091359114 0.575426482504
3342.000000000000 224.129257202148 182.340881347656 -15.011844635010 -0.013639124648 0.066270938517 -0.819167428853 0.569549699757
3342.000000000000 224.000808715820 182.090286254883 -15.007249832153 -0.013769071970 0.066170260751 -0.822657167406 0.564506062116
3342.000000000000 223.880218505859 181.849685668945 -15.012034416199 -0.013789134726 0.066168209182 -0.825394462402 0.560495860192
3342.000000000000 223.746002197266 181.591445922852 -15.029959678650 -0.014108736982 0.065707185095 -0.828097820636 0.556540662329
3342.000000000000 223.622848510742 181.351303100586 -15.035193443298 -0.014039218087 0.065453340505 -0.830524139342 0.552945218393
3342.000000000000 223.491683959961 181.100677490234 -15.045708656311 -0.014374102595 0.065748662278 -0.832814856547 0.549445095799
3342.000000000000 223.359161376953 180.849899291992 -15.060686111450 -0.014733844334 0.065684845429 -0.834930899247 0.546222306752
3342.000000000000 222.973312377930 180.104125976562 -15.099743843079 -0.015463710259 0.065489661279 -0.839959029779 0.538461517866
3342.000000000000 222.843597412109 179.864212036133 -15.128046989441 -0.015825698496 0.065445079200 -0.841399080924 0.536203390045
3342.000000000000 222.713455200195 179.617279052734 -15.136152267456 -0.015862694490 0.065400576878 -0.842680701621 0.534191327694
3342.000000000000 222.588455200195 179.377990722656 -15.133137702942 -0.015637980718 0.065192391595 -0.843891446581 0.532308775077
3342.000000000000 222.448394775391 179.111160278320 -15.138632774353 -0.015619351654 0.065106778996 -0.844915568347 0.530692778872
3342.000000000000 222.180465698242 178.623565673828 -15.157108306885 -0.016046636725 0.065360066650 -0.847609684037 0.526334865521
3343.000000000000 221.856521606445 178.144760131836 -15.160569190979 -0.016976457955 0.065853552181 -0.854664446868 0.514707482752
3343.000000000000 221.704559326172 177.929656982422 -15.163719177246 -0.017003026539 0.065599519768 -0.857973319292 0.509204657753
3343.000000000000 221.222076416016 177.228332519531 -15.189962387085 0.017757195815 -0.065058740492 0.865580546999 -0.496207979520
3343.000000000000 221.054504394531 176.992767333984 -15.205918312073 0.018123444972 -0.064891102221 0.867625415704 -0.492632544215
3343.000000000000 220.727371215820 176.527801513672 -15.238553047180 0.018631624190 -0.064942641713 0.870994486056 -0.486625031341
3343.000000000000 220.564392089844 176.295547485352 -15.243661880493 0.018782011282 -0.064811786207 0.872436940169 -0.484045921220
3343.000000000000 220.240722656250 175.838348388672 -15.261722564697 0.019031216390 -0.064889784768 0.875106876510 -0.479181680911
3343.000000000000 220.078125000000 175.608932495117 -15.264998435974 0.019123555800 -0.064785557938 0.876252273790 -0.477094407612
3343.000000000000 219.912399291992 175.380950927734 -15.284434318542 0.019423295828 -0.064861471131 0.877362242521 -0.475027599768
3343.000000000000 219.421661376953 174.698898315430 -15.301711082458 0.019781426514 -0.064877851086 0.880479640647 -0.469206950086
3343.000000000000 219.048294067383 174.284622192383 -15.301939964294 0.020734235899 -0.065053049465 0.887046695884 -0.456603056864
3344.000000000000 218.117141723633 173.226211547852 -15.297504425049 0.021294968835 -0.064458045233 0.898510327885 -0.433671391022
3344.000000000000 217.735809326172 172.813079833984 -15.304565429688 0.021761806458 -0.064188776496 0.901648171595 -0.427126210166
3344.000000000000 216.781021118164 171.759872436523 -15.314409255981 0.022160912513 -0.063324905822 0.906972996568 -0.415811055354
3344.000000000000 216.387832641602 171.351242065430 -15.326336860657 0.022387548162 -0.063297127737 0.909148689035 -0.411024248109
3344.000000000000 216.174423217773 171.169296264648 -15.330929756165 0.023172737361 -0.063329412928 0.911988541034 -0.404634786844
3344.000000000000 215.959335327148 170.990722656250 -15.328126907349 0.023523360862 -0.063435296094 0.914848320615 -0.398089393191
3344.000000000000 215.745651245117 170.811096191406 -15.331865310669 0.023916092974 -0.063329646314 0.917206847177 -0.392618104379
3344.000000000000 215.527328491211 170.628311157227 -15.326625823975 0.024195540434 -0.063108142178 0.919432333419 -0.387396595852
3344.000000000000 215.099227905273 170.265838623047 -15.316898345947 0.024642395061 -0.062814283017 0.923147005970 -0.378479488986
3345.000000000000 214.460891723633 169.720947265625 -15.312533378601 0.025038655701 -0.062514542282 0.927182211800 -0.368507996989
3345.000000000000 214.244003295898 169.540023803711 -15.308705329895 0.024995776816 -0.062504740054 0.928338569656 -0.365589754646
3345.000000000000 213.820831298828 169.183975219727 -15.302186012268 0.025227535079 -0.062337404337 0.930230219208 -0.360762191430
3345.000000000000 213.602584838867 169.003906250000 -15.306195259094 0.025413685734 -0.062369404651 0.931079738628 -0.358545286201
3345.000000000000 213.378707885742 168.821258544922 -15.312685012817 0.025944194673 -0.062525031385 0.931894491700 -0.356356809325
3345.000000000000 213.160873413086 168.641403198242 -15.316071510315 0.026304181340 -0.062575378989 0.932554629043 -0.354590292928
3345.000000000000 212.935531616211 168.453292846680 -15.315811157227 0.026398952757 -0.062613012545 0.933092881703 -0.353157726900
3345.000000000000 211.829315185547 167.649566650391 -15.327665328979 0.028110583862 -0.061692560281 0.941046844900 -0.331413124039
3345.000000000000 211.590301513672 167.484558105469 -15.315981864929 0.028284351227 -0.061605129391 0.942316337875 -0.327787618562
3345.000000000000 211.363250732422 167.329864501953 -15.306877136230 0.028506653115 -0.061627198812 0.943522076500 -0.324276965343
3345.000000000000 211.136032104492 167.174468994141 -15.306027412415 0.028869062135 -0.061629182537 0.944497309111 -0.321392679121
3345.000000000000 210.665954589844 166.850692749023 -15.281435012817 0.029096505957 -0.061702861209 0.946311580232 -0.315975542373
3345.000000000000 210.426528930664 166.694625854492 -15.286930084229 0.029528772137 -0.061371038371 0.947296142132 -0.313036206160
3346.000000000000 210.194305419922 166.538391113281 -15.281366348267 0.029840937242 -0.061253791750 0.948026048998 -0.310812004084
3346.000000000000 209.957595825195 166.377197265625 -15.274456977844 0.029920250675 -0.061233004609 0.948606506676 -0.309032349824
3346.000000000000 209.511535644531 166.072174072266 -15.265721321106 0.030243684934 -0.060765794737 0.949563043645 -0.306141901502
3346.000000000000 209.280441284180 165.914840698242 -15.253986358643 0.030311629433 -0.060966738452 0.950010775455 -0.304702787061
3346.000000000000 209.047790527344 165.756835937500 -15.229705810547 0.030035075275 -0.060998689916 0.950542510352 -0.303061033614
3346.000000000000 208.789443969727 165.592163085938 -15.220891952515 0.030448857270 -0.061256775973 0.951296142492 -0.300592953625
3346.000000000000 208.296386718750 165.287338256836 -15.209211349487 0.030865026306 -0.061227214053 0.953047061156 -0.294957416642
3346.000000000000 208.059494018555 165.138580322266 -15.205551147461 0.031177489471 -0.061107264094 0.953620555062 -0.293089923725
3346.000000000000 207.111434936523 164.529373168945 -15.201947212219 0.031708609373 -0.061000727050 0.954992593829 -0.288552631459
3346.000000000000 206.869552612305 164.376937866211 -15.192148208618 0.031835014997 -0.061056385790 0.955376962656 -0.287251647166
3346.000000000000 206.388458251953 164.069763183594 -15.169694900513 0.031773157610 -0.060658577463 0.955954592112 -0.285415173485
3346.000000000000 206.140686035156 163.914352416992 -15.170782089233 0.032036223127 -0.060335468660 0.956210601148 -0.284595498701
3346.000000000000 205.905059814453 163.765014648438 -15.165987014771 0.032082455324 -0.060274291069 0.956411741335 -0.283926587223
3346.000000000000 205.663360595703 163.612670898438 -15.168710708618 0.032436481139 -0.060180630061 0.956563247087 -0.283395343609
3347.000000000000 205.427841186523 163.463470458984 -15.160728454590 0.032489311036 -0.059832365213 0.956765446408 -0.282779796486
3347.000000000000 204.967117309570 163.173431396484 -15.156230926514 0.032804996149 -0.059899349511 0.957086863317 -0.281639195111
3347.000000000000 204.729385375977 163.023025512695 -15.149072647095 0.032961515398 -0.059898030346 0.957215781869 -0.281182701110
3347.000000000000 204.487304687500 162.880569458008 -15.144947052002 0.033284160002 -0.060027599553 0.957745353013 -0.279307520070
3347.000000000000 204.004745483398 162.584320068359 -15.100759506226 0.032939542012 -0.060230078164 0.958454464422 -0.276861633106
3347.000000000000 203.771453857422 162.440200805664 -15.094547271729 0.033082764811 -0.060209191098 0.958587265795 -0.276388924950
3347.000000000000 203.046539306641 161.994949340820 -15.067287445068 0.033303426369 -0.060354404081 0.959100300924 -0.274544787726
3347.000000000000 202.805755615234 161.845413208008 -15.058458328247 0.033320244514 -0.060186032061 0.959162305855 -0.274363033002
3347.000000000000 202.093551635742 161.411224365234 -15.060632705688 0.034084736941 -0.059877364177 0.959438005222 -0.273370894761
3347.000000000000 201.865661621094 161.270843505859 -15.045010566711 0.033918440290 -0.059972292170 0.959559671847 -0.272943400258
3347.000000000000 201.409408569336 160.987304687500 -15.018346786499 0.033618362470 -0.059808243454 0.959655531610 -0.272679372834
3348.000000000000 200.705871582031 160.552261352539 -14.984688758850 0.033660479018 -0.059922410575 0.959777454818 -0.272219606358
3348.000000000000 200.220977783203 160.261718750000 -14.967933654785 0.033832968304 -0.060015498627 0.960162698867 -0.270815549564
3348.000000000000 199.976730346680 160.111465454102 -14.958817481995 0.033998716369 -0.060160574452 0.960152809339 -0.270797664843
3348.000000000000 199.737243652344 159.966888427734 -14.950423240662 0.034041268000 -0.060145850781 0.960265981922 -0.270393995257
3348.000000000000 199.508453369141 159.829376220703 -14.951429367065 0.034155547864 -0.060012170911 0.960334353285 -0.270166370582
3348.000000000000 199.259277343750 159.679183959961 -14.947014808655 0.034262979527 -0.059862550712 0.960414928179 -0.269899405309
3348.000000000000 198.764694213867 159.376358032227 -14.918928146362 0.034141380976 -0.059782191035 0.960499308416 -0.269632220389
3348.000000000000 198.516662597656 159.225372314453 -14.908637046814 0.034276016977 -0.059775412512 0.960533989870 -0.269493059323
3348.000000000000 198.033004760742 158.929565429688 -14.888577461243 0.034137139389 -0.059521324175 0.960570321772 -0.269437422443
3348.000000000000 197.800369262695 158.787902832031 -14.872966766357 0.033998343398 -0.059610019981 0.960644998078 -0.269168991215
3348.000000000000 197.306427001953 158.485366821289 -14.846670150757 0.033907961204 -0.059268220422 0.960684262972 -0.269115728066
3348.000000000000 196.815155029297 158.188385009766 -14.837539672852 0.034158355416 -0.059202309845 0.960740252312 -0.268898607011
3348.000000000000 196.574615478516 158.040481567383 -14.830995559692 0.034067557653 -0.059173443068 0.960683796836 -0.269118092382
3348.000000000000 196.088226318359 157.745376586914 -14.816862106323 0.034125762866 -0.058930924364 0.960745067648 -0.268945149522
3349.000000000000 195.852951049805 157.601165771484 -14.802598953247 0.034129035117 -0.059144702885 0.960742917031 -0.268905486105
3349.000000000000 194.383819580078 156.709854125977 -14.733306884766 0.034082739137 -0.059343112063 0.961024562365 -0.267859202707
3349.000000000000 193.907485961914 156.418991088867 -14.704166412354 0.033932685018 -0.059402632175 0.961033048016 -0.267834614640
3349.000000000000 193.670639038086 156.277511596680 -14.706612586975 0.034142354688 -0.059625088935 0.961034564889 -0.267753083035
3349.000000000000 193.207870483398 155.995315551758 -14.687490463257 0.033969841486 -0.059326734629 0.961012082186 -0.267921940720
3349.000000000000 192.963180541992 155.846832275391 -14.678738594055 0.033933129263 -0.059350758397 0.961015416613 -0.267909311610
3349.000000000000 192.715972900391 155.698303222656 -14.671395301819 0.034015566237 -0.059316464930 0.961064900564 -0.267728883658
3349.000000000000 192.474563598633 155.550506591797 -14.653188705444 0.033876951833 -0.059424002017 0.961070935238 -0.267700948000
3349.000000000000 191.992355346680 155.259826660156 -14.641726493835 0.033986789981 -0.059489684912 0.961097623735 -0.267576593046
3349.000000000000 191.756866455078 155.120086669922 -14.644921302795 0.034299469028 -0.059477714336 0.961132332419 -0.267414635914
3349.000000000000 191.514053344727 154.973541259766 -14.631158828735 0.034093159980 -0.059667781605 0.961185028913 -0.267209192348
3349.000000000000 191.274871826172 154.828765869141 -14.620619773865 0.034252445837 -0.059697580904 0.961186088774 -0.267178351547
3350.000000000000 190.784805297852 154.535858154297 -14.607715606689 0.034365184220 -0.059762692041 0.961291199666 -0.266770845853
3350.000000000000 190.553558349609 154.396240234375 -14.598848342896 0.034276375866 -0.059389062523 0.961318194776 -0.266768434605
3350.000000000000 189.126739501953 153.536209106445 -14.558735847473 0.034250821214 -0.058920584094 0.961330237189 -0.266832196487
3350.000000000000 188.637283325195 153.238784790039 -14.528172492981 0.034044543909 -0.058990433532 0.961343695348 -0.266794672355
3350.000000000000 188.165206909180 152.950668334961 -14.501042366028 0.033970588053 -0.059531812196 0.961260105566 -0.266984965741
3350.000000000000 187.916397094727 152.797973632812 -14.490573883057 0.033997415957 -0.059455359908 0.961181977549 -0.267279707275
3350.000000000000 187.676162719727 152.651885986328 -14.476156234741 0.033781163456 -0.059378309621 0.961205644099 -0.267239142145
3350.000000000000 187.440246582031 152.508499145508 -14.465128898621 0.033873735639 -0.059340716789 0.961194048547 -0.267277478292
3350.000000000000 186.949829101562 152.214309692383 -14.452367782593 0.034076878919 -0.059175601195 0.961267626477 -0.267023528614
3350.000000000000 186.714218139648 152.069381713867 -14.436556816101 0.033928846231 -0.059176150403 0.961219102776 -0.267216865253
3350.000000000000 186.473495483398 151.923889160156 -14.427695274353 0.033842618772 -0.059168386571 0.961231563448 -0.267184693830
3351.000000000000 186.226715087891 151.772827148438 -14.412580490112 0.033562123963 -0.059106789787 0.961216797040 -0.267286812852
3351.000000000000 185.257400512695 151.182601928711 -14.361656188965 0.033286496224 -0.058570936633 0.961216109632 -0.267441666790
3351.000000000000 184.796203613281 150.907684326172 -14.354075431824 0.033498847414 -0.058394358872 0.961344508650 -0.266991875837
3351.000000000000 184.560348510742 150.769271850586 -14.358546257019 0.033706499472 -0.058541116660 0.961417898930 -0.266669145516
3351.000000000000 184.322647094727 150.624771118164 -14.342844009399 0.033543970574 -0.058524074414 0.961428200974 -0.266656237738
3351.000000000000 184.088043212891 150.483367919922 -14.335917472839 0.033590247783 -0.058475010675 0.961425803765 -0.266669818754
3351.000000000000 183.845825195312 150.337158203125 -14.326463699341 0.033596884818 -0.058584535977 0.961423632943 -0.266652769521
3351.000000000000 183.606811523438 150.190063476562 -14.305528640747 0.033496768486 -0.058480344120 0.961394447813 -0.266793424896
3351.000000000000 182.639434814453 149.608062744141 -14.270771980286 0.033754608888 -0.058490257990 0.961468001442 -0.266493523940
3351.000000000000 182.396804809570 149.462936401367 -14.265726089478 0.033858842804 -0.058568822399 0.961483682723 -0.266406455748
3351.000000000000 182.153350830078 149.314834594727 -14.256820678711 0.033844724940 -0.058511293205 0.961433071637 -0.266603473202
3351.000000000000 181.897140502930 149.161743164062 -14.255662918091 0.033892571155 -0.058553505960 0.961437618019 -0.266571729969
3351.000000000000 181.659912109375 149.019973754883 -14.247866630554 0.033927737095 -0.058615883208 0.961482832958 -0.266390406768
3352.000000000000 181.177093505859 148.731048583984 -14.239250183105 0.034233040739 -0.058864543888 0.961484965648 -0.266288800416
3352.000000000000 180.714004516602 148.455322265625 -14.233167648315 0.034669382874 -0.059227789845 0.961513570034 -0.266048411837
3352.000000000000 180.463943481445 148.304138183594 -14.219785690308 0.034557787104 -0.059092289033 0.961523532625 -0.266057055790
3352.000000000000 180.224273681641 148.161819458008 -14.213541030884 0.034722653663 -0.059235586345 0.961570805753 -0.265832782320
3352.000000000000 179.987640380859 148.020538330078 -14.205993652344 0.034794178955 -0.059346577868 0.961594994125 -0.265711151592
3352.000000000000 179.749847412109 147.880157470703 -14.209795951843 0.034997396928 -0.059199379570 0.961614475580 -0.265646788089
3352.000000000000 179.514846801758 147.738739013672 -14.198488235474 0.034958779293 -0.059146416279 0.961624317895 -0.265628041487
3352.000000000000 179.020584106445 147.443801879883 -14.191913604736 0.034992097881 -0.058843117053 0.961640518835 -0.265632364736
3352.000000000000 178.123291015625 146.903717041016 -14.162693023682 0.035181871772 -0.058516819376 0.961567111619 -0.265944933401
3352.000000000000 177.629516601562 146.599456787109 -14.126181602478 0.034899691769 -0.058384457589 0.961410430829 -0.266576912202
3352.000000000000 177.382431030273 146.449035644531 -14.112883567810 0.034664574243 -0.058457599463 0.961389348213 -0.266667578645
3352.000000000000 177.138778686523 146.299591064453 -14.095606803894 0.034675452445 -0.058501039380 0.961341632797 -0.266828608738
3353.000000000000 176.664230346680 146.014678955078 -14.072930335999 0.034837406512 -0.058787417130 0.961421639616 -0.266456048108
3353.000000000000 176.420440673828 145.871444702148 -14.080453872681 0.035128501540 -0.058510733071 0.961467939231 -0.266311630099
3353.000000000000 176.180801391602 145.727676391602 -14.068923950195 0.035062640085 -0.058568557080 0.961509467386 -0.266157621567
3353.000000000000 175.698684692383 145.433197021484 -14.018812179565 0.034423730946 -0.058564116598 0.961570316816 -0.266022135947
3353.000000000000 175.223114013672 145.149505615234 -14.015954017639 0.034888949320 -0.059141238507 0.961527848232 -0.265987353454
3353.000000000000 174.745208740234 144.858688354492 -13.987750053406 0.034858824617 -0.059201947198 0.961458479510 -0.266228443207
3353.000000000000 174.251617431641 144.564086914062 -13.978166580200 0.035330598102 -0.059747013197 0.961462399317 -0.266030257587
3353.000000000000 173.744827270508 144.261962890625 -13.976689338684 0.035863109459 -0.059639726537 0.961445620824 -0.266043715577
3353.000000000000 173.503631591797 144.118362426758 -13.975873947144 0.036092748258 -0.059786987916 0.961436853433 -0.266011290098
3353.000000000000 173.261672973633 143.972915649414 -13.962884902954 0.036039568168 -0.059705385136 0.961473361309 -0.265904855175
3353.000000000000 173.018920898438 143.825363159180 -13.946628570557 0.036080042965 -0.059715751015 0.961452913300 -0.265970966624
3353.000000000000 172.782150268555 143.685684204102 -13.945066452026 0.036288784309 -0.059798532497 0.961504312286 -0.265738061066
3353.000000000000 172.542556762695 143.545059204102 -13.948096275330 0.036457189194 -0.059478001333 0.961570168154 -0.265548587699
3353.000000000000 172.043640136719 143.241531372070 -13.893467903137 0.036375247202 -0.059805972527 0.961620472526 -0.265303889645
3354.000000000000 171.802261352539 143.097915649414 -13.888509750366 0.036583007428 -0.059850266393 0.961626843406 -0.265242234989
3354.000000000000 170.819839477539 142.513015747070 -13.873151779175 0.037015252425 -0.059891821550 0.961626323446 -0.265174762855
3354.000000000000 170.582916259766 142.371643066406 -13.863478660583 0.037098235468 -0.059654659793 0.961662965819 -0.265083727646
3354.000000000000 170.344451904297 142.226898193359 -13.841595649719 0.036975077100 -0.059907942450 0.961661268049 -0.265049971966
3354.000000000000 169.618728637695 141.789352416992 -13.801124572754 0.037174649196 -0.059829368318 0.961620563996 -0.265187448882
3354.000000000000 169.366790771484 141.640899658203 -13.798393249512 0.037320059429 -0.059585116635 0.961681036048 -0.265002664036
3354.000000000000 169.121383666992 141.493469238281 -13.797792434692 0.037415693344 -0.059664899358 0.961597817340 -0.265273073195
3354.000000000000 168.879058837891 141.344680786133 -13.780770301819 0.037327435622 -0.059797985571 0.961504240014 -0.265594540431
3354.000000000000 168.639312744141 141.203582763672 -13.775698661804 0.037324990401 -0.060024769103 0.961583181359 -0.265257719046
3354.000000000000 168.123962402344 140.893737792969 -13.764646530151 0.037596701799 -0.059918278203 0.961488432447 -0.265586675534
3354.000000000000 167.876449584961 140.747055053711 -13.761371612549 0.037796903712 -0.059892260098 0.961516438455 -0.265462708925
3354.000000000000 167.379379272461 140.452728271484 -13.755755424500 0.037893171307 -0.059693978959 0.961591567013 -0.265221406931
3354.000000000000 167.135833740234 140.307052612305 -13.747756004333 0.037921881114 -0.059529329028 0.961600742809 -0.265221042431
3355.000000000000 166.899688720703 140.167907714844 -13.753915786743 0.038192480351 -0.059758051412 0.961573967611 -0.265227854023
3355.000000000000 166.448059082031 139.899368286133 -13.742033004761 0.038195789360 -0.059396629451 0.961644642234 -0.265052266821
3355.000000000000 166.209442138672 139.758544921875 -13.738897323608 0.038490304606 -0.059522266826 0.961668045250 -0.264896521209
3355.000000000000 165.985595703125 139.624755859375 -13.722057342529 0.038465071384 -0.059429538526 0.961736125916 -0.264673746983
3355.000000000000 165.459197998047 139.306243896484 -13.673228263855 0.038325905217 -0.059155200689 0.961778849448 -0.264600136006
3355.000000000000 165.211288452148 139.161071777344 -13.675193786621 0.038619322465 -0.059108756332 0.961810115656 -0.264454162907
3355.000000000000 164.959335327148 139.011077880859 -13.668984413147 0.038759457257 -0.059205806308 0.961792960291 -0.264474343761
3355.000000000000 164.468597412109 138.713226318359 -13.628940582275 0.038627768985 -0.058944932606 0.961751758716 -0.264701615012
3355.000000000000 164.228713989258 138.572814941406 -13.627683639526 0.038918016192 -0.058730283228 0.961816408013 -0.264471811589
3355.000000000000 163.979354858398 138.425537109375 -13.623578071594 0.039045203465 -0.058742948726 0.961836720162 -0.264376363940
3355.000000000000 163.276153564453 138.003097534180 -13.563950538635 0.038727489880 -0.058773455505 0.961944232384 -0.264024915943
3355.000000000000 162.759384155273 137.694488525391 -13.547750473022 0.039202343623 -0.059057278491 0.961855381052 -0.264215139711
3355.000000000000 162.259185791016 137.395523071289 -13.525641441345 0.039110953639 -0.059011964033 0.961850907127 -0.264255092412
3356.000000000000 161.762344360352 137.099914550781 -13.506793022156 0.039211027735 -0.059314629699 0.961856102814 -0.264153567999
3356.000000000000 161.515029907227 136.951873779297 -13.498959541321 0.039420095893 -0.059531080874 0.961799585120 -0.264279519662
3356.000000000000 161.276321411133 136.808303833008 -13.483282089233 0.039483811998 -0.059852789169 0.961773961959 -0.264290594455
3356.000000000000 161.051055908203 136.672149658203 -13.459612846375 0.039224331863 -0.059701791643 0.961820930569 -0.264192440059
3356.000000000000 160.562164306641 136.382675170898 -13.445082664490 0.039514481976 -0.059629092333 0.961861808931 -0.264016737315
3356.000000000000 160.321228027344 136.238861083984 -13.434194564819 0.039681846377 -0.059585934869 0.961853291596 -0.264032408769
3356.000000000000 160.088638305664 136.096527099609 -13.411511421204 0.039645398882 -0.059610490899 0.961787810811 -0.264270767772
3356.000000000000 159.619735717773 135.813140869141 -13.359513282776 0.039642360358 -0.059939243075 0.961840353535 -0.264005501298
3356.000000000000 158.901260375977 135.384445190430 -13.322785377502 0.040063285243 -0.060152252176 0.961836618260 -0.263907103936
3356.000000000000 158.659774780273 135.238815307617 -13.304147720337 0.040094719529 -0.060101428104 0.961823014351 -0.263963483973
3356.000000000000 158.411361694336 135.093170166016 -13.303203582764 0.040419921964 -0.060035736880 0.961843954531 -0.263852510577
3356.000000000000 158.166961669922 134.945632934570 -13.283451080322 0.040215136412 -0.059907385548 0.961844005691 -0.263912782330
3356.000000000000 157.677032470703 134.652725219727 -13.254908561707 0.040153664237 -0.060211435544 0.961845097983 -0.263848960133
3356.000000000000 157.427154541016 134.505691528320 -13.246968269348 0.040253612284 -0.060311347459 0.961890145103 -0.263646613518
3357.000000000000 157.185546875000 134.361160278320 -13.238301277161 0.040247295653 -0.060321468738 0.961850746703 -0.263788962373
3357.000000000000 156.950256347656 134.221954345703 -13.229308128357 0.040427440076 -0.060524223322 0.961863485536 -0.263668495790
3357.000000000000 156.707595825195 134.078842163086 -13.219779014587 0.040358481435 -0.060521785667 0.961916566401 -0.263485911803
3357.000000000000 155.958465576172 133.635971069336 -13.204658508301 0.040843541948 -0.060917352912 0.961872303060 -0.263481600497
3357.000000000000 155.026763916016 133.069061279297 -13.117125511169 0.040197355036 -0.061280106383 0.961685377919 -0.264178263879
3357.000000000000 154.545257568359 132.786621093750 -13.126420974731 0.040510057439 -0.061418243160 0.961665975577 -0.264169048283
3357.000000000000 154.297271728516 132.637725830078 -13.107624053955 0.040515426749 -0.061370643703 0.961686500227 -0.264104561807
3357.000000000000 154.056228637695 132.496139526367 -13.100974082947 0.040821610601 -0.061570590486 0.961726104216 -0.263866555220
3357.000000000000 153.581695556641 132.208343505859 -13.053662300110 0.040848162576 -0.061792048060 0.961692024518 -0.263934879068
3357.000000000000 153.097229003906 131.920364379883 -13.021185874939 0.041078932196 -0.061890319539 0.961786759476 -0.263530527593
3357.000000000000 152.846878051758 131.771499633789 -12.995407104492 0.040990020286 -0.061796843976 0.961896820034 -0.263164351537
3357.000000000000 152.599411010742 131.625564575195 -12.993081092834 0.041206861106 -0.061805944265 0.961872549457 -0.263217055779
3358.000000000000 152.365020751953 131.488113403320 -12.985410690308 0.041415451053 -0.061689119247 0.961925912372 -0.263016638425
3358.000000000000 152.126892089844 131.345230102539 -12.975425720215 0.041533826635 -0.061683644537 0.961855423324 -0.263256935074
3358.000000000000 151.883132934570 131.199310302734 -12.966077804565 0.041621571610 -0.061482836996 0.961809895937 -0.263456314421
3358.000000000000 151.634765625000 131.053161621094 -12.958656311035 0.041970648439 -0.061585470178 0.961825489080 -0.263320001308
3358.000000000000 151.390991210938 130.908981323242 -12.953853607178 0.041930547852 -0.061705248153 0.961812901076 -0.263344327509
3358.000000000000 150.914077758789 130.624145507812 -12.927690505981 0.041888644052 -0.061495131575 0.961808660025 -0.263415625566
3358.000000000000 150.674697875977 130.477935791016 -12.904003143311 0.041772881477 -0.061453399179 0.961749939164 -0.263658037278
3358.000000000000 149.966476440430 130.058181762695 -12.879133224487 0.041954351315 -0.061346062886 0.961783377850 -0.263532212575
3358.000000000000 148.486312866211 129.173324584961 -12.795522689819 0.042239320738 -0.061285085628 0.961729938250 -0.263695854986
3358.000000000000 148.252456665039 129.034347534180 -12.792654991150 0.042403495116 -0.061260109418 0.961682424306 -0.263848550074
3358.000000000000 147.763595581055 128.741012573242 -12.754054069519 0.042186349233 -0.061247202428 0.961726462707 -0.263725810385
3359.000000000000 147.518081665039 128.593643188477 -12.745256423950 0.042154413823 -0.061088337742 0.961677615650 -0.263945797362
3359.000000000000 147.265365600586 128.443389892578 -12.733659744263 0.042403498826 -0.061080337189 0.961682478642 -0.263890026277
3359.000000000000 146.073501586914 127.734146118164 -12.686233520508 0.042962479794 -0.061186305216 0.961656134677 -0.263871067042
3359.000000000000 145.830001831055 127.589317321777 -12.672954559326 0.043102629954 -0.061164544218 0.961676406832 -0.263779359246
3359.000000000000 145.330490112305 127.285293579102 -12.643693923950 0.043161743632 -0.061272690457 0.961461624593 -0.264526493427
3359.000000000000 145.081436157227 127.136825561523 -12.635170936584 0.043253893656 -0.061224215296 0.961458151101 -0.264535290323
3359.000000000000 144.841659545898 126.990875244141 -12.608870506287 0.043221098798 -0.061256699178 0.961456870543 -0.264537784654
3359.000000000000 143.880096435547 126.415016174316 -12.569416999817 0.043422256986 -0.061227837885 0.961382472074 -0.264781800461
3359.000000000000 143.641830444336 126.275207519531 -12.579132080078 0.043717668776 -0.061364946185 0.961335207664 -0.264873040005
3359.000000000000 143.178085327148 125.997589111328 -12.563057899475 0.043538164798 -0.060987083126 0.961332830960 -0.264998475499
3360.000000000000 142.223007202148 125.425178527832 -12.506335258484 0.043654430206 -0.061242399457 0.961397320607 -0.264686325982
3360.000000000000 141.741439819336 125.133552551270 -12.474831581116 0.043521180568 -0.061029489714 0.961338516825 -0.264970874430
3360.000000000000 141.500000000000 124.989280700684 -12.457367897034 0.043565495243 -0.060946560437 0.961398178423 -0.264766136279
3360.000000000000 141.260208129883 124.848297119141 -12.448259353638 0.043621036729 -0.060950735183 0.961486099552 -0.264436558372
