0 0
1 17
2 18
3 19
4 20
5 21
6 22
7 23
8 24
9 25
10 26
11 27
12 37
13 38
14 39
15 40
16 41
17 42
18 43
19 44
20 45
21 46
22 47
23 57
24 58
25 59
26 60
27 61
28 62
29 63
30 64
31 65
32 66
33 67
34 68
35 69
36 70
37 71
38 72
39 73
40 74
41 77
42 78
43 79
44 80
45 81
46 82
47 83
48 84
49 85
50 86
51 87
52 88
53 89
54 97
55 98
56 99
57 100
58 101
59 102
60 103
61 104
62 105
63 106
64 107
65 108
66 117
67 118
68 119
69 120
70 121
71 122
72 123
73 124
74 125
75 126
76 127
77 128
78 129
79 130
80 131
81 137
82 138
83 139
84 140
85 141
86 142
87 143
88 144
89 145
90 146
91 147
92 148
93 149
94 150
95 151
96 157
97 158
98 159
99 160
100 161
101 162
102 163
103 164
104 165
105 166
106 167
107 168
108 169
109 177
110 178
111 179
112 180
113 181
114 182
115 183
116 184
117 185
118 186
119 187
120 197
121 198
122 199
123 200
124 201
125 202
126 203
127 204
128 205
129 206
130 207
131 208
132 217
133 218
134 219
135 220
136 221
137 222
138 223
139 224
140 237
141 238
142 239
143 240
144 241
145 242
146 243
147 244
148 245
149 246
150 247
151 248
152 249
153 250
154 257
155 258
156 259
157 260
158 261
159 262
160 263
161 264
162 265
163 266
164 267
165 277
166 278
167 279
168 280
169 281
170 282
171 283
172 284
173 285
174 286
175 287
176 288
177 289
178 290
179 291
180 292
181 293
182 294
183 297
184 298
185 299
186 300
187 301
188 302
189 303
190 304
191 305
192 306
193 307
194 308
195 309
196 310
197 311
198 317
199 318
200 319
201 320
202 321
203 322
204 323
205 324
206 325
207 326
208 327
209 328
210 329
211 330
212 331
213 332
214 333
215 334
216 335
217 337
218 338
219 339
220 340
221 341
222 342
223 343
224 344
225 345
226 346
227 347
228 348
229 349
230 357
231 358
232 359
233 360
234 361
235 362
236 363
237 364
238 365
239 366
240 367
241 368
242 369
243 370
244 371
245 372
246 373
247 374
248 377
249 378
250 379
251 380
252 381
253 382
254 383
255 384
256 385
257 386
258 387
259 388
260 389
261 390
262 391
263 392
264 397
265 398
266 399
267 400
268 401
269 402
270 403
271 404
272 405
273 406
274 407
275 408
276 409
277 410
278 411
279 412
280 413
281 414
282 415
283 417
284 418
285 419
286 420
287 421
288 422
289 423
290 424
291 425
292 426
293 427
294 428
295 429
296 430
297 431
298 437
299 438
300 439
301 440
302 441
303 442
304 443
305 444
306 445
307 446
308 447
309 448
310 449
311 450
312 457
313 458
314 459
315 460
316 461
317 462
318 463
319 464
320 465
321 466
322 467
323 468
324 469
325 470
326 471
327 472
328 473
329 474
330 475
331 477
332 478
333 479
334 480
335 481
336 482
337 483
338 484
339 485
340 486
341 487
342 488
343 489
344 490
345 491
346 492
347 497
348 498
349 499
350 500
351 501
352 502
353 503
354 504
355 505
356 506
357 507
358 508
359 517
360 518
361 519
362 520
363 521
364 522
365 523
366 524
367 525
368 526
369 527
370 528
371 529
372 530
373 531
374 532
375 537
376 538
377 539
378 540
379 541
380 542
381 543
382 544
383 545
384 546
385 547
386 548
387 549
388 550
389 551
390 552
391 553
392 554
393 555
394 556
395 557
396 558
397 559
398 560
399 561
400 562
401 563
402 564
403 565
404 566
405 567
406 568
407 569
408 570
409 571
410 572
411 573
412 574
413 575
414 577
415 578
416 579
417 580
418 581
419 582
420 583
421 584
422 585
423 586
424 587
425 588
426 589
427 590
428 591
429 592
430 593
431 594
432 595
433 597
434 598
435 599
436 600
437 601
438 602
439 603
440 604
441 605
442 606
443 607
444 608
445 609
446 610
447 617
448 618
449 619
450 620
451 621
452 622
453 623
454 624
455 625
456 626
457 627
458 628
459 629
460 630
461 631
462 632
463 633
464 634
465 635
466 637
467 638
468 639
469 640
470 641
471 642
472 643
473 644
474 645
475 646
476 647
477 648
478 649
479 650
480 651
481 652
482 653
483 654
484 655
485 657
486 658
487 659
488 660
489 661
490 662
491 663
492 664
493 665
494 666
495 667
496 668
497 677
498 678
499 679
500 680
501 681
502 682
503 683
504 684
505 685
506 686
507 687
508 688
509 689
510 690
511 691
512 692
513 693
514 694
515 697
516 698
517 699
518 700
519 701
520 702
521 703
522 704
523 705
524 706
525 707
526 708
527 709
528 710
529 711
530 712
531 713
532 714
533 717
534 718
535 719
536 720
537 721
538 722
539 723
540 724
541 725
542 726
543 727
544 728
545 729
546 730
547 731
548 732
549 733
550 734
551 737
552 738
553 739
554 740
555 741
556 742
557 743
558 744
559 745
560 746
561 747
562 748
563 749
564 750
565 751
566 757
567 758
568 759
569 760
570 761
571 762
572 763
573 764
574 765
575 766
576 767
577 768
578 769
579 770
580 771
581 772
582 773
583 777
584 778
585 779
586 780
587 781
588 782
589 783
590 784
591 785
592 786
593 787
594 788
595 789
596 790
597 791
598 792
599 793
600 794
601 797
602 798
603 799
604 800
605 801
606 802
607 803
608 804
609 805
610 806
611 807
612 808
613 809
614 810
615 811
616 817
617 818
618 819
619 820
620 821
621 822
622 823
623 824
624 825
625 826
626 827
627 828
628 829
629 830
630 831
631 832
632 833
633 837
634 838
635 839
636 840
637 841
638 842
639 843
640 844
641 845
642 846
643 847
644 848
645 849
646 850
647 851
648 852
649 853
650 854
651 855
652 857
653 858
654 859
655 860
656 861
657 862
658 863
659 864
660 865
661 866
662 867
663 868
664 869
665 870
666 871
667 877
668 878
669 879
670 880
671 881
672 882
673 883
674 884
675 885
676 886
677 887
678 888
679 889
680 890
681 891
682 892
683 893
684 894
685 897
686 898
687 899
688 900
689 901
690 902
691 903
692 904
693 905
694 906
695 907
696 908
697 909
698 910
699 911
700 912
701 913
702 917
703 918
704 919
705 920
706 921
707 922
708 923
709 924
710 925
711 926
712 927
713 928
714 929
715 930
716 931
717 937
718 938
719 939
720 940
721 941
722 942
723 943
724 944
725 945
726 946
727 947
728 948
729 949
730 950
731 951
732 952
733 953
734 954
735 957
736 958
737 959
738 960
739 961
740 962
741 963
742 964
743 965
744 966
745 967
746 968
747 969
748 970
749 977
750 978
751 979
752 980
753 981
754 982
755 983
756 984
757 985
758 986
759 987
760 988
761 989
762 990
763 991
764 992
765 997
766 998
767 999
768 1000
769 1001
770 1002
771 1003
772 1004
773 1005
774 1006
775 1007
776 1008
777 1009
778 1010
779 1011
780 1017
781 1018
782 1019
783 1020
784 1021
785 1022
786 1023
787 1024
788 1025
789 1026
790 1027
791 1028
792 1029
793 1030
794 1037
795 1038
796 1039
797 1040
798 1041
799 1042
800 1043
801 1044
802 1045
803 1046
804 1047
805 1048
806 1049
807 1050
808 1051
809 1052
810 1053
811 1054
812 1055
813 1057
814 1058
815 1059
816 1060
817 1061
818 1062
819 1063
820 1064
821 1065
822 1066
823 1067
824 1068
825 1069
826 1070
827 1071
828 1077
829 1078
830 1079
831 1080
832 1081
833 1082
834 1083
835 1084
836 1085
837 1086
838 1087
839 1088
840 1089
841 1090
842 1091
843 1092
844 1093
845 1097
846 1098
847 1099
848 1100
849 1101
850 1102
851 1103
852 1104
853 1105
854 1106
855 1107
856 1108
857 1109
858 1110
859 1111
860 1112
861 1113
862 1114
863 1117
864 1118
865 1119
866 1120
867 1121
868 1122
869 1123
870 1124
871 1125
872 1126
873 1127
874 1128
875 1129
876 1130
877 1137
878 1138
879 1139
880 1140
881 1141
882 1142
883 1143
884 1144
885 1145
886 1146
887 1147
888 1148
889 1149
890 1150
891 1151
892 1152
893 1153
894 1157
895 1158
896 1159
897 1160
898 1161
899 1162
900 1163
901 1164
902 1165
903 1166
904 1167
905 1168
906 1169
907 1170
908 1171
909 1172
910 1173
911 1174
912 1175
913 1176
914 1177
915 1178
916 1179
917 1180
918 1181
919 1182
920 1183
921 1184
922 1185
923 1186
924 1187
925 1188
926 1189
927 1190
928 1191
929 1192
930 1197
931 1198
932 1199
933 1200
934 1201
935 1202
936 1203
937 1204
938 1205
939 1206
940 1207
941 1208
942 1209
943 1210
944 1211
945 1212
946 1213
947 1217
948 1218
949 1219
950 1220
951 1221
952 1222
953 1223
954 1224
955 1225
956 1226
957 1227
958 1228
959 1229
960 1230
961 1231
962 1232
963 1233
964 1234
965 1237
966 1238
967 1239
968 1240
969 1241
970 1242
971 1243
972 1244
973 1245
974 1246
975 1247
976 1248
977 1249
978 1250
979 1251
980 1252
981 1257
982 1258
983 1259
984 1260
985 1261
986 1262
987 1263
988 1264
989 1265
990 1266
991 1267
992 1268
993 1269
994 1270
995 1271
996 1272
997 1273
998 1274
999 1275
1000 1277
1001 1278
1002 1279
1003 1280
1004 1281
1005 1282
1006 1283
1007 1284
1008 1285
1009 1286
1010 1287
1011 1288
1012 1297
1013 1298
1014 1299
1015 1300
1016 1301
1017 1302
1018 1303
1019 1304
1020 1305
1021 1306
1022 1307
1023 1308
1024 1309
1025 1310
1026 1311
1027 1317
1028 1318
1029 1319
1030 1320
1031 1321
1032 1322
1033 1323
1034 1324
1035 1325
1036 1326
1037 1327
1038 1328
1039 1329
1040 1330
1041 1337
1042 1338
1043 1339
1044 1340
1045 1341
1046 1342
1047 1343
1048 1344
1049 1345
1050 1346
1051 1347
1052 1348
1053 1357
1054 1358
1055 1359
1056 1360
1057 1361
1058 1362
1059 1363
1060 1364
1061 1365
1062 1366
1063 1367
1064 1368
1065 1369
1066 1370
1067 1377
1068 1378
1069 1379
1070 1380
1071 1381
1072 1382
1073 1383
1074 1384
1075 1385
1076 1386
1077 1397
1078 1398
1079 1399
1080 1400
1081 1401
1082 1402
1083 1403
1084 1404
1085 1405
1086 1406
1087 1407
1088 1408
1089 1409
1090 1417
1091 1418
1092 1419
1093 1420
1094 1421
1095 1422
1096 1423
1097 1424
1098 1425
1099 1426
1100 1427
1101 1428
1102 1429
1103 1430
1104 1431
1105 1432
1106 1437
1107 1438
1108 1439
1109 1440
1110 1441
1111 1442
1112 1443
1113 1444
1114 1445
1115 1446
1116 1447
1117 1448
1118 1449
1119 1450
1120 1451
1121 1452
1122 1453
1123 1454
1124 1457
1125 1458
1126 1459
1127 1460
1128 1461
1129 1462
1130 1463
1131 1464
1132 1465
1133 1466
1134 1467
1135 1468
1136 1469
1137 1470
1138 1471
1139 1472
1140 1473
1141 1477
1142 1478
1143 1479
1144 1480
1145 1481
1146 1482
1147 1483
1148 1484
1149 1485
1150 1486
1151 1487
1152 1488
1153 1489
1154 1490
1155 1491
1156 1497
1157 1498
1158 1499
1159 1500
1160 1501
1161 1502
1162 1503
1163 1504
1164 1505
1165 1506
1166 1507
1167 1508
1168 1509
1169 1510
1170 1511
1171 1517
1172 1518
1173 1519
1174 1520
1175 1521
1176 1522
1177 1523
1178 1524
1179 1525
1180 1526
1181 1527
1182 1528
1183 1537
1184 1538
1185 1539
1186 1540
1187 1541
1188 1542
1189 1543
1190 1544
1191 1545
1192 1546
1193 1547
1194 1548
1195 1557
1196 1558
1197 1559
1198 1560
1199 1561
1200 1562
1201 1563
1202 1564
1203 1565
1204 1566
1205 1567
1206 1568
1207 1569
1208 1570
1209 1571
1210 1577
1211 1578
1212 1579
1213 1580
1214 1581
1215 1582
1216 1583
1217 1584
1218 1585
1219 1586
1220 1587
1221 1588
1222 1589
1223 1590
1224 1591
1225 1592
1226 1597
1227 1598
1228 1599
1229 1600
1230 1601
1231 1602
1232 1603
1233 1604
1234 1605
1235 1606
1236 1607
1237 1608
1238 1617
1239 1618
1240 1619
1241 1620
1242 1621
1243 1622
1244 1623
1245 1624
1246 1625
1247 1626
1248 1627
1249 1628
1250 1629
1251 1630
1252 1631
1253 1632
1254 1633
1255 1637
1256 1638
1257 1639
1258 1640
1259 1641
1260 1642
1261 1643
1262 1657
1263 1658
1264 1659
1265 1660
1266 1661
1267 1662
1268 1663
1269 1664
1270 1665
1271 1666
1272 1667
1273 1677
1274 1678
1275 1679
1276 1680
1277 1681
1278 1682
1279 1683
1280 1684
1281 1685
1282 1686
1283 1687
1284 1688
1285 1689
1286 1690
1287 1691
1288 1692
1289 1697
1290 1698
1291 1699
1292 1700
1293 1701
1294 1702
1295 1703
1296 1704
1297 1705
1298 1706
1299 1707
1300 1708
1301 1709
1302 1710
1303 1717
1304 1718
1305 1719
1306 1720
1307 1721
1308 1722
1309 1723
1310 1724
1311 1725
1312 1726
1313 1727
1314 1728
1315 1737
1316 1738
1317 1739
1318 1740
1319 1741
1320 1742
1321 1743
1322 1744
1323 1745
1324 1757
1325 1758
1326 1759
1327 1760
1328 1761
1329 1762
1330 1763
1331 1764
1332 1765
1333 1766
1334 1767
1335 1777
1336 1778
1337 1779
1338 1780
1339 1781
1340 1782
1341 1783
1342 1784
1343 1785
1344 1786
1345 1787
1346 1788
1347 1797
1348 1798
1349 1799
1350 1800
1351 1801
1352 1802
1353 1803
1354 1804
1355 1805
1356 1806
1357 1807
1358 1817
1359 1818
1360 1819
1361 1820
1362 1821
1363 1822
1364 1823
1365 1824
1366 1825
1367 1826
1368 1827
1369 1828
1370 1837
1371 1838
1372 1839
1373 1840
1374 1841
1375 1842
1376 1843
1377 1844
1378 1845
1379 1846
1380 1847
1381 1848
1382 1857
1383 1858
1384 1859
1385 1860
1386 1861
1387 1862
1388 1863
1389 1864
1390 1865
1391 1866
1392 1867
1393 1877
1394 1878
1395 1879
1396 1880
1397 1881
1398 1882
1399 1883
1400 1884
1401 1885
1402 1886
1403 1887
1404 1888
1405 1889
1406 1897
1407 1898
1408 1899
1409 1900
1410 1901
1411 1902
1412 1903
1413 1904
1414 1905
1415 1906
1416 1907
1417 1908
1418 1909
1419 1910
1420 1911
1421 1912
1422 1917
1423 1918
1424 1919
1425 1920
1426 1921
1427 1922
1428 1923
1429 1924
1430 1925
1431 1926
1432 1927
1433 1928
1434 1929
1435 1930
1436 1931
1437 1932
1438 1933
1439 1934
1440 1937
1441 1938
1442 1939
1443 1940
1444 1941
1445 1942
1446 1943
1447 1944
1448 1945
1449 1946
1450 1947
1451 1948
1452 1949
1453 1950
1454 1951
1455 1952
1456 1957
1457 1958
1458 1959
1459 1960
1460 1961
1461 1962
1462 1963
1463 1964
1464 1965
1465 1966
1466 1967
1467 1968
1468 1969
1469 1970
1470 1977
1471 1978
1472 1979
1473 1980
1474 1981
1475 1982
1476 1983
1477 1984
1478 1985
1479 1986
1480 1987
1481 1988
1482 1989
1483 1990
1484 1991
1485 1997
1486 1998
1487 1999
1488 2000
1489 2001
1490 2002
1491 2003
1492 2004
1493 2005
1494 2006
1495 2007
1496 2008
1497 2009
1498 2010
1499 2017
1500 2018
1501 2019
1502 2020
1503 2021
1504 2022
1505 2023
1506 2024
1507 2025
1508 2026
1509 2027
1510 2028
1511 2029
1512 2030
1513 2037
1514 2038
1515 2039
1516 2040
1517 2041
1518 2042
1519 2043
1520 2044
1521 2045
1522 2046
1523 2047
1524 2048
1525 2049
1526 2050
1527 2051
1528 2057
1529 2058
1530 2059
1531 2060
1532 2061
1533 2062
1534 2063
1535 2064
1536 2065
1537 2066
1538 2067
1539 2077
1540 2078
1541 2079
1542 2080
1543 2081
1544 2082
1545 2083
1546 2084
1547 2085
1548 2086
1549 2087
1550 2088
1551 2097
1552 2098
1553 2099
1554 2100
1555 2101
1556 2102
1557 2103
1558 2104
1559 2105
1560 2106
1561 2107
1562 2108
1563 2109
1564 2117
1565 2118
1566 2119
1567 2120
1568 2121
1569 2122
1570 2123
1571 2124
1572 2125
1573 2126
1574 2127
1575 2128
1576 2129
1577 2130
1578 2137
1579 2138
1580 2139
1581 2140
1582 2141
1583 2142
1584 2143
1585 2144
1586 2145
1587 2146
1588 2147
1589 2148
1590 2149
1591 2150
1592 2151
1593 2152
1594 2157
1595 2158
1596 2159
1597 2160
1598 2161
1599 2162
1600 2163
1601 2164
1602 2165
1603 2166
1604 2167
1605 2168
1606 2169
1607 2177
1608 2178
1609 2179
1610 2180
1611 2181
1612 2182
1613 2183
1614 2184
1615 2185
1616 2186
1617 2187
1618 2188
1619 2197
1620 2198
1621 2199
1622 2200
1623 2201
1624 2202
1625 2203
1626 2204
1627 2205
1628 2206
1629 2207
1630 2208
1631 2209
1632 2217
1633 2218
1634 2219
1635 2220
1636 2221
1637 2222
1638 2223
1639 2224
1640 2225
1641 2226
1642 2227
1643 2228
1644 2237
1645 2238
1646 2239
1647 2240
1648 2241
1649 2242
1650 2243
1651 2244
1652 2245
1653 2246
1654 2247
1655 2248
1656 2249
1657 2257
1658 2258
1659 2259
1660 2260
1661 2261
1662 2262
1663 2263
1664 2264
1665 2265
1666 2266
1667 2267
1668 2268
1669 2269
1670 2270
1671 2271
1672 2272
1673 2273
1674 2274
1675 2277
1676 2278
1677 2279
1678 2280
1679 2281
1680 2282
1681 2283
1682 2284
1683 2285
1684 2286
1685 2287
1686 2288
1687 2289
1688 2290
1689 2291
1690 2292
1691 2297
1692 2298
1693 2299
1694 2300
1695 2301
1696 2302
1697 2303
1698 2304
1699 2305
1700 2306
1701 2317
1702 2318
1703 2319
1704 2320
1705 2321
1706 2322
1707 2323
1708 2324
1709 2325
1710 2326
1711 2327
1712 2328
1713 2329
1714 2330
1715 2331
1716 2332
1717 2333
1718 2334
1719 2337
1720 2338
1721 2339
1722 2340
1723 2341
1724 2342
1725 2343
1726 2344
1727 2345
1728 2346
1729 2347
1730 2348
1731 2349
1732 2350
1733 2351
1734 2352
1735 2353
1736 2354
1737 2357
1738 2358
1739 2359
1740 2360
1741 2361
1742 2362
1743 2363
1744 2364
1745 2365
1746 2366
1747 2367
1748 2368
1749 2369
1750 2370
1751 2371
1752 2372
1753 2373
1754 2377
1755 2378
1756 2379
1757 2380
1758 2381
1759 2382
1760 2383
1761 2384
1762 2385
1763 2386
1764 2387
1765 2388
1766 2389
1767 2390
1768 2391
1769 2392
1770 2397
1771 2398
1772 2399
1773 2400
1774 2401
1775 2402
1776 2403
1777 2404
1778 2405
1779 2406
1780 2407
1781 2408
1782 2409
1783 2410
1784 2411
1785 2412
1786 2413
1787 2417
1788 2418
1789 2419
1790 2420
1791 2421
1792 2422
1793 2423
1794 2424
1795 2425
1796 2426
1797 2427
1798 2428
1799 2429
1800 2430
1801 2431
1802 2432
1803 2437
1804 2438
1805 2439
1806 2440
1807 2441
1808 2442
1809 2443
1810 2444
1811 2445
1812 2446
1813 2447
1814 2448
1815 2449
1816 2450
1817 2451
1818 2452
1819 2453
1820 2454
1821 2457
1822 2458
1823 2459
1824 2460
1825 2461
1826 2462
1827 2463
1828 2464
1829 2465
1830 2466
1831 2467
1832 2468
1833 2469
1834 2470
1835 2471
1836 2477
1837 2478
1838 2479
1839 2480
1840 2481
1841 2482
1842 2483
1843 2484
1844 2485
1845 2486
1846 2487
1847 2488
1848 2489
1849 2490
1850 2491
1851 2492
1852 2497
1853 2498
1854 2499
1855 2500
1856 2501
1857 2502
1858 2503
1859 2504
1860 2505
1861 2506
1862 2507
1863 2508
1864 2509
1865 2510
1866 2517
1867 2518
1868 2519
1869 2520
1870 2521
1871 2522
1872 2523
1873 2524
1874 2525
1875 2526
1876 2527
1877 2528
1878 2529
1879 2530
1880 2531
1881 2532
1882 2533
1883 2537
1884 2538
1885 2539
1886 2540
1887 2541
1888 2542
1889 2543
1890 2544
1891 2545
1892 2546
1893 2547
1894 2548
1895 2549
1896 2550
1897 2551
1898 2557
1899 2558
1900 2559
1901 2560
1902 2561
1903 2562
1904 2563
1905 2564
1906 2565
1907 2566
1908 2567
1909 2568
1910 2569
1911 2570
1912 2577
1913 2578
1914 2579
1915 2580
1916 2581
1917 2582
1918 2583
1919 2584
1920 2585
1921 2586
1922 2587
1923 2588
1924 2589
1925 2590
1926 2591
1927 2597
1928 2598
1929 2599
1930 2600
1931 2601
1932 2602
1933 2603
1934 2604
1935 2605
1936 2606
1937 2607
1938 2608
1939 2609
1940 2610
1941 2611
1942 2612
1943 2617
1944 2618
1945 2619
1946 2620
1947 2621
1948 2622
1949 2623
1950 2624
1951 2625
1952 2626
1953 2627
1954 2628
1955 2629
1956 2630
1957 2631
1958 2637
1959 2638
1960 2639
1961 2640
1962 2641
1963 2642
1964 2643
1965 2644
1966 2645
1967 2646
1968 2647
1969 2648
1970 2649
1971 2650
1972 2651
1973 2652
1974 2653
1975 2657
1976 2658
1977 2659
1978 2660
1979 2661
1980 2662
1981 2663
1982 2664
1983 2665
1984 2666
1985 2667
1986 2668
1987 2669
1988 2677
1989 2678
1990 2679
1991 2680
1992 2681
1993 2682
1994 2683
1995 2684
1996 2685
1997 2686
1998 2687
1999 2688
2000 2689
2001 2690
2002 2691
2003 2697
2004 2698
2005 2699
2006 2700
2007 2701
2008 2702
2009 2703
2010 2704
2011 2705
2012 2706
2013 2707
2014 2708
2015 2717
2016 2718
2017 2719
2018 2720
2019 2721
2020 2722
2021 2723
2022 2724
2023 2725
2024 2726
2025 2727
2026 2737
2027 2738
2028 2739
2029 2740
2030 2741
2031 2742
2032 2743
2033 2744
2034 2745
2035 2746
2036 2747
2037 2748
2038 2749
2039 2750
2040 2751
2041 2757
2042 2758
2043 2759
2044 2760
2045 2761
2046 2762
2047 2763
2048 2764
2049 2765
2050 2766
2051 2767
2052 2768
2053 2777
2054 2778
2055 2779
2056 2780
2057 2781
2058 2782
2059 2783
2060 2784
2061 2785
2062 2786
2063 2787
2064 2788
2065 2789
2066 2797
2067 2798
2068 2799
2069 2800
2070 2801
2071 2802
2072 2803
2073 2804
2074 2805
2075 2806
2076 2807
2077 2808
2078 2817
2079 2818
2080 2819
2081 2820
2082 2821
2083 2822
2084 2823
2085 2824
2086 2825
2087 2826
2088 2827
2089 2828
2090 2829
2091 2837
2092 2838
2093 2839
2094 2840
2095 2841
2096 2842
2097 2843
2098 2844
2099 2845
2100 2846
2101 2847
2102 2848
2103 2849
2104 2850
2105 2851
2106 2852
2107 2853
2108 2854
2109 2855
2110 2857
2111 2858
2112 2859
2113 2860
2114 2861
2115 2862
2116 2863
2117 2864
2118 2865
2119 2866
2120 2867
2121 2868
2122 2869
2123 2870
2124 2877
2125 2878
2126 2879
2127 2880
2128 2881
2129 2882
2130 2883
2131 2884
2132 2885
2133 2886
2134 2887
2135 2888
2136 2889
2137 2890
2138 2891
2139 2892
2140 2893
2141 2894
2142 2895
2143 2897
2144 2898
2145 2899
2146 2900
2147 2901
2148 2902
2149 2903
2150 2904
2151 2905
2152 2906
2153 2907
2154 2908
2155 2909
2156 2910
2157 2911
2158 2912
2159 2913
2160 2914
2161 2917
2162 2918
2163 2919
2164 2920
2165 2921
2166 2922
2167 2923
2168 2924
2169 2925
2170 2926
2171 2927
2172 2928
2173 2929
2174 2930
2175 2931
2176 2932
2177 2933
2178 2934
2179 2935
2180 2936
2181 2937
2182 2938
2183 2939
2184 2940
2185 2941
2186 2942
2187 2943
2188 2944
2189 2945
2190 2946
2191 2947
2192 2948
2193 2949
2194 2950
2195 2951
2196 2957
2197 2958
2198 2959
2199 2960
2200 2961
2201 2962
2202 2963
2203 2964
2204 2965
2205 2966
2206 2967
2207 2968
2208 2969
2209 2970
2210 2971
2211 2972
2212 2973
2213 2974
2214 2977
2215 2978
2216 2979
2217 2980
2218 2981
2219 2982
2220 2983
2221 2984
2222 2985
2223 2986
2224 2987
2225 2988
2226 2989
2227 2990
2228 2991
2229 2997
2230 2998
2231 2999
2232 3000
2233 3001
2234 3002
2235 3003
2236 3004
2237 3005
2238 3006
2239 3007
2240 3008
2241 3009
2242 3010
2243 3017
2244 3018
2245 3019
2246 3020
2247 3021
2248 3022
2249 3023
2250 3024
2251 3025
2252 3026
2253 3027
2254 3028
2255 3029
2256 3030
2257 3037
2258 3038
2259 3039
2260 3040
2261 3041
2262 3042
2263 3043
2264 3044
2265 3045
2266 3046
2267 3047
2268 3048
2269 3049
2270 3050
2271 3057
2272 3058
2273 3059
2274 3060
2275 3061
2276 3062
2277 3063
2278 3064
2279 3065
2280 3066
2281 3067
2282 3068
2283 3069
2284 3070
2285 3071
2286 3077
2287 3078
2288 3079
2289 3080
2290 3081
2291 3082
2292 3083
2293 3084
2294 3085
2295 3086
2296 3087
2297 3097
2298 3098
2299 3099
2300 3100
2301 3101
2302 3102
2303 3103
2304 3104
2305 3105
2306 3106
2307 3107
2308 3108
2309 3109
2310 3117
2311 3118
2312 3119
2313 3120
2314 3121
2315 3122
2316 3123
2317 3124
2318 3125
2319 3126
2320 3127
2321 3128
2322 3129
2323 3130
2324 3131
2325 3137
2326 3138
2327 3139
2328 3140
2329 3141
2330 3142
2331 3143
2332 3144
2333 3145
2334 3146
2335 3147
2336 3148
2337 3149
2338 3150
2339 3151
2340 3157
2341 3158
2342 3159
2343 3160
2344 3161
2345 3162
2346 3163
2347 3164
2348 3165
2349 3166
2350 3167
2351 3168
2352 3169
2353 3170
2354 3171
2355 3172
2356 3177
2357 3178
2358 3179
2359 3180
2360 3181
2361 3182
2362 3183
2363 3184
2364 3185
2365 3186
2366 3187
2367 3188
2368 3189
2369 3190
2370 3197
2371 3198
2372 3199
2373 3200
2374 3201
2375 3202
2376 3203
2377 3204
2378 3205
2379 3206
2380 3207
2381 3208
2382 3209
2383 3210
2384 3211
2385 3212
2386 3217
2387 3218
2388 3219
2389 3220
2390 3221
2391 3222
2392 3223
2393 3224
2394 3225
2395 3226
2396 3227
2397 3228
2398 3229
2399 3230
2400 3231
2401 3232
2402 3233
2403 3237
2404 3238
2405 3239
2406 3240
2407 3241
2408 3242
2409 3243
2410 3244
2411 3245
2412 3246
2413 3247
2414 3248
2415 3249
2416 3250
2417 3251
2418 3252
2419 3257
2420 3258
2421 3259
2422 3260
2423 3261
2424 3262
2425 3263
2426 3264
2427 3265
2428 3266
2429 3267
2430 3268
2431 3269
2432 3270
2433 3271
2434 3272
2435 3273
2436 3274
2437 3277
2438 3278
2439 3279
2440 3280
2441 3281
2442 3282
2443 3283
2444 3284
2445 3285
2446 3286
2447 3287
2448 3288
2449 3289
2450 3290
2451 3291
2452 3292
2453 3293
2454 3294
2455 3295
2456 3297
2457 3298
2458 3299
2459 3300
2460 3301
2461 3302
2462 3303
2463 3304
2464 3305
2465 3306
2466 3307
2467 3308
2468 3309
2469 3310
2470 3311
2471 3317
2472 3318
2473 3319
2474 3320
2475 3321
2476 3322
2477 3323
2478 3324
2479 3325
2480 3326
2481 3327
2482 3328
2483 3329
2484 3330
2485 3331
2486 3332
2487 3333
2488 3334
2489 3337
2490 3338
2491 3339
2492 3340
2493 3341
2494 3342
2495 3343
2496 3344
2497 3345
2498 3346
2499 3347
2500 3348
2501 3349
2502 3350
2503 3351
2504 3352
2505 3353
2506 3357
2507 3358
2508 3359
2509 3360
2510 3361
2511 3362
2512 3363
2513 3364
2514 3365
2515 3366
2516 3367
2517 3368
2518 3377
2519 3378
2520 3379
2521 3380
2522 3381
2523 3382
2524 3383
2525 3384
2526 3385
2527 3386
2528 3387
2529 3388
2530 3389
2531 3390
2532 3391
2533 3392
2534 3397
2535 3398
2536 3399
2537 3400
2538 3401
2539 3402
2540 3403
2541 3404
2542 3405
2543 3406
2544 3407
2545 3408
2546 3409
2547 3410
2548 3411
2549 3412
2550 3413
2551 3417
2552 3418
2553 3419
2554 3420
2555 3421
2556 3422
2557 3423
2558 3424
2559 3425
2560 3426
2561 3427
2562 3428
2563 3429
2564 3430
2565 3437
2566 3438
2567 3439
2568 3440
2569 3441
2570 3442
2571 3443
2572 3444
2573 3445
2574 3446
2575 3447
2576 3448
2577 3449
2578 3450
2579 3451
2580 3452
2581 3453
2582 3457
2583 3458
2584 3459
2585 3460
2586 3461
2587 3462
2588 3463
2589 3464
2590 3465
2591 3466
2592 3467
2593 3468
2594 3469
2595 3470
2596 3471
2597 3477
2598 3478
2599 3479
2600 3480
2601 3481
2602 3482
2603 3483
2604 3484
2605 3485
2606 3497
2607 3498
2608 3499
2609 3500
2610 3501
2611 3502
2612 3503
2613 3504
2614 3505
2615 3506
2616 3507
2617 3508
2618 3509
2619 3510
2620 3511
2621 3512
2622 3513
2623 3517
2624 3518
2625 3519
2626 3520
2627 3521
2628 3522
2629 3523
2630 3524
2631 3525
2632 3526
2633 3527
2634 3528
2635 3529
2636 3530
2637 3537
2638 3538
2639 3539
2640 3540
2641 3541
2642 3542
2643 3543
2644 3544
2645 3545
2646 3546
2647 3547
2648 3548
2649 3549
2650 3550
2651 3551
2652 3557
2653 3558
2654 3559
2655 3560
2656 3561
2657 3562
2658 3563
2659 3564
2660 3565
2661 3566
2662 3577
2663 3578
2664 3579
2665 3580
2666 3581
2667 3582
2668 3583
2669 3584
2670 3585
2671 3586
2672 3587
2673 3588
2674 3597
2675 3598
2676 3599
2677 3600
2678 3601
2679 3602
2680 3603
2681 3604
2682 3605
2683 3606
2684 3617
2685 3618
2686 3619
2687 3620
2688 3621
2689 3622
2690 3623
2691 3624
2692 3625
2693 3626
2694 3627
2695 3628
2696 3629
2697 3630
2698 3631
2699 3632
2700 3637
2701 3638
2702 3639
2703 3640
2704 3641
2705 3642
2706 3643
2707 3644
2708 3645
2709 3646
2710 3647
2711 3648
2712 3649
2713 3650
2714 3651
2715 3657
2716 3658
2717 3659
2718 3660
2719 3661
2720 3662
2721 3663
2722 3664
2723 3665
2724 3666
2725 3667
2726 3668
2727 3669
2728 3677
2729 3678
2730 3679
2731 3680
2732 3681
2733 3682
2734 3683
2735 3684
2736 3685
2737 3686
2738 3687
2739 3688
2740 3689
2741 3690
2742 3691
2743 3697
2744 3698
2745 3699
2746 3700
2747 3701
2748 3702
2749 3703
2750 3704
2751 3705
2752 3706
2753 3707
2754 3708
2755 3709
2756 3710
2757 3711
2758 3712
2759 3713
2760 3714
2761 3715
2762 3717
2763 3718
2764 3719
2765 3720
2766 3721
2767 3722
2768 3723
2769 3724
2770 3725
2771 3726
2772 3727
2773 3728
2774 3729
2775 3730
2776 3731
2777 3732
2778 3733
2779 3737
2780 3738
2781 3739
2782 3740
2783 3741
2784 3742
2785 3743
2786 3744
2787 3745
2788 3746
2789 3747
2790 3748
2791 3749
2792 3750
2793 3751
2794 3752
2795 3757
2796 3758
2797 3759
2798 3760
2799 3761
2800 3762
2801 3763
2802 3764
2803 3765
2804 3766
2805 3767
2806 3768
2807 3769
2808 3770
2809 3771
2810 3772
2811 3773
2812 3774
2813 3775
2814 3777
2815 3778
2816 3779
2817 3780
2818 3781
2819 3782
2820 3783
2821 3784
2822 3785
2823 3786
2824 3787
2825 3788
2826 3789
2827 3790
2828 3791
2829 3792
2830 3793
2831 3794
2832 3795
2833 3797
2834 3798
2835 3799
2836 3800
2837 3801
2838 3802
2839 3803
2840 3804
2841 3805
2842 3806
2843 3807
2844 3808
2845 3809
2846 3810
2847 3817
2848 3818
2849 3819
2850 3820
2851 3821
2852 3822
2853 3823
2854 3824
2855 3825
2856 3826
2857 3827
2858 3828
2859 3837
2860 3838
2861 3839
2862 3840
2863 3841
2864 3842
2865 3843
2866 3844
2867 3845
2868 3846
2869 3847
2870 3848
2871 3849
2872 3850
2873 3851
2874 3852
2875 3853
2876 3857
2877 3858
2878 3859
2879 3860
2880 3861
2881 3862
2882 3863
2883 3864
2884 3865
2885 3866
2886 3867
2887 3868
2888 3869
2889 3870
2890 3877
2891 3878
2892 3879
2893 3880
2894 3881
2895 3882
2896 3883
2897 3884
2898 3885
2899 3886
2900 3887
2901 3888
2902 3889
2903 3890
2904 3897
2905 3898
2906 3899
2907 3900
2908 3901
2909 3902
2910 3903
2911 3904
2912 3905
2913 3906
2914 3907
2915 3908
2916 3909
2917 3910
2918 3911
2919 3912
2920 3913
2921 3917
2922 3918
2923 3919
2924 3920
2925 3921
2926 3922
2927 3923
2928 3924
2929 3925
2930 3926
2931 3927
2932 3928
2933 3929
2934 3930
2935 3931
2936 3932
2937 3933
2938 3937
2939 3938
2940 3939
2941 3940
2942 3941
2943 3942
2944 3943
2945 3944
2946 3945
2947 3946
2948 3947
2949 3948
2950 3949
2951 3957
2952 3958
2953 3959
2954 3960
2955 3961
2956 3962
2957 3963
2958 3964
2959 3965
2960 3966
2961 3967
2962 3968
2963 3969
2964 3977
2965 3978
2966 3979
2967 3980
2968 3981
2969 3982
2970 3983
2971 3984
2972 3985
2973 3986
2974 3987
2975 3988
2976 3989
2977 3990
2978 3997
2979 3998
2980 3999
2981 4000
2982 4001
2983 4002
2984 4003
2985 4004
2986 4005
2987 4006
2988 4007
2989 4008
2990 4009
2991 4010
2992 4011
2993 4012
2994 4017
2995 4018
2996 4019
2997 4020
2998 4021
2999 4022
3000 4023
3001 4024
3002 4025
3003 4026
3004 4027
3005 4028
3006 4029
3007 4030
3008 4031
3009 4037
3010 4038
3011 4039
3012 4040
3013 4041
3014 4042
3015 4043
3016 4044
3017 4045
3018 4046
3019 4047
3020 4048
3021 4049
3022 4050
3023 4051
3024 4052
3025 4053
3026 4054
3027 4057
3028 4058
3029 4059
3030 4060
3031 4061
3032 4062
3033 4063
3034 4064
3035 4065
3036 4066
3037 4067
3038 4068
3039 4069
3040 4070
3041 4071
3042 4077
3043 4078
3044 4079
3045 4080
3046 4081
3047 4082
3048 4083
3049 4084
3050 4085
3051 4086
3052 4087
3053 4088
3054 4089
3055 4090
3056 4097
3057 4098
3058 4099
3059 4100
3060 4101
3061 4102
3062 4103
3063 4104
3064 4105
3065 4106
3066 4107
3067 4108
3068 4109
3069 4110
3070 4111
3071 4117
3072 4118
3073 4119
3074 4120
3075 4121
3076 4122
3077 4123
3078 4124
3079 4125
3080 4126
3081 4127
3082 4128
3083 4129
3084 4130
3085 4131
3086 4137
3087 4138
3088 4139
3089 4140
3090 4141
3091 4142
3092 4143
3093 4144
3094 4145
3095 4146
3096 4147
3097 4148
3098 4149
3099 4150
3100 4151
3101 4152
3102 4157
3103 4158
3104 4159
3105 4160
3106 4161
3107 4162
3108 4163
3109 4164
3110 4165
3111 4166
3112 4167
3113 4168
3114 4169
3115 4177
3116 4178
3117 4179
3118 4180
3119 4181
3120 4182
3121 4183
3122 4184
3123 4185
3124 4186
3125 4187
3126 4188
3127 4189
3128 4190
3129 4197
3130 4198
3131 4199
3132 4200
3133 4201
3134 4202
3135 4203
3136 4204
3137 4205
3138 4206
3139 4207
3140 4208
3141 4209
3142 4217
3143 4218
3144 4219
3145 4220
3146 4221
3147 4222
3148 4223
3149 4224
3150 4225
3151 4226
3152 4227
3153 4228
3154 4229
3155 4230
3156 4237
3157 4238
3158 4239
3159 4240
3160 4241
3161 4242
3162 4243
3163 4244
3164 4245
3165 4246
3166 4247
3167 4248
3168 4249
3169 4250
3170 4251
3171 4252
3172 4253
3173 4257
3174 4258
3175 4259
3176 4260
3177 4261
3178 4262
3179 4263
3180 4264
3181 4265
3182 4266
3183 4267
3184 4268
3185 4269
3186 4270
3187 4277
3188 4278
3189 4279
3190 4280
3191 4281
3192 4282
3193 4283
3194 4284
3195 4285
3196 4286
3197 4287
3198 4288
3199 4289
3200 4290
3201 4291
3202 4292
3203 4293
3204 4297
3205 4298
3206 4299
3207 4300
3208 4301
3209 4302
3210 4303
3211 4304
3212 4305
3213 4306
3214 4307
3215 4308
3216 4309
3217 4310
3218 4311
3219 4312
3220 4313
3221 4314
3222 4317
3223 4318
3224 4319
3225 4320
3226 4321
3227 4322
3228 4323
3229 4324
3230 4325
3231 4337
3232 4338
3233 4339
3234 4340
3235 4341
3236 4342
3237 4343
3238 4344
3239 4345
3240 4346
3241 4347
3242 4348
3243 4349
3244 4350
3245 4357
3246 4358
3247 4359
3248 4360
3249 4361
3250 4362
3251 4363
3252 4364
3253 4365
3254 4366
3255 4367
3256 4368
3257 4369
3258 4377
3259 4378
3260 4379
3261 4380
3262 4381
3263 4382
3264 4383
3265 4384
3266 4385
3267 4386
3268 4387
3269 4388
3270 4389
3271 4390
3272 4397
3273 4398
3274 4399
3275 4400
3276 4401
3277 4402
3278 4403
3279 4404
3280 4405
3281 4406
3282 4407
3283 4408
3284 4417
3285 4418
3286 4419
3287 4420
3288 4421
3289 4422
3290 4423
3291 4424
3292 4425
3293 4426
3294 4427
3295 4428
3296 4429
3297 4430
3298 4431
3299 4432
3300 4437
3301 4438
3302 4439
3303 4440
3304 4441
3305 4442
3306 4443
3307 4444
3308 4445
3309 4446
3310 4447
3311 4448
3312 4449
3313 4450
3314 4451
3315 4452
3316 4457
3317 4458
3318 4459
3319 4460
3320 4461
3321 4462
3322 4463
3323 4464
3324 4465
3325 4466
3326 4467
3327 4468
3328 4469
3329 4470
3330 4471
3331 4477
3332 4478
3333 4479
3334 4480
3335 4481
3336 4482
3337 4483
3338 4484
3339 4485
3340 4486
3341 4487
3342 4488
3343 4489
3344 4490
3345 4491
3346 4492
3347 4497
3348 4498
3349 4499
3350 4500
3351 4501
3352 4502
3353 4503
3354 4504
3355 4505
3356 4506
3357 4507
3358 4508
3359 4509
3360 4510
3361 4511
3362 4512
3363 4517
3364 4518
3365 4519
3366 4520
3367 4521
3368 4522
3369 4523
3370 4524
3371 4525
3372 4526
3373 4527
3374 4528
3375 4529
3376 4537
3377 4538
3378 4539
3379 4540
3380 4541
3381 4542
3382 4543
3383 4544
3384 4545
3385 4546
3386 4547
3387 4548
3388 4549
3389 4550
3390 4557
3391 4558
3392 4559
3393 4560
3394 4561
3395 4562
3396 4563
3397 4564
3398 4565
3399 4566
3400 4567
3401 4577
3402 4578
3403 4579
3404 4580
3405 4581
3406 4582
3407 4583
3408 4584
3409 4585
3410 4586
3411 4587
3412 4588
3413 4589
3414 4590
3415 4591
3416 4597
3417 4598
3418 4599
3419 4600
3420 4601
3421 4602
3422 4603
3423 4604
3424 4605
3425 4606
3426 4607
3427 4617
3428 4618
3429 4619
3430 4620
3431 4621
3432 4622
3433 4623
3434 4624
3435 4625
3436 4626
3437 4627
3438 4628
3439 4629
3440 4630
3441 4631
3442 4632
3443 4637
3444 4638
3445 4639
3446 4640
3447 4641
3448 4642
3449 4643
3450 4644
3451 4645
3452 4646
3453 4647
3454 4648
3455 4657
3456 4658
3457 4659
3458 4660
3459 4661
3460 4662
3461 4663
3462 4664
3463 4665
3464 4666
3465 4667
3466 4668
3467 4669
3468 4670
3469 4677
3470 4678
3471 4679
3472 4680
3473 4681
3474 4682
3475 4683
3476 4684
3477 4685
3478 4686
3479 4687
3480 4688
3481 4689
3482 4697
3483 4698
3484 4699
3485 4700
3486 4701
3487 4702
3488 4703
3489 4704
3490 4705
3491 4706
3492 4707
3493 4708
3494 4709
3495 4710
3496 4711
3497 4717
3498 4718
3499 4719
3500 4720
3501 4721
3502 4722
3503 4723
3504 4724
3505 4725
3506 4726
3507 4727
3508 4728
3509 4729
3510 4737
3511 4738
3512 4739
3513 4740
3514 4741
3515 4742
3516 4743
3517 4744
3518 4745
3519 4746
3520 4747
3521 4748
3522 4749
3523 4757
3524 4758
3525 4759
3526 4760
3527 4761
3528 4762
3529 4763
3530 4764
3531 4765
3532 4766
3533 4767
3534 4768
3535 4777
3536 4778
3537 4779
3538 4780
3539 4781
3540 4782
3541 4783
3542 4784
3543 4797
3544 4798
3545 4799
3546 4800
3547 4801
3548 4802
3549 4803
3550 4804
3551 4805
3552 4806
3553 4807
3554 4808
3555 4809
3556 4817
3557 4818
3558 4819
3559 4820
3560 4821
3561 4822
3562 4823
3563 4824
3564 4825
3565 4826
3566 4827
3567 4828
3568 4829
3569 4830
3570 4831
3571 4837
3572 4838
3573 4839
3574 4840
3575 4841
3576 4842
3577 4843
3578 4844
3579 4845
