0 0
1 1
2 2
3 3
4 4
5 15
6 16
7 17
8 18
9 35
10 36
11 37
12 38
13 39
14 40
15 41
16 42
17 55
18 56
19 57
20 58
21 59
22 75
23 76
24 77
25 78
26 79
27 80
28 81
29 95
30 96
31 97
32 98
33 99
34 100
35 101
36 102
37 115
38 116
39 117
40 118
41 119
42 120
43 121
44 122
45 123
46 135
47 136
48 137
49 138
50 139
51 140
52 141
53 155
54 156
55 157
56 158
57 159
58 160
59 161
60 175
61 195
62 196
63 197
64 198
65 199
66 215
67 216
68 217
69 218
70 219
71 220
72 221
73 222
74 235
75 236
76 237
77 238
78 239
79 255
80 256
81 257
82 258
83 259
84 260
85 261
86 262
87 275
88 276
89 277
90 278
91 279
92 280
93 281
94 282
95 295
96 296
97 297
98 298
99 299
100 300
101 301
102 302
103 303
104 315
105 316
106 317
107 318
108 319
109 320
110 335
111 336
112 337
113 338
114 339
115 340
116 355
117 356
118 357
119 358
120 359
121 360
122 361
123 362
124 363
125 364
126 372
127 373
128 374
129 375
130 376
131 377
132 378
133 379
134 380
135 381
136 392
137 393
138 394
139 395
140 396
141 397
142 398
143 399
144 400
145 401
146 412
147 413
148 414
149 415
150 416
151 417
152 418
153 419
154 420
155 421
156 432
157 433
158 434
159 435
160 436
161 437
162 438
163 439
164 440
165 441
166 442
167 443
168 444
169 445
170 452
171 453
172 454
173 455
174 456
175 457
176 458
177 459
178 460
179 461
180 472
181 473
182 474
183 475
184 476
185 477
186 478
187 479
188 480
189 481
190 492
191 493
192 494
193 495
194 496
195 497
196 498
197 499
198 500
199 501
200 502
201 503
202 504
203 505
204 506
205 512
206 513
207 514
208 515
209 516
210 517
211 518
212 519
213 520
214 521
215 522
216 532
217 533
218 534
219 535
220 536
221 537
222 538
223 539
224 552
225 553
226 554
227 555
228 556
229 557
230 558
231 559
232 560
233 561
234 572
235 573
236 574
237 575
238 576
239 577
240 578
241 579
242 580
243 581
244 592
245 593
246 594
247 595
248 596
249 597
250 598
251 599
252 600
253 601
254 602
255 603
256 604
257 605
258 612
259 613
260 614
261 615
262 616
263 617
264 618
265 619
266 620
267 621
268 622
269 623
270 624
271 632
272 633
273 634
274 635
275 636
276 637
277 638
278 639
279 640
280 641
281 642
282 643
283 652
284 653
285 654
286 655
287 656
288 657
289 658
290 659
291 672
292 673
293 674
294 675
295 676
296 677
297 678
298 679
299 692
300 693
301 694
302 695
303 696
304 697
305 698
306 699
307 700
308 701
309 702
310 703
311 712
312 713
313 714
314 715
315 716
316 717
317 718
318 719
319 720
320 721
321 722
322 723
323 724
324 725
325 732
326 733
327 734
328 735
329 736
330 737
331 752
332 753
333 754
334 755
335 756
336 757
337 758
338 759
339 772
340 773
341 774
342 775
343 776
344 777
345 792
346 793
347 794
348 795
349 796
350 797
351 798
352 799
353 812
354 813
355 814
356 832
357 833
358 834
359 835
360 836
361 837
362 838
363 839
364 852
365 853
366 854
367 855
368 856
369 857
370 858
371 872
372 873
373 874
374 875
375 876
376 877
377 878
378 879
379 880
380 881
381 882
382 883
383 884
384 885
385 892
386 893
387 894
388 895
389 896
390 897
391 898
392 899
393 900
394 901
395 902
396 903
397 912
398 913
399 914
400 915
401 916
402 917
403 918
404 932
405 933
406 934
407 935
408 936
409 937
410 952
411 953
412 954
413 955
414 956
415 957
416 958
417 959
418 960
419 961
420 972
421 973
422 974
423 975
424 976
425 977
426 978
427 979
428 980
429 992
430 993
431 994
432 995
433 996
434 997
435 998
436 999
437 1000
438 1001
439 1012
440 1013
441 1014
442 1015
443 1016
444 1017
445 1018
446 1019
447 1020
448 1021
449 1022
450 1023
451 1032
452 1033
453 1034
454 1035
455 1036
456 1037
457 1038
458 1039
459 1040
460 1041
461 1042
462 1052
463 1053
464 1054
465 1055
466 1056
467 1057
468 1058
469 1059
470 1060
471 1061
472 1062
473 1072
474 1073
475 1074
476 1075
477 1076
478 1077
479 1078
480 1079
481 1092
482 1093
483 1094
484 1095
485 1096
486 1097
487 1098
488 1099
489 1100
490 1101
491 1102
492 1103
493 1104
494 1112
495 1113
496 1114
497 1115
498 1116
499 1117
500 1118
501 1119
502 1120
503 1121
504 1122
505 1123
506 1132
507 1133
508 1134
509 1135
510 1136
511 1137
512 1138
513 1139
514 1140
515 1141
516 1142
517 1143
518 1144
519 1152
520 1153
521 1154
522 1155
523 1156
524 1157
525 1158
526 1159
527 1160
528 1161
529 1162
530 1163
531 1164
532 1165
533 1172
534 1173
535 1174
536 1175
537 1176
538 1177
539 1178
540 1179
541 1180
542 1181
543 1182
544 1183
545 1184
546 1192
547 1193
548 1194
549 1195
550 1196
551 1197
552 1198
553 1199
554 1200
555 1201
556 1202
557 1203
558 1212
559 1213
560 1214
561 1215
562 1216
563 1217
564 1218
565 1219
566 1220
567 1221
568 1222
569 1223
570 1232
571 1233
572 1234
573 1235
574 1236
575 1237
576 1238
577 1239
578 1240
579 1241
580 1242
581 1243
582 1252
583 1253
584 1254
585 1255
586 1256
587 1257
588 1258
589 1259
590 1272
591 1273
592 1274
593 1275
594 1276
595 1277
596 1278
597 1279
598 1280
599 1281
600 1282
601 1283
602 1292
603 1293
604 1294
605 1295
606 1296
607 1297
608 1298
609 1299
610 1300
611 1312
612 1313
613 1314
614 1315
615 1316
616 1317
617 1318
618 1319
619 1320
620 1321
621 1322
622 1332
623 1333
624 1334
625 1335
626 1336
627 1337
628 1338
629 1339
630 1340
631 1341
632 1342
633 1352
634 1353
635 1354
636 1355
637 1356
638 1357
639 1358
640 1359
641 1360
642 1361
643 1372
644 1373
645 1374
646 1375
647 1376
648 1377
649 1378
650 1379
651 1380
652 1381
653 1382
654 1383
655 1384
656 1385
657 1392
658 1393
659 1394
660 1395
661 1396
662 1397
663 1398
664 1399
665 1400
666 1401
667 1402
668 1412
669 1413
670 1414
671 1415
672 1416
673 1417
674 1418
675 1419
676 1420
677 1421
678 1422
679 1423
680 1424
681 1432
682 1433
683 1434
684 1435
685 1436
686 1437
687 1438
688 1439
689 1440
690 1441
691 1452
692 1453
693 1454
694 1455
695 1456
696 1457
697 1458
698 1459
699 1460
700 1461
701 1462
702 1472
703 1473
704 1474
705 1475
706 1476
707 1477
708 1478
709 1479
710 1480
711 1481
712 1482
713 1492
714 1493
715 1494
716 1495
717 1496
718 1497
719 1498
720 1499
721 1500
722 1501
723 1502
724 1503
725 1512
726 1513
727 1514
728 1515
729 1516
730 1517
731 1518
732 1519
733 1520
734 1532
735 1533
736 1534
737 1535
738 1536
739 1537
740 1538
741 1539
742 1540
743 1541
744 1542
745 1552
746 1553
747 1554
748 1555
749 1556
750 1557
751 1558
752 1559
753 1572
754 1573
755 1574
756 1575
757 1576
758 1577
759 1578
760 1579
761 1580
762 1581
763 1582
764 1592
765 1593
766 1594
767 1595
768 1596
769 1597
770 1598
771 1599
772 1600
773 1612
774 1613
775 1614
776 1615
777 1616
778 1617
779 1618
780 1619
781 1620
782 1632
783 1633
784 1634
785 1635
786 1636
787 1637
788 1652
789 1653
790 1654
791 1655
792 1656
793 1657
794 1658
795 1659
796 1672
797 1673
798 1674
799 1675
800 1676
801 1677
802 1678
803 1679
804 1680
805 1692
806 1693
807 1694
808 1695
809 1696
810 1697
811 1698
812 1699
813 1700
814 1712
815 1713
816 1714
817 1715
818 1716
819 1717
820 1718
821 1719
822 1720
823 1721
824 1722
825 1723
826 1732
827 1733
828 1734
829 1735
830 1736
831 1737
832 1738
833 1752
834 1753
835 1754
836 1755
837 1756
838 1757
839 1758
840 1759
841 1772
842 1773
843 1774
844 1775
845 1776
846 1777
847 1778
848 1779
849 1780
850 1781
851 1782
852 1783
853 1792
854 1793
855 1794
856 1795
857 1796
858 1797
859 1798
860 1799
861 1800
862 1801
863 1802
864 1812
865 1813
866 1814
867 1815
868 1816
869 1817
870 1818
871 1819
872 1820
873 1821
874 1822
875 1823
876 1824
877 1832
878 1833
879 1834
880 1835
881 1836
882 1837
883 1838
884 1839
885 1840
886 1841
887 1842
888 1843
889 1844
890 1845
891 1852
892 1853
893 1854
894 1855
895 1856
896 1857
897 1858
898 1859
899 1872
900 1873
901 1874
902 1875
903 1876
904 1877
905 1878
906 1879
907 1880
908 1881
909 1882
910 1883
911 1884
912 1892
913 1893
914 1894
915 1895
916 1896
917 1897
918 1898
919 1899
920 1900
921 1901
922 1902
923 1903
924 1904
925 1905
926 1906
927 1907
928 1912
929 1913
930 1914
931 1915
932 1916
933 1917
934 1918
935 1919
936 1920
937 1921
938 1922
939 1923
940 1924
941 1925
942 1926
943 1927
944 1932
945 1933
946 1934
947 1935
948 1936
949 1937
950 1938
951 1952
952 1953
953 1954
954 1955
955 1956
956 1957
957 1958
958 1959
959 1960
960 1961
961 1962
962 1963
963 1972
964 1973
965 1974
966 1975
967 1976
968 1977
969 1978
970 1979
971 1980
972 1981
973 1982
974 1983
975 1984
976 1985
977 1986
978 1987
979 1992
980 1993
981 1994
982 1995
983 1996
984 1997
985 1998
986 1999
987 2000
988 2012
989 2013
990 2014
991 2015
992 2016
993 2017
994 2018
995 2019
996 2020
997 2021
998 2022
999 2032
1000 2033
1001 2034
1002 2035
1003 2036
1004 2037
1005 2038
1006 2039
1007 2040
1008 2052
1009 2053
1010 2054
1011 2055
1012 2056
1013 2057
1014 2058
1015 2059
1016 2060
1017 2061
1018 2062
1019 2063
1020 2064
1021 2065
1022 2072
1023 2073
1024 2074
1025 2075
1026 2076
1027 2077
1028 2078
1029 2079
1030 2080
1031 2081
1032 2092
1033 2093
1034 2094
1035 2095
1036 2096
1037 2097
1038 2098
1039 2099
1040 2100
1041 2101
1042 2102
1043 2103
1044 2104
1045 2105
1046 2112
1047 2113
1048 2114
1049 2115
1050 2116
1051 2117
1052 2118
1053 2119
1054 2120
1055 2121
1056 2122
1057 2123
1058 2124
1059 2125
1060 2132
1061 2133
1062 2134
1063 2135
1064 2136
1065 2137
1066 2138
1067 2139
1068 2140
1069 2141
1070 2142
1071 2152
1072 2153
1073 2154
1074 2155
1075 2156
1076 2157
1077 2158
1078 2159
1079 2160
1080 2172
1081 2173
1082 2174
1083 2175
1084 2176
1085 2177
1086 2178
1087 2179
1088 2180
1089 2181
1090 2182
1091 2183
1092 2184
1093 2185
1094 2186
1095 2187
1096 2188
1097 2192
1098 2193
1099 2194
1100 2195
1101 2196
1102 2197
1103 2198
1104 2212
1105 2213
1106 2214
1107 2215
1108 2216
1109 2217
1110 2218
1111 2232
1112 2233
1113 2234
1114 2235
1115 2236
1116 2237
1117 2238
1118 2239
1119 2252
1120 2253
1121 2254
1122 2255
1123 2256
1124 2257
1125 2258
1126 2259
1127 2260
1128 2261
1129 2262
1130 2263
1131 2272
1132 2273
1133 2274
1134 2275
1135 2276
1136 2277
1137 2278
1138 2279
1139 2280
1140 2292
1141 2293
1142 2294
1143 2295
1144 2296
1145 2297
1146 2298
1147 2299
1148 2300
1149 2312
1150 2313
1151 2314
1152 2315
1153 2316
1154 2317
1155 2318
1156 2319
1157 2320
1158 2321
1159 2322
1160 2323
1161 2332
1162 2333
1163 2334
1164 2335
1165 2336
1166 2337
1167 2338
1168 2339
1169 2340
1170 2341
1171 2342
1172 2343
1173 2352
1174 2353
1175 2354
1176 2355
1177 2356
1178 2357
1179 2358
1180 2359
1181 2360
1182 2361
1183 2372
1184 2373
1185 2374
1186 2375
1187 2376
1188 2377
1189 2392
1190 2393
1191 2394
1192 2395
1193 2396
1194 2397
1195 2398
1196 2399
1197 2400
1198 2412
1199 2413
1200 2414
1201 2415
1202 2416
1203 2417
1204 2418
1205 2419
1206 2420
1207 2421
1208 2422
1209 2423
1210 2432
1211 2433
1212 2434
1213 2435
1214 2436
1215 2437
1216 2438
1217 2439
1218 2440
1219 2441
1220 2442
1221 2443
1222 2452
1223 2453
1224 2454
1225 2455
1226 2456
1227 2457
1228 2458
1229 2459
1230 2460
1231 2461
1232 2462
1233 2463
1234 2472
1235 2473
1236 2474
1237 2475
1238 2476
1239 2477
1240 2478
1241 2479
1242 2480
1243 2492
1244 2493
1245 2494
1246 2495
1247 2496
1248 2497
1249 2498
1250 2499
1251 2500
1252 2501
1253 2502
1254 2503
1255 2512
1256 2513
1257 2514
1258 2515
1259 2516
1260 2517
1261 2518
1262 2519
1263 2520
1264 2521
1265 2522
1266 2523
1267 2532
1268 2533
1269 2534
1270 2535
1271 2536
1272 2537
1273 2538
1274 2539
1275 2540
1276 2541
1277 2542
1278 2552
1279 2553
1280 2554
1281 2555
1282 2556
1283 2557
1284 2558
1285 2559
1286 2560
1287 2561
1288 2562
1289 2563
1290 2564
1291 2572
1292 2573
1293 2574
1294 2575
1295 2576
1296 2577
1297 2578
1298 2579
1299 2580
1300 2581
1301 2582
1302 2583
1303 2584
1304 2585
1305 2586
1306 2592
1307 2593
1308 2594
1309 2595
1310 2596
1311 2597
1312 2598
1313 2599
1314 2600
1315 2601
1316 2602
1317 2603
1318 2612
1319 2613
1320 2614
1321 2615
1322 2616
1323 2617
1324 2618
1325 2619
1326 2620
1327 2621
1328 2632
1329 2633
1330 2634
1331 2635
1332 2636
1333 2637
1334 2638
1335 2639
1336 2640
1337 2652
1338 2653
1339 2654
1340 2655
1341 2656
1342 2657
1343 2658
1344 2659
1345 2660
1346 2661
1347 2662
1348 2672
1349 2673
1350 2674
1351 2675
1352 2676
1353 2677
1354 2678
1355 2679
1356 2680
1357 2692
1358 2693
1359 2694
1360 2695
1361 2696
1362 2697
1363 2698
1364 2699
1365 2700
1366 2712
1367 2713
1368 2714
1369 2715
1370 2716
1371 2717
1372 2718
1373 2719
1374 2720
1375 2721
1376 2722
1377 2723
1378 2724
1379 2732
1380 2733
1381 2734
1382 2735
1383 2736
1384 2737
1385 2738
1386 2739
1387 2740
1388 2752
1389 2753
1390 2754
1391 2755
1392 2756
1393 2757
1394 2758
1395 2759
1396 2760
1397 2761
1398 2772
1399 2773
1400 2774
1401 2775
1402 2776
1403 2777
1404 2778
1405 2792
1406 2793
1407 2794
1408 2795
1409 2796
1410 2797
1411 2798
1412 2812
1413 2813
1414 2814
1415 2815
1416 2816
1417 2817
1418 2818
1419 2819
1420 2820
1421 2821
1422 2822
1423 2832
1424 2833
1425 2834
1426 2835
1427 2836
1428 2837
1429 2838
1430 2839
1431 2840
1432 2841
1433 2852
1434 2853
1435 2854
1436 2855
1437 2856
1438 2857
1439 2858
1440 2859
1441 2860
1442 2861
1443 2862
1444 2863
1445 2864
1446 2872
1447 2873
1448 2874
1449 2875
1450 2876
1451 2877
1452 2878
1453 2879
1454 2880
1455 2881
1456 2882
1457 2883
1458 2884
1459 2892
1460 2893
1461 2894
1462 2895
1463 2896
1464 2897
1465 2898
1466 2912
1467 2913
1468 2914
1469 2915
1470 2916
1471 2917
1472 2918
1473 2919
1474 2920
1475 2921
1476 2922
1477 2923
1478 2924
1479 2925
1480 2932
1481 2933
1482 2934
1483 2935
1484 2936
1485 2937
1486 2938
1487 2939
1488 2940
1489 2941
1490 2942
1491 2943
1492 2952
1493 2953
1494 2954
1495 2955
1496 2956
1497 2957
1498 2958
1499 2959
1500 2960
1501 2961
1502 2972
1503 2973
1504 2974
1505 2975
1506 2976
1507 2977
1508 2978
1509 2979
1510 2980
1511 2981
1512 2992
1513 2993
1514 2994
1515 2995
1516 2996
1517 2997
1518 2998
1519 2999
1520 3000
1521 3001
1522 3002
1523 3003
1524 3004
1525 3005
1526 3012
1527 3013
1528 3014
1529 3015
1530 3016
1531 3017
1532 3018
1533 3019
1534 3020
1535 3021
1536 3022
1537 3023
1538 3032
1539 3033
1540 3034
1541 3035
1542 3036
1543 3037
1544 3038
1545 3039
1546 3040
1547 3052
1548 3053
1549 3054
1550 3055
1551 3056
1552 3057
1553 3058
1554 3059
1555 3060
1556 3061
1557 3062
1558 3063
1559 3064
1560 3072
1561 3073
1562 3074
1563 3075
1564 3076
1565 3077
1566 3078
1567 3079
1568 3080
1569 3081
1570 3092
1571 3093
1572 3094
1573 3095
1574 3096
1575 3097
1576 3098
1577 3099
1578 3100
1579 3112
1580 3113
1581 3114
1582 3115
1583 3116
1584 3117
1585 3118
1586 3119
1587 3120
1588 3121
1589 3122
1590 3132
1591 3133
1592 3134
1593 3135
1594 3136
1595 3137
1596 3138
1597 3139
1598 3140
1599 3152
1600 3153
1601 3154
1602 3155
1603 3156
1604 3157
1605 3172
1606 3173
1607 3174
1608 3175
1609 3176
1610 3177
1611 3192
1612 3193
1613 3194
1614 3195
1615 3196
1616 3197
1617 3198
1618 3199
1619 3200
1620 3201
1621 3202
1622 3203
1623 3212
1624 3213
1625 3214
1626 3215
1627 3216
1628 3217
1629 3218
1630 3219
1631 3220
1632 3232
1633 3233
1634 3234
1635 3235
1636 3236
1637 3237
1638 3238
1639 3239
1640 3240
1641 3241
1642 3242
1643 3252
1644 3253
1645 3254
1646 3255
1647 3256
1648 3257
1649 3258
1650 3259
1651 3260
1652 3261
1653 3272
1654 3273
1655 3274
1656 3275
1657 3276
1658 3277
1659 3278
1660 3279
1661 3280
1662 3281
1663 3292
1664 3293
1665 3294
1666 3295
1667 3296
1668 3297
1669 3298
1670 3299
1671 3300
1672 3301
1673 3312
1674 3313
1675 3314
1676 3315
1677 3316
1678 3317
1679 3318
1680 3319
1681 3320
1682 3321
1683 3322
1684 3323
1685 3324
1686 3332
1687 3333
1688 3334
1689 3335
1690 3336
1691 3337
1692 3338
1693 3339
1694 3340
1695 3341
1696 3352
1697 3353
1698 3354
1699 3355
1700 3356
1701 3357
1702 3358
1703 3359
1704 3360
1705 3361
1706 3362
1707 3363
1708 3372
1709 3373
1710 3374
1711 3375
1712 3376
1713 3377
1714 3378
1715 3379
1716 3380
1717 3381
1718 3382
1719 3383
1720 3392
1721 3393
1722 3394
1723 3395
1724 3396
1725 3397
1726 3398
1727 3399
1728 3400
1729 3401
1730 3402
1731 3403
1732 3412
1733 3413
1734 3414
1735 3415
1736 3416
1737 3417
1738 3418
1739 3419
1740 3420
1741 3421
1742 3422
1743 3423
1744 3424
1745 3432
1746 3433
1747 3434
1748 3435
1749 3436
1750 3437
1751 3438
1752 3439
1753 3440
1754 3441
1755 3442
1756 3443
1757 3444
1758 3452
1759 3453
1760 3454
1761 3455
1762 3456
1763 3457
1764 3458
1765 3459
1766 3460
1767 3461
1768 3462
1769 3463
1770 3472
1771 3473
1772 3474
1773 3475
1774 3476
1775 3477
1776 3478
1777 3479
1778 3480
1779 3481
1780 3482
1781 3483
1782 3484
1783 3485
1784 3492
1785 3493
1786 3494
1787 3495
1788 3496
1789 3497
1790 3498
1791 3499
1792 3500
1793 3501
1794 3502
1795 3503
1796 3504
1797 3512
1798 3513
1799 3514
1800 3515
1801 3516
1802 3517
1803 3518
1804 3519
1805 3520
1806 3532
1807 3533
1808 3534
1809 3535
1810 3536
1811 3537
1812 3538
1813 3539
1814 3540
1815 3541
1816 3552
1817 3553
1818 3554
1819 3555
1820 3556
1821 3557
1822 3558
1823 3572
1824 3573
1825 3574
1826 3575
1827 3576
1828 3577
1829 3578
1830 3579
1831 3580
1832 3581
1833 3592
1834 3593
1835 3594
1836 3595
1837 3596
1838 3597
1839 3598
1840 3599
1841 3600
1842 3601
1843 3602
1844 3603
1845 3604
1846 3612
1847 3613
1848 3614
1849 3615
1850 3616
1851 3617
1852 3618
1853 3619
1854 3620
1855 3621
1856 3622
1857 3623
1858 3632
1859 3633
1860 3634
1861 3635
1862 3636
1863 3637
1864 3638
1865 3639
1866 3640
1867 3641
1868 3642
1869 3643
1870 3652
1871 3653
1872 3654
1873 3655
1874 3656
1875 3657
1876 3658
1877 3659
1878 3660
1879 3661
1880 3662
1881 3672
1882 3673
1883 3674
1884 3675
1885 3676
1886 3677
1887 3678
1888 3679
1889 3680
1890 3681
1891 3682
1892 3683
1893 3684
1894 3692
1895 3693
1896 3694
1897 3695
1898 3696
1899 3697
1900 3698
1901 3699
1902 3700
1903 3701
1904 3712
1905 3713
1906 3714
1907 3715
1908 3716
1909 3717
1910 3718
1911 3719
1912 3720
1913 3721
1914 3722
1915 3732
1916 3733
1917 3734
1918 3735
1919 3736
1920 3737
1921 3738
1922 3739
1923 3740
1924 3741
1925 3742
1926 3743
1927 3744
1928 3745
1929 3746
1930 3747
1931 3748
1932 3752
1933 3753
1934 3754
1935 3755
1936 3756
1937 3757
1938 3758
1939 3759
1940 3760
1941 3761
1942 3762
1943 3763
1944 3764
1945 3765
1946 3766
1947 3772
1948 3773
1949 3774
1950 3775
1951 3776
1952 3777
1953 3778
1954 3779
1955 3792
1956 3793
1957 3794
1958 3795
1959 3796
1960 3797
1961 3798
1962 3799
1963 3812
1964 3813
1965 3814
1966 3815
1967 3816
1968 3817
1969 3818
1970 3819
1971 3820
1972 3821
1973 3822
1974 3823
1975 3824
1976 3825
1977 3832
1978 3833
1979 3834
1980 3835
1981 3836
1982 3837
1983 3838
1984 3839
1985 3840
1986 3841
1987 3842
1988 3843
1989 3844
1990 3852
1991 3853
1992 3854
1993 3855
1994 3856
1995 3857
1996 3872
