0 0
1 1
2 3
3 4
4 5
5 6
6 7
7 8
8 9
9 10
10 11
14 12
15 13
16 14
17 15
18 16
19 17
20 18
21 19
22 21
23 22
24 23
25 24
26 25
27 26
28 27
29 28
30 30
31 31
32 32
33 33
34 34
35 35
36 36
37 37
38 38
39 39
40 40
41 41
42 42
43 43
44 44
45 45
46 46
48 47
49 48
50 49
51 50
52 51
53 52
54 53
55 54
56 55
57 56
58 57
59 58
60 59
61 60
62 62
63 63
64 64
65 65
66 66
67 67
68 68
69 69
71 70
72 71
73 72
74 73
75 74
76 75
77 76
78 77
79 78
80 79
81 80
82 81
83 82
84 83
85 84
86 85
87 86
88 87
89 88
90 89
91 90
92 91
93 92
96 93
97 94
98 95
99 96
100 97
101 100
102 101
103 102
104 103
105 104
106 105
107 106
108 107
109 108
110 109
111 110
112 111
113 112
114 113
115 114
117 115
118 116
119 117
120 118
121 119
122 121
123 122
124 123
125 124
126 125
127 126
128 127
129 128
130 129
131 130
132 131
133 132
134 133
135 134
136 135
137 136
138 137
139 138
140 139
141 140
143 141
144 142
145 143
146 144
147 145
148 146
149 147
150 148
151 149
152 150
153 151
154 154
155 155
156 156
157 157
158 158
159 159
161 160
162 161
163 162
164 163
165 164
166 165
167 166
169 167
170 168
171 169
172 170
173 171
174 173
175 174
176 175
177 176
178 177
179 178
180 179
181 180
182 181
183 182
184 183
185 184
186 185
187 186
189 187
190 188
191 189
192 190
193 191
194 192
195 194
196 195
197 196
198 197
199 198
200 199
203 200
204 201
205 202
206 203
207 204
208 207
209 208
210 209
211 210
212 211
213 212
214 213
215 214
216 215
217 216
218 217
219 218
220 220
221 221
222 222
223 223
224 224
225 225
228 226
229 227
230 228
231 229
232 230
233 231
234 233
235 234
236 235
237 236
238 237
239 238
241 239
242 240
243 241
244 242
245 243
246 245
247 246
248 247
249 248
250 249
251 250
252 252
253 253
254 254
255 255
256 256
257 257
259 258
260 259
261 260
262 261
263 262
264 263
265 264
266 265
267 266
268 267
269 268
270 269
271 270
272 271
273 272
274 273
275 274
276 275
277 276
279 277
280 278
281 279
282 280
283 281
284 282
285 284
286 285
287 286
288 287
289 288
290 289
292 290
293 291
294 292
295 293
296 294
297 296
298 297
299 298
300 299
301 300
302 301
303 302
304 303
305 304
306 305
307 306
308 307
309 308
310 309
311 310
312 311
313 312
314 313
315 314
316 315
317 316
318 317
319 318
320 319
321 320
322 321
323 322
324 323
325 324
326 325
327 326
328 327
330 328
331 329
332 330
333 331
334 332
335 334
336 335
337 336
338 337
339 338
340 340
341 341
342 342
343 343
344 344
345 345
349 346
350 347
351 348
352 349
353 350
354 352
355 353
356 354
357 355
358 356
359 357
360 359
361 360
362 361
363 362
364 363
365 364
367 365
368 366
369 367
370 368
371 369
372 370
373 372
374 373
375 374
376 375
377 376
378 377
379 378
380 379
381 380
382 381
383 382
384 383
385 384
386 385
387 386
388 387
389 388
390 389
391 390
392 391
393 392
394 393
395 394
396 395
398 396
399 397
400 398
401 399
402 400
403 401
404 402
405 403
406 404
407 405
408 406
409 408
410 409
411 410
412 411
413 412
414 413
415 414
416 415
417 416
418 417
419 418
420 419
422 420
423 421
424 422
425 423
426 426
427 427
428 428
429 429
430 430
431 431
432 432
433 433
434 434
435 435
436 436
438 437
439 438
440 439
441 440
442 441
443 442
444 443
445 444
446 445
447 446
448 448
449 449
450 450
453 451
454 452
455 453
456 454
457 456
458 457
459 458
460 459
461 460
462 461
463 462
464 463
465 464
466 465
467 466
468 467
469 468
470 470
471 471
472 472
473 473
476 474
477 475
478 476
479 477
480 479
481 480
482 481
483 482
485 483
486 484
487 485
488 486
489 487
490 488
491 489
492 490
493 491
494 493
495 494
496 495
497 496
498 497
499 498
500 499
501 500
502 501
503 502
504 503
505 504
506 505
507 506
508 507
509 508
510 509
511 510
512 511
513 512
514 513
515 514
516 515
517 516
518 517
519 518
520 519
521 520
523 521
524 522
525 523
526 524
527 525
528 526
529 528
530 529
531 530
532 531
533 532
534 533
535 534
537 535
538 536
539 537
540 538
541 539
542 540
543 542
544 543
545 544
546 545
547 546
548 547
550 548
551 549
552 550
553 551
554 552
555 553
556 554
559 555
560 556
561 557
562 558
563 561
564 562
565 563
566 564
567 565
568 566
569 567
570 568
571 569
572 570
573 572
574 573
575 574
576 575
577 576
578 577
579 579
580 580
581 581
582 582
584 583
585 584
586 585
587 586
588 587
589 588
590 589
591 590
592 591
593 592
594 593
595 594
596 595
597 596
598 597
599 598
600 599
601 601
602 602
603 603
604 604
605 605
606 606
608 607
609 608
610 609
611 610
612 611
613 612
614 613
615 614
616 615
617 616
618 617
619 618
620 619
621 620
623 621
624 622
625 623
626 624
627 625
628 626
629 627
630 628
631 629
632 630
633 631
634 632
635 633
636 634
637 635
638 636
639 637
640 638
641 640
642 641
643 642
644 643
645 644
646 645
647 646
648 647
649 648
650 649
651 650
652 651
653 652
654 653
655 654
656 655
657 656
658 657
659 658
660 659
661 660
662 661
663 662
664 663
665 664
666 665
667 666
668 667
669 668
671 669
672 670
673 671
674 672
675 673
676 674
677 675
678 676
679 677
680 678
681 680
682 681
683 682
684 683
685 684
686 685
687 686
688 687
689 689
690 690
691 691
692 692
693 693
694 694
695 695
696 696
697 697
698 698
699 699
700 700
701 701
702 702
703 703
704 704
705 705
706 706
708 707
709 708
710 709
711 710
712 711
713 712
714 713
715 714
716 715
717 716
718 717
719 718
720 719
721 720
722 721
723 722
724 723
725 724
726 725
727 726
728 727
729 728
730 729
731 730
732 731
733 732
734 733
735 734
737 735
738 736
739 737
740 738
741 739
742 740
743 741
744 742
745 743
746 745
747 746
748 747
749 748
750 749
751 750
752 751
753 752
754 753
755 754
756 755
757 756
758 757
759 758
760 759
761 760
762 761
763 762
764 763
765 764
766 765
767 766
768 767
769 768
770 770
771 771
772 772
773 773
774 774
775 775
776 776
777 777
778 778
779 779
780 780
781 781
782 782
783 783
784 784
786 785
787 786
788 787
789 788
790 789
791 790
792 791
793 792
794 793
795 794
796 795
797 796
798 797
799 798
800 799
801 800
803 801
804 802
805 803
806 804
807 805
808 806
809 807
810 808
811 809
812 810
813 811
814 812
815 813
816 814
817 815
818 816
819 817
820 818
821 819
822 820
823 821
824 822
825 823
826 824
827 825
828 826
829 827
830 828
831 829
832 830
833 831
834 833
835 834
836 835
837 836
838 837
839 838
840 839
841 840
842 841
843 842
844 843
845 844
846 845
847 846
848 847
850 848
851 849
852 850
853 851
854 852
855 853
856 854
857 855
858 856
859 857
860 858
861 859
862 860
863 861
864 862
865 864
866 865
867 866
868 867
869 868
870 869
871 870
872 871
873 872
874 873
875 874
876 875
877 876
878 877
879 879
880 880
881 881
882 882
883 883
884 884
885 885
886 886
887 887
888 888
889 889
890 890
891 891
892 892
893 893
894 894
895 895
896 896
897 897
898 898
899 899
900 900
901 901
902 902
903 903
904 904
905 905
906 906
907 909
908 910
909 911
910 912
911 913
912 914
913 915
914 916
915 917
916 918
917 919
918 920
919 921
920 924
921 925
922 926
923 927
924 928
925 929
926 930
927 931
928 932
929 933
930 934
931 935
932 936
934 937
935 938
936 939
937 940
938 941
939 942
940 943
941 944
942 945
943 946
944 947
945 948
951 949
952 950
953 951
954 952
955 953
956 954
957 955
959 956
960 957
961 958
962 959
963 960
964 961
965 965
966 966
967 967
968 968
969 969
970 970
973 971
974 972
975 973
976 974
977 975
978 976
979 978
980 979
981 980
982 981
983 982
984 983
985 984
986 985
987 986
988 987
989 988
990 989
991 990
992 991
993 992
994 993
995 994
996 995
997 996
998 997
999 998
1000 999
1001 1000
1002 1001
1003 1002
1004 1003
1005 1004
1006 1005
1007 1006
1009 1007
1010 1008
1011 1009
1012 1010
1013 1011
1014 1012
1015 1013
1016 1014
1017 1015
1018 1016
1019 1017
1020 1018
1021 1019
1022 1020
1023 1021
1024 1022
1025 1024
1026 1025
1027 1026
1028 1027
1029 1028
1030 1029
1031 1030
1032 1031
1033 1032
1034 1033
1035 1034
1036 1035
1037 1036
1038 1037
1039 1038
1040 1039
1041 1040
1042 1041
1043 1042
1045 1043
1046 1044
1047 1045
1048 1046
1049 1047
1050 1048
1051 1049
1052 1050
1053 1051
1054 1053
1055 1054
1056 1055
1057 1056
1058 1057
1059 1058
1060 1059
1061 1060
1062 1061
1063 1062
1064 1063
1066 1064
1067 1065
1068 1066
1069 1067
1070 1068
1071 1069
1072 1070
1073 1071
1074 1072
1075 1073
1076 1074
1078 1075
1079 1076
1080 1077
1081 1078
1082 1079
1083 1080
1084 1081
1085 1082
1086 1083
1087 1084
1088 1087
1089 1088
1090 1089
1091 1090
1092 1091
1093 1092
1094 1093
1095 1094
1096 1095
1097 1096
1098 1097
1100 1098
1101 1099
1102 1100
1103 1101
1104 1102
1105 1103
1106 1104
1107 1105
1108 1106
1109 1107
1110 1109
1111 1110
1112 1111
1113 1112
1114 1113
1115 1114
1116 1115
1117 1116
1118 1117
1119 1118
1120 1119
1122 1120
1123 1121
1124 1122
1125 1123
1126 1124
1127 1125
1128 1126
1129 1127
1130 1129
1131 1130
1132 1131
1133 1132
1134 1133
1135 1134
1136 1135
1139 1136
1140 1137
1141 1138
1142 1139
1143 1140
1144 1143
1145 1144
1146 1145
1147 1146
1148 1147
1149 1148
1150 1149
1151 1150
1152 1151
1153 1152
1154 1153
1155 1154
1156 1155
1157 1156
1158 1157
1159 1158
1160 1159
1161 1160
1162 1161
1163 1162
1164 1163
1165 1164
1166 1165
1167 1166
1168 1167
1169 1168
1170 1169
1171 1170
1172 1172
1173 1173
1174 1174
1175 1175
1176 1176
1177 1177
1178 1178
1180 1179
1181 1180
1182 1181
1183 1182
1184 1183
1185 1184
1187 1185
1188 1186
1189 1187
1190 1188
1191 1189
1192 1190
1193 1192
1194 1193
1195 1194
1196 1195
1197 1196
1198 1197
1199 1199
1200 1200
1201 1201
1202 1202
1203 1203
1204 1204
1205 1205
1206 1206
1207 1207
1208 1208
1209 1209
1210 1210
1211 1211
1214 1212
1215 1213
1216 1214
1217 1215
1218 1216
1219 1217
1220 1218
1221 1219
1222 1220
1223 1222
1224 1223
1225 1224
1226 1225
1227 1226
1228 1227
1229 1228
1230 1229
1231 1230
1232 1231
1233 1232
1234 1233
1235 1234
1236 1235
1237 1236
1238 1237
1239 1238
1240 1239
1241 1240
1243 1241
1244 1242
1245 1243
1246 1244
1247 1245
1248 1246
1249 1247
1250 1248
1251 1249
1253 1250
1254 1251
1255 1252
1256 1253
1257 1254
1258 1255
1259 1259
1260 1260
1261 1261
1262 1262
1263 1263
1264 1264
1265 1265
1266 1266
1268 1267
1269 1268
1270 1269
1271 1270
1272 1271
1273 1272
1274 1273
1275 1274
1276 1275
1277 1276
1278 1277
1279 1278
1280 1279
1281 1280
1282 1281
1283 1282
1284 1283
1285 1284
1286 1285
1287 1286
1288 1287
1289 1288
1290 1289
1291 1290
1292 1291
1293 1292
1294 1293
1295 1294
1298 1295
1299 1296
1300 1297
1301 1298
1302 1299
1303 1300
1304 1301
1305 1302
1306 1303
1307 1305
1308 1306
1309 1307
1310 1308
1311 1309
1312 1310
1313 1311
1314 1312
1315 1314
1316 1315
1317 1316
1318 1317
1319 1318
1320 1319
1321 1320
1322 1321
1323 1322
1324 1323
1326 1324
1327 1325
1328 1326
1329 1327
1330 1328
1331 1329
1332 1330
1333 1331
1334 1333
1335 1334
1336 1335
1337 1336
1338 1337
1339 1338
1340 1339
1341 1340
1342 1341
1343 1342
1344 1343
1345 1344
1346 1345
1347 1346
1348 1347
1349 1348
1350 1349
1351 1350
1352 1351
1353 1352
1354 1353
1355 1354
1356 1355
1357 1356
1358 1357
1359 1358
1360 1359
1361 1360
1362 1361
1363 1362
1364 1363
1365 1364
1366 1365
1367 1366
1368 1367
1369 1368
1370 1369
1371 1370
1374 1371
1375 1372
1376 1373
1377 1374
1378 1375
1379 1376
1380 1377
1381 1378
1382 1381
1383 1382
1384 1383
1385 1384
1386 1385
1387 1386
1388 1387
1389 1388
1390 1389
1391 1390
1392 1391
1393 1392
1394 1393
1395 1394
1396 1395
1397 1396
1398 1397
1399 1398
1400 1399
1401 1400
1402 1401
1403 1402
1404 1403
1405 1404
1406 1405
1407 1406
1408 1407
1409 1408
1410 1409
1411 1410
1412 1411
1413 1412
1414 1413
1415 1414
1416 1415
1417 1416
1418 1417
1419 1418
1420 1419
1421 1420
1422 1421
1423 1422
1424 1423
1425 1424
1426 1425
1427 1426
1428 1427
1429 1428
1430 1430
1431 1431
1432 1432
1433 1433
1434 1434
1435 1435
1436 1436
1437 1437
1441 1438
1442 1439
1443 1440
1444 1441
1445 1442
1446 1443
1447 1446
1448 1447
1449 1448
1450 1449
1451 1450
1452 1451
1453 1452
1454 1453
1458 1454
1459 1455
1460 1456
1461 1457
1462 1458
1463 1462
1464 1463
1465 1464
1466 1465
1467 1466
1468 1467
1469 1468
1470 1469
1471 1470
1472 1471
1473 1472
1474 1473
1475 1474
1476 1475
1477 1476
1478 1477
1479 1478
1480 1479
1481 1480
1482 1481
1483 1482
1484 1483
1485 1484
1486 1485
1487 1486
1488 1487
1489 1488
1490 1489
1492 1490
1493 1491
1494 1492
1495 1493
1496 1495
1497 1496
1498 1497
1499 1498
1500 1499
1501 1500
1502 1501
1503 1502
1504 1503
1505 1504
1506 1505
1508 1506
1509 1507
1510 1508
1511 1509
1512 1511
1513 1512
1514 1513
1515 1514
1516 1515
1517 1516
1518 1517
1519 1518
1520 1519
1521 1520
1523 1521
1524 1522
1525 1523
1526 1525
1527 1526
1528 1527
1529 1528
1530 1529
1531 1530
1532 1531
1533 1532
1534 1533
1536 1534
1537 1535
1538 1536
1539 1537
1540 1538
1541 1539
1542 1540
1543 1541
1544 1542
1545 1543
1546 1544
1547 1545
1548 1546
1549 1547
1550 1548
1551 1549
1552 1550
1553 1551
1554 1552
1555 1553
1556 1555
1557 1556
1558 1557
1559 1558
1560 1559
1561 1561
1562 1562
1563 1563
1564 1564
1565 1565
1566 1566
1567 1567
1568 1568
1569 1569
1570 1570
1572 1571
1573 1572
1574 1573
1575 1574
1576 1575
1577 1576
1578 1577
1579 1578
1580 1579
1581 1580
1582 1581
1583 1582
1584 1584
1585 1585
1586 1586
1587 1587
1588 1588
1590 1589
1591 1590
1592 1591
1593 1592
1594 1593
1595 1594
1596 1595
1597 1596
1598 1597
1599 1598
1600 1599
1601 1600
1602 1601
1603 1602
1604 1603
1605 1604
1606 1605
1607 1606
1608 1607
1609 1608
1610 1609
1611 1610
1612 1611
1613 1612
1614 1613
1615 1614
1616 1615
1617 1616
1618 1617
1619 1618
1620 1619
1621 1620
1622 1621
1623 1622
1624 1623
1625 1624
1626 1625
1627 1626
1628 1627
1629 1629
1630 1630
1631 1631
1632 1632
1633 1633
1634 1634
1635 1635
1636 1636
1638 1637
1639 1638
1640 1639
1641 1640
1642 1641
1643 1642
1644 1643
1645 1644
1647 1645
1648 1646
1649 1647
1650 1648
1651 1649
1652 1650
1653 1651
1654 1652
1655 1653
1656 1654
1657 1655
1658 1656
1661 1657
1662 1658
1663 1659
1664 1660
1665 1661
1666 1662
1667 1663
1668 1664
1669 1665
1670 1669
1671 1670
1672 1671
1673 1672
1674 1673
1675 1674
1676 1675
1677 1676
1678 1677
1679 1678
1680 1679
1681 1680
1682 1681
1683 1682
1684 1683
1685 1684
1686 1685
1687 1686
1688 1687
1689 1688
1690 1689
1691 1690
1692 1692
1693 1693
1694 1694
1695 1695
1696 1696
1697 1697
1698 1698
1699 1699
1700 1700
1701 1701
1702 1702
1703 1703
1704 1704
1705 1705
1706 1706
1707 1707
1708 1708
1709 1709
1710 1710
1711 1711
1712 1712
1716 1713
1717 1714
1718 1715
1719 1716
1720 1717
1721 1718
1722 1719
1723 1720
1724 1721
1725 1722
1726 1724
1727 1725
1728 1726
1729 1727
1730 1728
1731 1729
1732 1730
1733 1731
1734 1732
1735 1733
1736 1734
1737 1735
1738 1736
1739 1737
1740 1738
1741 1739
1742 1740
1743 1741
1744 1742
1745 1743
1746 1746
1747 1747
1748 1748
1749 1749
1750 1750
1751 1751
1752 1752
1753 1753
1754 1754
1755 1755
1756 1756
1757 1757
1761 1758
1762 1759
1763 1760
1764 1761
1765 1762
1766 1763
1767 1764
1768 1765
1769 1766
1770 1767
1771 1771
1772 1772
1773 1773
1774 1774
1775 1775
1776 1776
1777 1777
1778 1778
1779 1779
1780 1780
1781 1781
1782 1782
1785 1783
1786 1784
1787 1785
1788 1786
1789 1787
1790 1788
1791 1789
1792 1790
1793 1791
1794 1792
1795 1793
1798 1794
1799 1795
1800 1796
1801 1797
1802 1798
1803 1799
1804 1800
1805 1801
1806 1802
1807 1803
1808 1806
1809 1807
1810 1808
1811 1809
1812 1810
1813 1811
1814 1812
1815 1813
1816 1814
1817 1815
1818 1816
1821 1817
1822 1818
1823 1819
1824 1820
1825 1821
1826 1822
1827 1823
1828 1824
1829 1828
1830 1829
1831 1830
1832 1831
1833 1832
1834 1833
1835 1834
1836 1835
1837 1836
1838 1837
1839 1838
1842 1839
1843 1840
1844 1841
1845 1842
1846 1843
1847 1844
1848 1845
1849 1846
1850 1847
1851 1848
1852 1850
1853 1851
1854 1852
1855 1853
1856 1854
1857 1855
1858 1856
1859 1857
1860 1858
1861 1859
1862 1860
1863 1861
1864 1862
1865 1863
1866 1864
1867 1865
1868 1866
1869 1867
1870 1868
1871 1869
1872 1871
1873 1872
1874 1873
1875 1874
1876 1875
1877 1876
1878 1877
1879 1878
1880 1879
1881 1880
1882 1881
1884 1882
1885 1883
1886 1884
1887 1885
1888 1886
1889 1887
1890 1888
1891 1889
1892 1892
1893 1893
1894 1894
1895 1895
1896 1896
1897 1897
1898 1898
1899 1899
1900 1900
1901 1901
1905 1902
1906 1903
1907 1904
1908 1905
1909 1906
1910 1909
1911 1910
1912 1911
1913 1912
1914 1913
1915 1914
1916 1915
1917 1916
1918 1917
1919 1918
1920 1919
1921 1920
1922 1921
1923 1922
1924 1923
1925 1924
1926 1925
1927 1926
1928 1928
1929 1929
1930 1930
1931 1931
1932 1932
1933 1933
1935 1934
1936 1935
1937 1936
1938 1937
1939 1938
1940 1940
1941 1941
1942 1942
1943 1943
1944 1944
1946 1945
1947 1946
1948 1947
1949 1948
1950 1950
1951 1951
1952 1952
1953 1953
1954 1954
1956 1955
1957 1956
1958 1957
1959 1958
1960 1960
1961 1961
1962 1962
1963 1963
1964 1964
1966 1965
1967 1966
1968 1967
1969 1968
1970 1970
1971 1971
1972 1972
1973 1973
1974 1974
1976 1975
1977 1976
1978 1977
1979 1978
1980 1979
1981 1980
1982 1981
1983 1982
1984 1983
1985 1984
1986 1985
1987 1986
1989 1987
1990 1988
1991 1989
1992 1991
1993 1992
1994 1993
1995 1994
1996 1995
1998 1996
1999 1997
2000 1998
2001 2000
2002 2001
2003 2002
2004 2003
2006 2004
2007 2005
2008 2006
2009 2007
2010 2008
2011 2009
2012 2010
2013 2011
2014 2012
2015 2013
2016 2014
2017 2017
2018 2018
2019 2019
2020 2020
2021 2021
2022 2022
2024 2023
2025 2024
2026 2025
2027 2026
2028 2027
2029 2028
2030 2030
2031 2031
2032 2032
2033 2033
2034 2034
2035 2035
2036 2036
2037 2037
2038 2038
2039 2039
2040 2040
2041 2041
2042 2042
2045 2043
2046 2044
2047 2045
2048 2046
2049 2047
2050 2048
2051 2049
2052 2050
2053 2051
2054 2052
2055 2053
2056 2056
2057 2057
2058 2058
2059 2059
2060 2060
2061 2061
2063 2062
2064 2063
2065 2064
2066 2065
2067 2066
2068 2067
2069 2068
2070 2069
2071 2070
2072 2071
2073 2072
2074 2073
2075 2075
2076 2076
2077 2077
2078 2078
2079 2079
2080 2080
2082 2081
2083 2082
2084 2083
2085 2084
2086 2085
2087 2086
2088 2087
2089 2088
2090 2089
2091 2090
2092 2091
2093 2092
2096 2093
2097 2094
2098 2095
2099 2096
2100 2097
2101 2100
2102 2101
2103 2102
2104 2103
2105 2104
2106 2105
2107 2106
2108 2107
2109 2108
2110 2109
2111 2110
2112 2111
2113 2112
2114 2113
2115 2114
2116 2115
2117 2116
2118 2117
2119 2118
2121 2119
2122 2120
2123 2121
2124 2122
2125 2123
2126 2124
2127 2126
2128 2127
2129 2128
2130 2129
2131 2130
2132 2131
2134 2132
2135 2133
2136 2134
2137 2135
2138 2136
2139 2137
2140 2139
2141 2140
2142 2141
2143 2142
2144 2143
2145 2145
2146 2146
2147 2147
2148 2148
2149 2149
2150 2150
2153 2151
2154 2152
2155 2153
2156 2154
2157 2155
2158 2156
2159 2158
2160 2159
2161 2160
2162 2161
2163 2162
2164 2163
2167 2164
2168 2165
2169 2166
2170 2167
2171 2168
2172 2169
2173 2171
2174 2172
2175 2173
2176 2174
2177 2175
2178 2177
2179 2178
2180 2179
2181 2180
2182 2181
2183 2182
2184 2183
2185 2184
2186 2185
2187 2186
2188 2187
2189 2188
2190 2189
2191 2190
2192 2191
2193 2192
2194 2193
2195 2194
2196 2195
2197 2196
2198 2197
2199 2198
2200 2199
2201 2200
2202 2201
2203 2202
2204 2203
2206 2204
2207 2205
2208 2206
2209 2207
2210 2208
2211 2209
2212 2210
2213 2211
2214 2212
2215 2213
2216 2214
2217 2216
2218 2217
2219 2218
2220 2219
2221 2220
2222 2221
2223 2223
2224 2224
2225 2225
2226 2226
2227 2227
2228 2228
2229 2229
2230 2230
2231 2231
2232 2232
2233 2233
2236 2234
2237 2235
2238 2236
2239 2237
2240 2238
2241 2239
2242 2240
2243 2241
2244 2242
2245 2243
2246 2244
2247 2246
2248 2247
2249 2248
2250 2249
2251 2250
2252 2251
2253 2252
2254 2253
2255 2254
2256 2255
2257 2256
2258 2258
2259 2259
2260 2260
2261 2261
2263 2262
2264 2263
2265 2264
2266 2265
2267 2266
2268 2267
2269 2268
2270 2269
2271 2270
2272 2271
2273 2272
2274 2273
2275 2274
2276 2275
2277 2276
2278 2278
2279 2279
2280 2280
2282 2281
2283 2282
2284 2283
2285 2284
2286 2285
2287 2286
2288 2287
2289 2288
2290 2289
2291 2290
2292 2291
2293 2292
2294 2293
2295 2294
2296 2295
2297 2296
2298 2297
2299 2298
2300 2299
2301 2300
2302 2301
2303 2302
2304 2303
2305 2304
2306 2305
2307 2306
2309 2307
2310 2308
2311 2309
2312 2310
2313 2313
2314 2314
2315 2315
2316 2316
2317 2317
2318 2318
2319 2319
2320 2320
2321 2321
2322 2322
2324 2323
2325 2324
2326 2325
2327 2326
2328 2327
2329 2328
2330 2329
2332 2330
2333 2331
2334 2332
2335 2333
2336 2334
2337 2336
2338 2337
2339 2338
2340 2339
2341 2340
2342 2341
2343 2342
2344 2343
2345 2344
2346 2345
2347 2346
2348 2347
2349 2348
2350 2349
2351 2350
2352 2351
2353 2352
2354 2353
2355 2354
2356 2355
2357 2356
2358 2357
2359 2358
2360 2359
2361 2360
2362 2361
2363 2362
2364 2363
2366 2364
2367 2365
2368 2366
2369 2367
2370 2368
2371 2369
2372 2370
2373 2371
2374 2372
2375 2373
2377 2374
2378 2375
2379 2376
2380 2377
2381 2378
2382 2379
2383 2380
2384 2381
2385 2382
2386 2384
2387 2385
2388 2386
2389 2387
2390 2388
2391 2389
2392 2390
2393 2391
2394 2392
2395 2393
2397 2394
2398 2395
2399 2396
2400 2397
2401 2398
2402 2401
2403 2402
2404 2403
2405 2404
2406 2405
2407 2406
2408 2407
2409 2408
2410 2409
2411 2410
2412 2411
2413 2412
2414 2413
2415 2414
2416 2415
2417 2416
2418 2417
2419 2418
2420 2419
2421 2420
2422 2421
2423 2422
2424 2423
2425 2424
2426 2425
2427 2426
2428 2427
2429 2428
2430 2429
2431 2430
2433 2431
2434 2432
2435 2433
2436 2434
2437 2435
2438 2436
2439 2437
2440 2438
2441 2439
2442 2440
2443 2441
2445 2442
2446 2443
2447 2444
2448 2445
2449 2446
2450 2447
2451 2449
2452 2450
2453 2451
2454 2452
2455 2453
2456 2454
2457 2455
2458 2456
2459 2457
2460 2458
2461 2459
2462 2460
2463 2461
2464 2462
2465 2463
2466 2465
2467 2466
2468 2467
2469 2468
2470 2469
2471 2470
2472 2471
2473 2472
2474 2473
2477 2474
2478 2475
2479 2476
2480 2477
2481 2478
2482 2479
2483 2480
2484 2484
2485 2485
2486 2486
2487 2487
2488 2488
2489 2489
2490 2490
2491 2491
2492 2492
2493 2493
2495 2494
2496 2495
2497 2496
2498 2497
2499 2498
2500 2499
2501 2500
2502 2501
2503 2502
2504 2503
2506 2504
2507 2505
2508 2506
2509 2507
2510 2508
2511 2509
2512 2510
2513 2511
2514 2512
2515 2513
2516 2514
2517 2515
2518 2516
2519 2517
2520 2518
2521 2519
2522 2521
2523 2522
2524 2523
2525 2524
2526 2525
2527 2526
2528 2527
2529 2528
2530 2529
2531 2530
2532 2531
2533 2532
2534 2533
2535 2534
2536 2535
2537 2537
2538 2538
2539 2539
2540 2540
2541 2541
2542 2542
2543 2543
2544 2544
2546 2545
2547 2546
2548 2547
2549 2548
2550 2549
2551 2550
2552 2551
2553 2552
2554 2553
2555 2554
2556 2555
2557 2556
2558 2557
2559 2558
2560 2559
2562 2560
2563 2561
2564 2562
2565 2563
2566 2564
2567 2565
2568 2566
2569 2567
2570 2568
2571 2569
2572 2570
2573 2571
2574 2572
2575 2573
2576 2574
2577 2575
2579 2576
2580 2577
2581 2578
2582 2579
2583 2580
2584 2584
2585 2585
2586 2586
2587 2587
2588 2588
2589 2589
2590 2590
2591 2591
2592 2592
2593 2593
2594 2594
2595 2595
2596 2596
2597 2597
2598 2598
2599 2599
2600 2600
2601 2601
2602 2602
2604 2603
2605 2604
2606 2605
2607 2606
2608 2607
2609 2609
2610 2610
2611 2611
2612 2612
2613 2613
2614 2614
2616 2615
2617 2616
2618 2617
2619 2618
2620 2619
2621 2620
2622 2621
2623 2622
2624 2623
2625 2624
2626 2625
2628 2626
2629 2627
2630 2628
2631 2629
2632 2630
2633 2631
2634 2632
2635 2633
2636 2634
2637 2635
2638 2636
2639 2638
2640 2639
2641 2640
2642 2641
2643 2642
2644 2644
2645 2645
2646 2646
2647 2647
2648 2648
2649 2649
2650 2650
2651 2651
2652 2652
2653 2653
2654 2654
2655 2655
2656 2656
2657 2657
2658 2658
2659 2659
2660 2660
2661 2661
2662 2662
2663 2663
2664 2664
2665 2665
2666 2666
2667 2667
2668 2668
2669 2669
2670 2670
2671 2671
2672 2672
2673 2673
2674 2674
2675 2675
2676 2676
2677 2677
2678 2678
2679 2679
2680 2680
2681 2681
2682 2682
2683 2683
2684 2684
2685 2685
2686 2686
2687 2687
2690 2688
2691 2689
2692 2690
2693 2691
2694 2692
2695 2693
2696 2694
2697 2695
2698 2697
2699 2698
2700 2699
2701 2700
2702 2701
2703 2702
2704 2703
2705 2704
2706 2705
2707 2706
2709 2707
2710 2708
2711 2709
2712 2710
2713 2711
2714 2712
2715 2713
2716 2714
2717 2715
2719 2716
2720 2717
2721 2718
2722 2719
2723 2720
2724 2721
2725 2722
2726 2723
2727 2724
2728 2725
2729 2726
2730 2727
2731 2728
2732 2729
2733 2730
2734 2731
2735 2732
2736 2734
2737 2735
2738 2736
2739 2737
2740 2738
2741 2739
2742 2740
2743 2741
2744 2744
2745 2745
2746 2746
2747 2747
2748 2748
2749 2749
2750 2750
2751 2751
2753 2752
2754 2753
2755 2754
2756 2755
2757 2756
2758 2757
2759 2758
2760 2759
2761 2760
2762 2761
2763 2762
2764 2763
2765 2764
2766 2765
2767 2766
2768 2767
2769 2768
2770 2769
2771 2770
2772 2771
2773 2772
2774 2773
2775 2774
2776 2775
2777 2776
2778 2777
2779 2778
2780 2779
2781 2780
2782 2781
2783 2782
2784 2783
2785 2784
2786 2785
2787 2786
2790 2787
2791 2788
2792 2789
2793 2790
2794 2791
2795 2792
2796 2793
2797 2794
2798 2796
2799 2797
2800 2798
2801 2799
2802 2800
2803 2801
2804 2802
2805 2803
2806 2804
2807 2805
2808 2806
2809 2807
2810 2808
2811 2809
2812 2810
2813 2811
2814 2812
2815 2813
2816 2814
2817 2815
2818 2816
2819 2817
2820 2818
2821 2819
2822 2820
2823 2821
2824 2822
2825 2823
2826 2824
2827 2825
2828 2826
2829 2827
2830 2828
2831 2829
2832 2830
2833 2832
2834 2833
2835 2834
2836 2835
2837 2836
2838 2837
2839 2838
2840 2839
2841 2840
2842 2841
2843 2842
2844 2843
2845 2844
2846 2845
2847 2846
2848 2847
2849 2848
2850 2849
2853 2850
2854 2851
2855 2852
2856 2853
2857 2854
2858 2855
2859 2856
2860 2859
2861 2860
2862 2861
2863 2862
2864 2863
2865 2864
2866 2865
2867 2866
2868 2867
2869 2868
2870 2869
2871 2870
2872 2871
2873 2872
2874 2873
2875 2874
2876 2875
2877 2876
2878 2877
2879 2878
2880 2879
2881 2880
2882 2881
2883 2882
2884 2883
2885 2884
2886 2885
2887 2886
2888 2887
2891 2888
2892 2889
2893 2890
2894 2891
2895 2892
2896 2895
2897 2896
2898 2897
2899 2898
2900 2899
2901 2900
2902 2901
2903 2902
2906 2903
2907 2904
2908 2905
2909 2906
2910 2907
2911 2910
2912 2911
2913 2912
2914 2913
2915 2914
2916 2915
2917 2916
2918 2917
2919 2918
2920 2919
2921 2920
2922 2921
2923 2922
2924 2923
2925 2924
2927 2925
2928 2926
2929 2927
2930 2928
2931 2929
2932 2930
2933 2931
2934 2932
2935 2933
2936 2934
2937 2935
2938 2936
2939 2937
2940 2938
2941 2940
2942 2941
2943 2942
2944 2943
2945 2944
2946 2945
2947 2946
2948 2947
2949 2948
2950 2949
2951 2950
2952 2951
2953 2952
2954 2953
2955 2954
2956 2955
2957 2956
2958 2957
2959 2958
2960 2959
2961 2961
2962 2962
2963 2963
2964 2964
2965 2965
2966 2966
2967 2967
2969 2968
2970 2969
2971 2970
2972 2971
2973 2972
2974 2973
2975 2974
2976 2975
2977 2976
2978 2977
2979 2978
2980 2979
2981 2980
2982 2981
2983 2982
2984 2983
2985 2984
2986 2985
2987 2986
2988 2987
2989 2988
2990 2989
2991 2990
2992 2991
2993 2992
2994 2993
2995 2994
2996 2995
2997 2996
2998 2997
2999 2998
3000 2999
3001 3000
3002 3001
3003 3002
3004 3003
3005 3004
3006 3005
3007 3006
3008 3007
3009 3008
3010 3009
3011 3010
3012 3011
3013 3012
3014 3013
3015 3014
3016 3015
3017 3016
3018 3017
3019 3018
3020 3019
3021 3020
3022 3021
3023 3022
3024 3023
3025 3024
3027 3025
3028 3026
3029 3027
3030 3028
3031 3029
3032 3030
3033 3032
3034 3033
3035 3034
3036 3035
3037 3036
3038 3037
3039 3038
3040 3039
3041 3040
3042 3041
3043 3042
3044 3043
3045 3044
3046 3045
3047 3046
3048 3047
3049 3048
3050 3049
3051 3050
3052 3052
3053 3053
3054 3054
3055 3055
3056 3056
3057 3057
3058 3058
3061 3059
3062 3060
3063 3061
3064 3062
3065 3063
3066 3064
3067 3067
3068 3068
3069 3069
3070 3070
3071 3071
3072 3072
3074 3073
3075 3074
3076 3075
3077 3076
3078 3077
3079 3078
3080 3079
3081 3080
3082 3081
3083 3082
3084 3083
3085 3084
3086 3085
3087 3086
3088 3087
3089 3088
3090 3089
3091 3090
3092 3091
3093 3092
3094 3093
3095 3094
3096 3095
3097 3096
3098 3097
3099 3098
3100 3100
3101 3101
3102 3102
3103 3103
3104 3104
3105 3105
3106 3106
3107 3107
3108 3108
3109 3109
3110 3110
3112 3111
3113 3112
3114 3113
3115 3114
3116 3115
3117 3116
3118 3117
3119 3118
3120 3119
3121 3120
3122 3121
3123 3122
3124 3123
3125 3124
3126 3125
3127 3126
3128 3128
3129 3129
3130 3130
3131 3131
3132 3132
3133 3133
3134 3134
3135 3135
3136 3136
3137 3137
3138 3138
3140 3139
3141 3140
3142 3141
3143 3142
3144 3143
3145 3144
3147 3145
3148 3146
3149 3147
3150 3148
3151 3151
3152 3152
3153 3153
3154 3154
3155 3155
3156 3156
3159 3157
3160 3158
3161 3159
3162 3160
3163 3161
3164 3162
3165 3163
3166 3164
3167 3165
3168 3166
3169 3167
3170 3168
3171 3169
3172 3170
3173 3171
3174 3172
3175 3175
3176 3176
3177 3177
3178 3178
3179 3179
3180 3180
3181 3181
3182 3182
3185 3183
3186 3184
3187 3185
3188 3186
3189 3187
3190 3188
3191 3189
3192 3190
3193 3192
3194 3193
3195 3194
3196 3195
3197 3196
3198 3197
3199 3198
3200 3199
3201 3200
3204 3201
3205 3202
3206 3203
3207 3204
3208 3205
3209 3206
3210 3207
3211 3208
3212 3211
3213 3212
3214 3213
3215 3214
3216 3215
3217 3216
3218 3217
3219 3218
3220 3219
3221 3220
3222 3221
3223 3222
3224 3223
3225 3224
3226 3225
3227 3226
3228 3227
3229 3228
3230 3229
3231 3230
3232 3231
3233 3232
3234 3233
3235 3234
3236 3235
3237 3236
3238 3237
3239 3238
3240 3239
3241 3240
3242 3241
3243 3242
3244 3243
3245 3244
3246 3245
3247 3246
3249 3247
3250 3248
3251 3249
3252 3250
3253 3251
3254 3252
3255 3253
3256 3254
3257 3255
3258 3256
3259 3257
3260 3258
3261 3259
3262 3260
3263 3261
3264 3262
3265 3263
3266 3265
3267 3266
3268 3267
3269 3268
3270 3269
3271 3270
3272 3271
3273 3272
3274 3273
3275 3274
3276 3275
3277 3276
3278 3277
3279 3278
3280 3279
3281 3280
3282 3281
3283 3282
3285 3283
3286 3284
3287 3285
3288 3286
3289 3287
3290 3288
3291 3289
3292 3290
3293 3291
3294 3292
3295 3293
3296 3294
3297 3295
3298 3296
3299 3297
3300 3298
3301 3299
3302 3301
3303 3302
3304 3303
3305 3304
3306 3305
3307 3306
3308 3307
3309 3308
3310 3309
3312 3310
3313 3311
3314 3312
3315 3313
3316 3314
3317 3315
3318 3316
3319 3317
3320 3318
3321 3319
3322 3320
3323 3321
3324 3322
3325 3323
3326 3324
3327 3325
3328 3327
3329 3328
3330 3329
3331 3330
3332 3331
3333 3332
3334 3333
3335 3334
3337 3335
3338 3336
3339 3337
3340 3338
3341 3339
3342 3340
3343 3342
3344 3343
3345 3344
3346 3345
3347 3346
3348 3347
3349 3348
3350 3349
3351 3350
3352 3351
3353 3352
3354 3353
3355 3354
3356 3355
3357 3356
3358 3357
3359 3358
3360 3359
3361 3360
3362 3361
3363 3362
3364 3363
3365 3364
3366 3365
3367 3366
3368 3367
3369 3368
3370 3369
3371 3370
3372 3371
3374 3372
3375 3373
3376 3374
3377 3375
3378 3376
3379 3377
3380 3378
3381 3380
3382 3381
3383 3382
3384 3383
3385 3384
3386 3385
3387 3386
3388 3387
3390 3388
3391 3389
3392 3390
3393 3391
3394 3392
3395 3393
3396 3396
3397 3397
3398 3398
3399 3399
3400 3400
3401 3401
3403 3402
3404 3403
3405 3404
3406 3405
3407 3406
3408 3407
3409 3409
3410 3410
3411 3411
3412 3412
3413 3413
3414 3414
3415 3415
3417 3416
3418 3417
3419 3418
3420 3419
3421 3420
3422 3422
3423 3423
3424 3424
3425 3425
3426 3426
3428 3427
3429 3428
3430 3429
3431 3430
3432 3431
3433 3432
3434 3433
3435 3434
3436 3435
3437 3436
3438 3437
3439 3438
3440 3439
3441 3440
3442 3441
3443 3442
3444 3443
3445 3444
3446 3445
3448 3446
3449 3447
3450 3448
3451 3449
3452 3450
3453 3452
3454 3453
3455 3454
3456 3455
3457 3456
3458 3457
3459 3458
3460 3459
3461 3460
3462 3461
3463 3462
3465 3463
3466 3464
3467 3465
3468 3466
3469 3467
3470 3468
3471 3469
3472 3470
3473 3471
3474 3472
3475 3473
3476 3474
3477 3475
3478 3476
3479 3477
3480 3478
3481 3479
3482 3480
3483 3481
3484 3482
3485 3483
3486 3484
3487 3485
3488 3486
3489 3489
3490 3490
3491 3491
3492 3492
3493 3493
3494 3494
3495 3495
3497 3496
3498 3497
3499 3498
3500 3499
3501 3500
3502 3502
3503 3503
3504 3504
3505 3505
3506 3506
3507 3507
3508 3508
3510 3509
3511 3510
3512 3511
3513 3512
3514 3513
3515 3514
3516 3516
3517 3517
3518 3518
3519 3519
3520 3520
3521 3521
3522 3522
3523 3523
3524 3524
3525 3525
3527 3526
3528 3527
3529 3528
3530 3529
3531 3530
3532 3531
3533 3532
3534 3533
3535 3534
3536 3535
3538 3536
3539 3537
3540 3538
3541 3539
3542 3540
3543 3541
3544 3542
3545 3543
3546 3544
3547 3545
3548 3546
3549 3547
3550 3548
3551 3549
3552 3550
3553 3551
3554 3552
3555 3553
3556 3554
3557 3555
3558 3556
3559 3557
3560 3558
3561 3559
3563 3560
3564 3561
3565 3562
3566 3563
3567 3564
3568 3565
3569 3566
3570 3567
3571 3568
3572 3569
3573 3570
3574 3571
3575 3572
3576 3573
3577 3574
3578 3575
3579 3576
3580 3577
3581 3578
3582 3579
3583 3580
3584 3581
3585 3582
3586 3583
3587 3585
3588 3586
3589 3587
3590 3588
3591 3589
3592 3590
3593 3591
3594 3592
3595 3593
3596 3594
3597 3595
3598 3596
3601 3597
3602 3598
3603 3599
3604 3600
3605 3601
3606 3602
3607 3603
3608 3604
3609 3605
3610 3606
3611 3609
3612 3610
3613 3611
3614 3612
3615 3613
3616 3614
3617 3615
3618 3616
3619 3617
3620 3618
3621 3619
3622 3620
3623 3621
3624 3622
3625 3623
3626 3624
3627 3625
3628 3626
3629 3627
3630 3628
3631 3629
3632 3630
3633 3632
3634 3633
3635 3634
3636 3635
3637 3636
3638 3637
3639 3638
3640 3639
3641 3640
3642 3641
3646 3642
3647 3643
3648 3644
3649 3645
3650 3646
3651 3647
3652 3648
3653 3649
3654 3650
3655 3654
3656 3655
3657 3656
3658 3657
3659 3658
3660 3659
3661 3660
3662 3661
3663 3662
3664 3663
3665 3664
3666 3665
3667 3666
3668 3667
3669 3668
3670 3669
3671 3670
3672 3671
3673 3672
3674 3673
3675 3674
3676 3675
3678 3676
3679 3677
3680 3678
3681 3679
3682 3680
3683 3681
3684 3682
3685 3683
3686 3684
3687 3685
3689 3686
3690 3687
3691 3688
3692 3689
3693 3690
3694 3691
3695 3692
3696 3693
3697 3696
3698 3697
3699 3698
3700 3699
3701 3700
3702 3701
3703 3702
3704 3703
3705 3704
3706 3705
3707 3706
3708 3707
3709 3708
3710 3709
3711 3710
3712 3711
3713 3712
3714 3713
3715 3714
3716 3715
3717 3716
3718 3717
3719 3718
3720 3719
3721 3720
3722 3721
3723 3722
3724 3723
3725 3724
3726 3725
3727 3726
3728 3727
3729 3728
3730 3730
3731 3731
3732 3732
3733 3733
3734 3734
3735 3735
3736 3736
3737 3737
3740 3738
3741 3739
3742 3740
3743 3741
3744 3742
3745 3743
3746 3744
3747 3746
3748 3747
3749 3748
3750 3749
3751 3750
3752 3751
3753 3753
3754 3754
3755 3755
3756 3756
3757 3757
3758 3758
3759 3759
3761 3760
3762 3761
3763 3762
3764 3763
3765 3764
3766 3765
3767 3767
3768 3768
3769 3769
3770 3770
3771 3771
3772 3772
3775 3773
3776 3774
3777 3775
3778 3776
3779 3777
3780 3778
3781 3780
3782 3781
3783 3782
3784 3783
3785 3784
3786 3785
3787 3787
3788 3788
3789 3789
3790 3790
3791 3791
3792 3792
3795 3793
3796 3794
3797 3795
3798 3796
3799 3797
3800 3798
3801 3799
3802 3801
3803 3802
3804 3803
3805 3804
3806 3805
3807 3806
3808 3807
3809 3808
3810 3809
3811 3810
3812 3811
3813 3812
3814 3813
3815 3814
3816 3815
3817 3816
3818 3817
3819 3818
3820 3819
3821 3821
3822 3822
3823 3823
3824 3824
3825 3825
3826 3826
3827 3827
3829 3828
3830 3829
3831 3830
3832 3831
3833 3832
3834 3833
3835 3834
3836 3835
3837 3836
3838 3837
3839 3838
3840 3839
3841 3840
3843 3841
3844 3842
3845 3843
3846 3844
3847 3845
3848 3846
3849 3848
3850 3849
3851 3850
3852 3851
3853 3852
3854 3853
3856 3854
3857 3855
3858 3856
3859 3857
3860 3858
3861 3861
3862 3862
3863 3863
3864 3864
3865 3865
3866 3866
3867 3867
3869 3868
3870 3869
3871 3870
3872 3871
3873 3872
3874 3873
3875 3875
3876 3876
3877 3877
3878 3878
3879 3879
3880 3880
3881 3881
3883 3882
3884 3883
3885 3884
3886 3885
3887 3886
3888 3887
3889 3888
3890 3889
3891 3890
3892 3891
3893 3892
3894 3893
3895 3894
3896 3895
3897 3896
3898 3897
3899 3898
3900 3899
3901 3900
3902 3901
3903 3902
3904 3903
3905 3904
3906 3905
3907 3906
3908 3907
3909 3909
3910 3910
3911 3911
3912 3912
3913 3913
3914 3914
3917 3915
3918 3916
3919 3917
3920 3918
3921 3919
3922 3920
3923 3923
3924 3924
3925 3925
3926 3926
3927 3927
3928 3928
3929 3929
3931 3930
3932 3931
3933 3932
3934 3933
3935 3934
3936 3935
3937 3936
3938 3938
3939 3939
3940 3940
3941 3941
3942 3942
3943 3943
3944 3944
3947 3945
3948 3946
3949 3947
3950 3948
3951 3949
3952 3950
3953 3952
3954 3953
3955 3954
3956 3955
3957 3956
3958 3957
3959 3958
3960 3959
3961 3960
3962 3961
3963 3962
3964 3963
3965 3964
3966 3965
3967 3966
3968 3967
3969 3968
3970 3969
3971 3970
3972 3971
3973 3972
3974 3973
3975 3974
3976 3975
3977 3976
3978 3977
3979 3978
3980 3979
3981 3980
3982 3981
3983 3982
3984 3983
3985 3984
3988 3985
3989 3986
3990 3987
3991 3988
3992 3989
3993 3990
3994 3991
3995 3992
3996 3993
3997 3994
3998 3995
3999 3996
4000 3999
4001 4000
4002 4001
4003 4002
4004 4003
4005 4004
4006 4005
4008 4006
4009 4007
4010 4008
4011 4009
4012 4010
4013 4012
4014 4013
4015 4014
4016 4015
4017 4016
4018 4017
4019 4018
4021 4019
4022 4020
4023 4021
4024 4022
4025 4023
