0 0
1 1
2 2
3 3
4 9
5 10
6 11
7 12
8 13
9 14
10 15
11 16
12 17
13 18
14 19
15 20
16 21
17 29
18 30
19 31
20 32
21 33
22 34
23 35
24 36
25 37
26 38
27 39
28 40
29 41
30 42
31 49
32 50
33 51
34 52
35 53
36 54
37 55
38 56
39 57
40 58
41 59
42 69
43 70
44 71
45 72
46 73
47 74
48 75
49 76
50 77
51 89
52 90
53 91
54 92
55 93
56 94
57 95
58 96
59 97
60 98
61 99
62 100
63 101
64 109
65 110
66 111
67 112
68 113
69 114
70 115
71 116
72 117
73 118
74 119
75 129
76 130
77 131
78 132
79 133
80 149
81 150
82 151
83 152
84 153
85 154
86 155
87 156
88 157
89 158
90 169
91 170
92 171
93 172
94 173
95 174
96 175
97 176
98 177
99 178
100 179
101 180
102 181
103 182
104 189
105 190
106 191
107 192
108 193
109 194
110 195
111 196
112 197
113 198
114 199
115 200
116 201
117 209
118 210
119 211
120 212
121 213
122 214
123 215
124 216
125 217
126 218
127 219
128 220
129 221
130 229
131 230
132 231
133 232
134 233
135 234
136 235
137 236
138 237
139 238
140 239
141 240
142 241
143 242
144 243
145 244
146 249
147 250
148 251
149 252
150 253
151 254
152 255
153 256
154 257
155 269
156 270
157 271
158 272
159 273
160 289
161 290
162 291
163 292
164 293
165 309
166 310
167 311
168 312
169 329
170 330
171 349
172 350
173 351
174 352
175 353
176 354
177 369
178 370
179 371
180 372
181 389
182 390
183 391
184 392
185 409
186 410
187 411
188 412
189 413
190 429
191 430
192 431
193 449
194 450
195 451
196 452
197 469
198 470
199 471
200 472
201 473
202 474
203 475
204 489
205 490
206 491
207 492
208 493
209 509
210 510
211 511
212 512
213 529
214 530
215 531
216 532
217 533
218 534
219 535
220 536
221 537
222 549
223 550
224 551
225 552
226 553
227 554
228 555
229 556
230 557
231 558
232 559
233 569
234 570
235 571
236 572
237 573
238 574
239 575
240 576
241 577
242 578
243 579
244 580
245 581
246 589
247 590
248 591
249 592
250 593
251 594
252 595
253 596
254 597
255 598
256 599
257 600
258 601
259 602
260 603
261 604
262 605
263 606
264 609
265 610
266 611
267 612
268 613
269 614
270 615
271 616
272 617
273 618
274 619
275 620
276 621
277 622
278 623
279 624
280 629
281 630
282 631
283 632
284 633
285 634
286 635
287 636
288 637
289 638
290 639
291 640
292 641
293 642
294 643
295 649
296 650
297 651
298 652
299 653
300 654
301 655
302 656
303 657
304 658
305 659
306 660
307 661
308 669
309 670
310 671
311 672
312 673
313 674
314 675
315 676
316 677
317 678
318 689
319 690
320 691
321 692
322 693
323 694
324 695
325 696
326 697
327 698
328 709
329 710
330 711
331 712
332 713
333 714
334 715
335 716
336 717
337 718
338 719
339 720
340 729
341 730
342 731
343 732
344 733
345 734
346 735
347 736
348 737
349 738
350 739
351 740
352 749
353 750
354 751
355 752
356 753
357 754
358 755
359 756
360 757
361 758
362 759
363 760
364 761
365 769
366 770
367 771
368 772
369 773
370 774
371 775
372 776
373 777
374 778
375 789
376 790
377 791
378 792
379 793
380 794
381 795
382 796
383 797
384 798
385 799
386 800
387 801
388 802
389 809
390 810
391 811
392 812
393 813
394 814
395 815
396 816
397 817
398 818
399 819
400 820
401 821
402 829
403 830
404 831
405 832
406 833
407 834
408 835
409 836
410 837
411 838
412 839
413 840
414 841
415 849
416 850
417 851
418 852
419 853
420 854
421 855
422 856
423 857
424 858
425 869
426 870
427 871
428 872
429 873
430 874
431 875
432 876
433 877
434 878
435 889
436 890
437 891
438 892
439 893
440 894
441 895
442 896
443 897
444 898
445 899
446 900
447 901
448 902
449 903
450 909
451 910
452 911
453 912
454 913
455 914
456 915
457 916
458 917
459 918
460 929
461 930
462 931
463 932
464 933
465 934
466 935
467 936
468 937
469 938
470 939
471 949
472 950
473 951
474 952
475 953
476 954
477 955
478 956
479 957
480 958
481 959
482 960
483 961
484 962
485 969
486 970
487 971
488 972
489 973
490 974
491 975
492 976
493 977
494 978
495 979
496 980
497 981
498 982
499 983
500 989
501 990
502 991
503 992
504 993
505 994
506 995
507 996
508 997
509 998
510 999
511 1000
512 1001
513 1009
514 1010
515 1011
516 1012
517 1013
518 1014
519 1015
520 1016
521 1017
522 1018
523 1019
524 1020
525 1021
526 1022
527 1023
528 1024
529 1029
530 1030
531 1031
532 1032
533 1033
534 1034
535 1035
536 1036
537 1037
538 1038
539 1039
540 1049
541 1050
542 1051
543 1052
544 1053
545 1054
546 1055
547 1056
548 1057
549 1058
550 1069
551 1070
552 1071
553 1072
554 1073
555 1074
556 1075
557 1076
558 1077
559 1078
560 1089
561 1090
562 1091
563 1092
564 1093
565 1094
566 1095
567 1096
568 1097
569 1098
570 1099
571 1109
572 1110
573 1111
574 1112
575 1113
576 1114
577 1115
578 1116
579 1117
580 1118
581 1119
582 1120
583 1121
584 1129
585 1130
586 1131
587 1132
588 1133
589 1134
590 1135
591 1136
592 1137
593 1138
594 1139
595 1140
596 1141
597 1149
598 1150
599 1151
600 1152
601 1153
602 1154
603 1155
604 1156
605 1169
606 1170
607 1171
608 1172
609 1173
610 1174
611 1175
612 1176
613 1177
614 1178
615 1179
616 1180
617 1189
618 1190
619 1191
620 1192
621 1193
622 1194
623 1195
624 1196
625 1197
626 1198
627 1199
628 1200
629 1201
630 1209
631 1210
632 1211
633 1212
634 1213
635 1214
636 1215
637 1216
638 1217
639 1218
640 1219
641 1220
642 1221
643 1222
644 1223
645 1229
646 1230
647 1231
648 1232
649 1233
650 1234
651 1235
652 1236
653 1237
654 1249
655 1250
656 1251
657 1252
658 1253
659 1254
660 1255
661 1256
662 1257
663 1258
664 1259
665 1260
666 1269
667 1270
668 1271
669 1272
670 1273
671 1274
672 1275
673 1276
674 1277
675 1278
676 1279
677 1280
678 1289
679 1290
680 1291
681 1292
682 1293
683 1294
684 1295
685 1296
686 1297
687 1298
688 1299
689 1300
690 1301
691 1302
692 1303
693 1309
694 1310
695 1311
696 1312
697 1313
698 1314
699 1315
700 1316
701 1317
702 1318
703 1319
704 1320
705 1321
706 1322
707 1329
708 1330
709 1331
710 1332
711 1333
712 1334
713 1335
714 1336
715 1337
716 1338
717 1339
718 1349
719 1350
720 1351
721 1352
722 1353
723 1354
724 1355
725 1356
726 1357
727 1358
728 1359
729 1369
730 1370
731 1371
732 1372
733 1373
734 1374
735 1375
736 1376
737 1377
738 1378
739 1379
740 1389
741 1390
742 1391
743 1392
744 1393
745 1394
746 1395
747 1396
748 1397
749 1398
750 1399
751 1409
752 1410
753 1411
754 1412
755 1413
756 1414
757 1415
758 1416
759 1417
760 1418
761 1419
762 1420
763 1421
764 1422
765 1423
766 1424
767 1429
768 1430
769 1431
770 1432
771 1433
772 1434
773 1435
774 1436
775 1437
776 1438
777 1449
778 1450
779 1451
780 1452
781 1453
782 1454
783 1455
784 1456
785 1457
786 1458
787 1459
788 1460
789 1469
790 1470
791 1471
792 1472
793 1473
794 1474
795 1475
796 1476
797 1477
798 1478
799 1479
800 1480
801 1481
802 1489
803 1490
804 1491
805 1492
806 1493
807 1494
808 1495
809 1496
810 1497
811 1498
812 1499
813 1500
814 1501
815 1509
816 1510
817 1511
818 1512
819 1513
820 1514
821 1515
822 1516
823 1517
824 1518
825 1529
826 1530
827 1531
828 1532
829 1533
830 1534
831 1535
832 1536
833 1537
834 1538
835 1539
836 1540
837 1541
838 1549
839 1550
840 1551
841 1552
842 1553
843 1554
844 1555
845 1556
846 1557
847 1569
848 1570
849 1571
850 1572
851 1589
852 1590
853 1591
854 1609
855 1610
856 1629
857 1630
858 1631
859 1632
860 1633
861 1634
862 1649
863 1650
864 1651
865 1652
866 1653
867 1654
868 1655
869 1656
870 1669
871 1670
872 1671
873 1672
874 1673
875 1674
876 1675
877 1676
878 1677
879 1678
880 1679
881 1680
882 1689
883 1690
884 1709
885 1710
886 1729
887 1730
888 1731
889 1732
890 1749
891 1750
892 1751
893 1752
894 1753
895 1769
896 1770
897 1771
898 1772
899 1773
900 1774
901 1775
902 1776
903 1777
904 1789
905 1790
906 1791
907 1792
908 1793
909 1794
910 1795
911 1809
912 1829
913 1830
914 1831
915 1832
916 1833
917 1834
918 1835
919 1836
920 1837
921 1838
922 1849
923 1850
924 1851
925 1852
926 1853
927 1854
928 1855
929 1869
930 1870
931 1871
932 1872
933 1873
934 1874
935 1875
936 1876
937 1877
938 1878
939 1879
940 1889
941 1890
942 1891
943 1892
944 1893
945 1894
946 1895
947 1896
948 1909
949 1910
950 1911
951 1912
952 1913
953 1914
954 1915
955 1916
956 1917
957 1929
958 1930
959 1931
960 1932
961 1933
962 1934
963 1935
964 1936
965 1937
966 1938
967 1939
968 1949
969 1950
970 1951
971 1969
972 1970
973 1989
974 1990
975 2009
976 2010
977 2011
978 2012
979 2029
980 2030
981 2031
982 2032
983 2033
984 2034
985 2035
986 2036
987 2037
988 2038
989 2049
990 2050
991 2051
992 2069
993 2070
994 2089
995 2090
996 2109
997 2110
998 2111
999 2112
1000 2129
1001 2130
1002 2131
