2908.000000000000 -74.195350646973 -62.156166076660 0.808879077435 -0.003259720052 0.003251011676 0.708060106969 0.706137160944
2908.000000000000 -74.196105957031 -61.874206542969 0.806315124035 -0.003241231921 0.003232579675 0.708060191819 0.706137245587
2909.000000000000 -74.196861267090 -61.592395782471 0.803405463696 -0.003324258148 0.003315356743 0.708059806982 0.706136861702
2909.000000000000 -74.197624206543 -61.310390472412 0.800104379654 -0.003504503828 0.003495125273 0.708058984727 0.706135947747
2909.000000000000 -74.198371887207 -61.028606414795 0.796672880650 -0.003708702159 0.003698734159 0.708057944754 0.706134910456
2909.000000000000 -74.199127197266 -60.746723175049 0.793204545975 -0.003915369081 0.003904847215 0.708056785018 0.706133847966
2909.000000000000 -74.200004577637 -60.465160369873 0.789768636227 -0.004117988604 0.004115777916 0.708091265197 0.706096921601
2909.000000000000 -74.200798034668 -60.183513641357 0.786355137825 -0.004324929755 0.004313764362 0.708088998700 0.706096775477
2909.000000000000 -74.201553344727 -59.902160644531 0.782988250256 -0.004529940724 0.004515120730 0.708073492293 0.706109781007
2909.000000000000 -74.202316284180 -59.620666503906 0.779636979103 -0.004727659317 0.004713490511 0.708066927265 0.706113771823
2909.000000000000 -74.203086853027 -59.339401245117 0.776321411133 -0.004928118966 0.004914175768 0.708063674947 0.706114294390
2909.000000000000 -74.203735351562 -59.057907104492 0.773007929325 -0.005128083068 0.005104385335 0.708022644232 0.706152662864
2909.000000000000 -74.204467773438 -58.776561737061 0.769674658775 -0.005310578291 0.005294384042 0.708015365169 0.706157213331
2909.000000000000 -74.205245971680 -58.494655609131 0.765794873238 -0.005351858380 0.005338916718 0.708025606812 0.706146297645
2909.000000000000 -74.205993652344 -58.212757110596 0.761613726616 -0.005341373346 0.005327991352 0.708029450480 0.706142605635
2909.000000000000 -74.206748962402 -57.930599212646 0.757173418999 -0.005378317769 0.005364126542 0.708030633519 0.706140865439
2909.000000000000 -74.207656860352 -57.648593902588 0.752293527126 -0.005536528266 0.005534247256 0.708078959554 0.706089871049
2909.000000000000 -74.208442687988 -57.366386413574 0.747210800648 -0.005741025536 0.005726406655 0.708076294524 0.706089378213
2909.000000000000 -74.209053039551 -57.084445953369 0.742091655731 -0.005954330851 0.005925770809 0.708018985730 0.706143432335
2909.000000000000 -74.209785461426 -56.802421569824 0.736972332001 -0.006154756119 0.006135178717 0.708010799361 0.706148133572
2909.000000000000 -74.210563659668 -56.520725250244 0.731899023056 -0.006357934812 0.006342162877 0.708020859592 0.706134417812
2909.000000000000 -74.211326599121 -56.238952636719 0.726847350597 -0.006558742387 0.006542069824 0.708023355812 0.706128254530
2910.000000000000 -74.212081909180 -55.957473754883 0.721840500832 -0.006761195089 0.006743365195 0.708022961362 0.706124846929
2910.000000000000 -74.212959289551 -55.675838470459 0.716843008995 -0.006953498441 0.006944623593 0.708060444681 0.706083442477
2910.000000000000 -74.213768005371 -55.394409179688 0.711878359318 -0.007157658298 0.007140321483 0.708064174739 0.706075709955
2910.000000000000 -74.214523315430 -55.112747192383 0.706910431385 -0.007353955340 0.007332761328 0.708052043706 0.706083885496
2910.000000000000 -74.215194702148 -54.831039428711 0.701531231403 -0.007441934104 0.007411915488 0.708012105333 0.706122184772
2910.000000000000 -74.216072082520 -54.548862457275 0.695738494396 -0.007428253274 0.007417024671 0.708050033313 0.706084243645
2910.000000000000 -74.216812133789 -54.266780853271 0.689761638641 -0.007438065172 0.007413601202 0.708034604096 0.706099648142
2910.000000000000 -74.217681884766 -53.984462738037 0.683317601681 -0.007570346396 0.007559239410 0.708065959533 0.706065255274
2910.000000000000 -74.218429565430 -53.702327728271 0.676624417305 -0.007771611835 0.007746273081 0.708046487733 0.706080568003
2910.000000000000 -74.219024658203 -53.420047760010 0.669835567474 -0.007981935901 0.007946083409 0.707984187158 0.706138470267
2910.000000000000 -74.219779968262 -53.138065338135 0.663059234619 -0.008182791901 0.008159858408 0.707985973906 0.706131941906
2910.000000000000 -74.220581054688 -52.855983734131 0.656297266483 -0.008384770692 0.008365331287 0.708002506929 0.706110591221
2910.000000000000 -74.221351623535 -52.574226379395 0.649585545063 -0.008589988045 0.008568738458 0.708006923984 0.706101256490
2910.000000000000 -74.222129821777 -52.292358398438 0.642890930176 -0.008790027454 0.008767124726 0.708007067250 0.706096215586
2910.000000000000 -74.222877502441 -52.010749816895 0.636238098145 -0.008991892980 0.008967811984 0.708005057123 0.706093168992
2910.000000000000 -74.223815917969 -51.728954315186 0.629588425159 -0.009181213054 0.009170613674 0.708057671991 0.706035366187
2910.000000000000 -74.224533081055 -51.447338104248 0.622969210148 -0.009391345085 0.009359970277 0.708028248419 0.706059624278
2910.000000000000 -74.225273132324 -51.165309906006 0.616100430489 -0.009518456086 0.009490105625 0.708012735368 0.706071741005
2910.000000000000 -74.226074218750 -50.883201599121 0.608728110790 -0.009529067857 0.009504700261 0.708021703808 0.706062408343
2910.000000000000 -74.226753234863 -50.600784301758 0.601154863834 -0.009515977103 0.009481197387 0.707986440030 0.706098260733
2911.000000000000 -74.227485656738 -50.318519592285 0.593371093273 -0.009552694749 0.009524728402 0.707980588525 0.706103046193
2911.000000000000 -74.228263854980 -50.036071777344 0.585399508476 -0.009634944461 0.009610128828 0.707989674977 0.706091660760
2911.000000000000 -74.229148864746 -49.753860473633 0.577384412289 -0.009727920893 0.009711864772 0.708027384098 0.706051181293
2911.000000000000 -74.229942321777 -49.471523284912 0.569359421730 -0.009830792022 0.009805535475 0.708026414452 0.706049434134
2911.000000000000 -74.230690002441 -49.189460754395 0.561367988586 -0.009933709979 0.009904475352 0.708011352675 0.706061716323
2911.000000000000 -74.231323242188 -48.907279968262 0.553391218185 -0.010036551813 0.009997752785 0.707965947254 0.706104475340
2911.000000000000 -74.232162475586 -48.625354766846 0.545450091362 -0.010128403665 0.010107113000 0.707992023566 0.706075460750
2911.000000000000 -74.233062744141 -48.343269348145 0.537515521049 -0.010222812553 0.010206989777 0.708038380433 0.706026177487
2911.000000000000 -74.233726501465 -48.061401367188 0.529607474804 -0.010332915662 0.010296445239 0.707996940875 0.706064831145
2911.000000000000 -74.234466552734 -47.779312133789 0.521696746349 -0.010426613124 0.010395176349 0.707981860649 0.706077128251
2911.000000000000 -74.235252380371 -47.497367858887 0.513762891293 -0.010512540771 0.010485155620 0.707989738620 0.706066624340
2911.000000000000 -74.236030578613 -47.215026855469 0.505542695522 -0.010527885229 0.010500321796 0.707993131518 0.706062768171
2911.000000000000 -74.236808776855 -46.932796478271 0.497192382812 -0.010522072586 0.010494081615 0.707994352494 0.706061723277
2911.000000000000 -74.237594604492 -46.650321960449 0.488806635141 -0.010503934993 0.010475723832 0.707995001827 0.706061614838
2911.000000000000 -74.238372802734 -46.368064880371 0.480572044849 -0.010442500291 0.010414355958 0.707996100142 0.706062332632
2911.000000000000 -74.239151000977 -46.085632324219 0.472437649965 -0.010361245516 0.010333278200 0.707997435633 0.706063381780
2911.000000000000 -74.239936828613 -45.803436279297 0.464359462261 -0.010281519495 0.010253706156 0.707998598864 0.706064540869
2911.000000000000 -74.240715026855 -45.521072387695 0.456295639277 -0.010201193317 0.010173638219 0.707999760271 0.706065699632
2911.000000000000 -74.241592407227 -45.238918304443 0.448243588209 -0.010121065060 0.010103163556 0.708036212186 0.706031311176
2911.000000000000 -74.242393493652 -44.956569671631 0.440185904503 -0.010049418300 0.010023337452 0.708036600898 0.706033082573
2912.000000000000 -74.242988586426 -44.674427032471 0.432131558657 -0.009985567232 0.009942954368 0.707973397233 0.706098502276
2912.000000000000 -74.243850708008 -44.392063140869 0.424069344997 -0.009901044336 0.009881779611 0.708008804952 0.706065047898
2912.000000000000 -74.244590759277 -44.109882354736 0.416009426117 -0.009836591718 0.009806133643 0.707998722958 0.706077112995
2912.000000000000 -74.245353698730 -43.827495574951 0.407942444086 -0.009763554355 0.009737155685 0.707997189251 0.706080619206
2912.000000000000 -74.246162414551 -43.545322418213 0.399956882000 -0.009714334088 0.009690714963 0.708010849249 0.706068239693
2912.000000000000 -74.246948242188 -43.263023376465 0.392150104046 -0.009708993410 0.009684422633 0.708015729818 0.706063505455
2912.000000000000 -74.247611999512 -42.980949401855 0.384421288967 -0.009721146926 0.009686246571 0.707981816410 0.706097318762
2912.000000000000 -74.248374938965 -42.698669433594 0.376703828573 -0.009722474328 0.009695804251 0.707983142258 0.706095839919
2912.000000000000 -74.249183654785 -42.416599273682 0.369079530239 -0.009695974184 0.009672326085 0.707998223821 0.706081404131
2912.000000000000 -74.249954223633 -42.134326934814 0.361751079559 -0.009575358674 0.009551039806 0.708004767461 0.706078139725
2912.000000000000 -74.250732421875 -41.852249145508 0.354574531317 -0.009432486502 0.009407676128 0.708008577456 0.706078167116
2912.000000000000 -74.251632690430 -41.569946289062 0.347442805767 -0.009277022506 0.009262335825 0.708050173203 0.706040436671
2912.000000000000 -74.252456665039 -41.287822723389 0.340317219496 -0.009134791956 0.009112671585 0.708058188934 0.706036200118
2912.000000000000 -74.253234863281 -41.005443572998 0.333174914122 -0.008989827834 0.008964566362 0.708049750240 0.706048419537
2912.000000000000 -74.253913879395 -40.723220825195 0.326016604900 -0.008852163047 0.008818339410 0.708012584876 0.706089268971
2912.000000000000 -74.254806518555 -40.440773010254 0.318839788437 -0.008700432609 0.008686133729 0.708052441738 0.706052826141
2912.000000000000 -74.255546569824 -40.158508300781 0.311650812626 -0.008567508634 0.008540300927 0.708038761668 0.706069949107
2912.000000000000 -74.256317138672 -39.876052856445 0.304450929165 -0.008425737532 0.008403000647 0.708035948479 0.706076123509
2912.000000000000 -74.257141113281 -39.593807220459 0.297244548798 -0.008286497954 0.008267045885 0.708049919752 0.706065365985
2912.000000000000 -74.257942199707 -39.311527252197 0.290300935507 -0.008220561326 0.008200395338 0.708055211405 0.706061607432
2913.000000000000 -74.258743286133 -39.029594421387 0.283669769764 -0.008222451908 0.008201538598 0.708056984159 0.706059794375
2913.000000000000 -74.259552001953 -38.747512817383 0.277134865522 -0.008235037563 0.008213733149 0.708057171007 0.706059318563
2913.000000000000 -74.260353088379 -38.465629577637 0.270630091429 -0.008249830102 0.008228356574 0.708057470275 0.706058675493
2913.000000000000 -74.261161804199 -38.183547973633 0.264379203320 -0.008164340302 0.008142825926 0.708058464659 0.706059663596
2913.000000000000 -74.261962890625 -37.901672363281 0.258527606726 -0.007973718210 0.007952718516 0.708060684664 0.706061782650
2913.000000000000 -74.262771606445 -37.619560241699 0.252837359905 -0.007753833762 0.007733460354 0.708063174125 0.706064170668
2913.000000000000 -74.263458251953 -37.337596893311 0.247189819813 -0.007539060184 0.007510257264 0.708030148284 0.706102023597
2913.000000000000 -74.264228820801 -37.055347442627 0.241534531116 -0.007314681342 0.007294828128 0.708033259299 0.706103522613
2913.000000000000 -74.264854431152 -36.773220062256 0.235852614045 -0.007106425855 0.007074456366 0.707988639733 0.706152629952
2913.000000000000 -74.265830993652 -36.490818023682 0.230144500732 -0.006877214652 0.006876614054 0.708064073757 0.706081215974
2913.000000000000 -74.266586303711 -36.208572387695 0.224409788847 -0.006677665415 0.006656202584 0.708053076479 0.706096271510
2913.000000000000 -74.267333984375 -35.926105499268 0.218658939004 -0.006466574528 0.006449304088 0.708047903807 0.706105343278
2913.000000000000 -74.268173217773 -35.643848419189 0.212890967727 -0.006256995443 0.006243843754 0.708067054504 0.706089874414
2913.000000000000 -74.268974304199 -35.361454010010 0.207141026855 -0.006058127767 0.006044268334 0.708075188925 0.706085188017
2913.000000000000 -74.269775390625 -35.079566955566 0.201931983232 -0.006002140151 0.005987304786 0.708077696892 0.706083636447
2913.000000000000 -74.270584106445 -34.797664642334 0.197068706155 -0.006011448759 0.005996033881 0.708078562735 0.706082614894
2913.000000000000 -74.270576477051 -34.514904022217 0.193306386471 -0.006530272809 0.004820466285 0.708119943903 0.706045511061
2913.000000000000 -74.271560668945 -34.232143402100 0.189217761159 -0.006709037345 0.004430034300 0.708102380585 0.706064007172
2913.000000000000 -74.273315429688 -33.949329376221 0.183899760246 -0.006316906847 0.005395766767 0.708104880136 0.706058397809
2913.000000000000 -74.274230957031 -33.666469573975 0.178416475654 -0.006115863328 0.005966032414 0.708047131064 0.706113491490
2914.000000000000 -74.275680541992 -33.383316040039 0.174323916435 -0.004816450999 0.006654147064 0.707997620966 0.706167043151
2914.000000000000 -74.275390625000 -33.100124359131 0.168885946274 -0.005606850893 0.006415210332 0.708016597470 0.706144394587
2914.000000000000 -74.275978088379 -32.818023681641 0.163481742144 -0.005914694583 0.006413972282 0.708055196377 0.706103190923
2914.000000000000 -74.276687622070 -32.536567687988 0.158313855529 -0.005957288586 0.006508144423 0.708023683857 0.706133569423
2914.000000000000 -74.277465820312 -32.256023406982 0.153281778097 -0.005926923702 0.006630584976 0.708018126667 0.706138257871
2914.000000000000 -74.278266906738 -31.975675582886 0.148300960660 -0.005876140841 0.006750973625 0.708023286698 0.706132367773
2914.000000000000 -74.278991699219 -31.695583343506 0.143372491002 -0.005838923415 0.006834629225 0.708022671032 0.706132489071
2914.000000000000 -74.279067993164 -31.415607452393 0.140105277300 -0.006970403287 0.006425396535 0.708013886770 0.706134876562
2914.000000000000 -74.279983520508 -31.134420394897 0.135878428817 -0.007361037681 0.006189678200 0.708027452958 0.706119415443
2914.000000000000 -74.281600952148 -30.851018905640 0.129658490419 -0.006462703333 0.006301163945 0.708077821707 0.706076714816
2914.000000000000 -74.282676696777 -30.568220138550 0.124822340906 -0.006172634777 0.006592360296 0.708025859188 0.706128757442
2914.000000000000 -74.283477783203 -30.283861160278 0.120767354965 -0.005895969307 0.006992161474 0.707920096521 0.706233307177
2914.000000000000 -74.283775329590 -29.999351501465 0.115160703659 -0.005894882937 0.006269386464 0.708008451266 0.706151526292
2914.000000000000 -74.284523010254 -29.716030120850 0.110411517322 -0.005661989622 0.005969229184 0.708028686513 0.706135744210
2914.000000000000 -74.285293579102 -29.434234619141 0.106069937348 -0.005364039928 0.005774380104 0.708025188827 0.706143197657
2914.000000000000 -74.286125183105 -29.153280258179 0.102008283138 -0.004913447684 0.005659405095 0.708028761415 0.706143825418
2914.000000000000 -74.286933898926 -28.873224258423 0.098081395030 -0.004403682524 0.005575826214 0.708033197038 0.706143405856
2914.000000000000 -74.287696838379 -28.593231201172 0.094392240047 -0.003852407032 0.005505163975 0.708033432304 0.706146947079
2914.000000000000 -74.288291931152 -28.313337326050 0.091032788157 -0.003393705155 0.005263586839 0.708028464451 0.706156123635
2914.000000000000 -74.288909912109 -28.032711029053 0.087867580354 -0.002855104740 0.004962650693 0.708014900837 0.706174284909
2915.000000000000 -74.289535522461 -27.751546859741 0.084773443639 -0.002293366648 0.004664062301 0.708004389253 0.706188906590
2915.000000000000 -74.290267944336 -27.469490051270 0.081934198737 -0.001615355325 0.004535242655 0.707982009115 0.706214058888
2915.000000000000 -74.290962219238 -27.186986923218 0.079218097031 -0.000895333384 0.004475681172 0.707960720163 0.706237060315
2915.000000000000 -74.291458129883 -26.903900146484 0.076702497900 -0.000368339739 0.004318912802 0.707930242460 0.706269058595
2915.000000000000 -74.291992187500 -26.620927810669 0.074398040771 -0.000115045125 0.004114101013 0.707955776053 0.706244773497
2915.000000000000 -74.292541503906 -26.337829589844 0.072194173932 0.000073123468 0.003925074546 0.707945049515 0.706256607269
2915.000000000000 -74.293273925781 -26.055206298828 0.070163995028 0.000279022599 0.003827730885 0.707974267251 0.706227801444
2915.000000000000 -74.293952941895 -25.772758483887 0.068325616419 0.000441819305 0.003647213344 0.707995581665 0.706207305947
2915.000000000000 -74.294502258301 -25.490987777710 0.066739767790 0.000579591733 0.003518221960 0.707969481683 0.706234025797
2915.000000000000 -74.295158386230 -25.209506988525 0.065470807254 0.000652768914 0.003453287080 0.708004690494 0.706198985371
2915.000000000000 -74.295738220215 -24.928573608398 0.064394950867 0.000720235368 0.003458737819 0.708007250198 0.706196326853
2915.000000000000 -74.296348571777 -24.647594451904 0.063379168510 0.000802958952 0.003492160842 0.708039857245 0.706163380969
2915.000000000000 -74.296875000000 -24.366842269897 0.062482487410 0.000883659545 0.003534950759 0.708043782489 0.706159135994
2915.000000000000 -74.297286987305 -24.085819244385 0.061681706458 0.000931231245 0.003526854002 0.708043305969 0.706159593138
2915.000000000000 -74.297637939453 -23.805053710938 0.060827977955 0.000837703235 0.003335317105 0.708027026647 0.706176963268
2915.000000000000 -74.298233032227 -23.524515151978 0.059869192541 0.000696445297 0.003047612649 0.708080980974 0.706124317245
2915.000000000000 -74.298797607422 -23.245174407959 0.058860816061 0.000532017599 0.002735535278 0.708067822845 0.706138932545
2915.000000000000 -74.299407958984 -22.967184066772 0.057886276394 0.000331258520 0.002434732542 0.708074704192 0.706133256283
2915.000000000000 -74.300102233887 -22.691364288330 0.056858520955 0.000131763598 0.002316499323 0.708080130977 0.706128277713
2915.000000000000 -74.300903320312 -22.418182373047 0.055757444352 -0.000045382591 0.002289159195 0.708121119637 0.706087273370
2916.000000000000 -74.301689147949 -22.158664703369 0.054757576436 -0.000297931745 0.002361109011 0.708170100049 0.706037850117
2916.000000000000 -74.302230834961 -21.959381103516 0.053981244564 -0.000731486464 0.002661060278 0.708205884337 0.706000573000
2916.000000000000 -74.302528381348 -21.827331542969 0.053664512932 -0.001161931026 0.003009200232 0.708240535651 0.705963836391
2916.000000000000 -74.302642822266 -21.761903762817 0.053649786860 -0.001503228601 0.003315303921 0.708272297830 0.705929954875
2916.000000000000 -74.302619934082 -21.752353668213 0.053769186139 -0.001674471149 0.003487591251 0.708284250173 0.705916747082
2916.000000000000 -74.302612304688 -21.752214431763 0.053652647883 -0.001542294798 0.003355002717 0.708285316772 0.705916620663
2916.000000000000 -74.302612304688 -21.751979827881 0.053453024477 -0.001321338977 0.003130378683 0.708286444084 0.705916969565
2916.000000000000 -74.302604675293 -21.751760482788 0.053265076131 -0.001113241682 0.002918182995 0.708287589348 0.705917088387
2916.000000000000 -74.302604675293 -21.751577377319 0.053111419082 -0.000942870590 0.002744293635 0.708288240585 0.705917380503
2916.000000000000 -74.302604675293 -21.751434326172 0.052992478013 -0.000810930178 0.002609610203 0.708289127854 0.705917164893
2916.000000000000 -74.302604675293 -21.751329421997 0.052902333438 -0.000711027121 0.002507627845 0.708289967834 0.705916799424
2916.000000000000 -74.302604675293 -21.751255035400 0.052834700793 -0.000636487342 0.002431532664 0.708290281275 0.705916822284
2916.000000000000 -74.302604675293 -21.751255035400 0.052834700793 -0.000636487342 0.002431532664 0.708290281275 0.705916822284
2916.000000000000 -74.302604675293 -21.751176834106 0.052770420909 -0.000566426926 0.002359557035 0.708291230703 0.705916173607
2916.000000000000 -74.302604675293 -21.751142501831 0.052742309868 -0.000536286938 0.002328752093 0.708291521070 0.705916008099
2916.000000000000 -74.302604675293 -21.751110076904 0.052717551589 -0.000509160237 0.002301172280 0.708291940573 0.705915697715
2916.000000000000 -74.302604675293 -21.751083374023 0.052697751671 -0.000487693228 0.002279396738 0.708292246267 0.705915476799
2916.000000000000 -74.302597045898 -21.751064300537 0.052682682872 -0.000471214136 0.002262664503 0.708292582127 0.705915204830
2916.000000000000 -74.302597045898 -21.751049041748 0.052671201527 -0.000458718540 0.002249956529 0.708292810768 0.705915024268
2916.000000000000 -74.302597045898 -21.751039505005 0.052662923932 -0.000449330181 0.002240969529 0.708292839377 0.705915030188
2917.000000000000 -74.302597045898 -21.751031875610 0.052656821907 -0.000442399972 0.002233906980 0.708292955774 0.705914940161
2917.000000000000 -74.302597045898 -21.751029968262 0.052654456347 -0.000440035174 0.002231382525 0.708292963763 0.705914941608
2917.000000000000 -74.302597045898 -21.751024246216 0.052651479840 -0.000436771367 0.002227902232 0.708292927762 0.705914990749
2917.000000000000 -74.302597045898 -21.751020431519 0.052648697048 -0.000433829118 0.002224775099 0.708292937630 0.705914992525
2917.000000000000 -74.302597045898 -21.751018524170 0.052646368742 -0.000431297510 0.002222080175 0.708292946123 0.705914994043
2917.000000000000 -74.302597045898 -21.751014709473 0.052644651383 -0.000429239342 0.002219923555 0.708292952912 0.705914995271
2917.000000000000 -74.302597045898 -21.751014709473 0.052643280476 -0.000427803563 0.002218408892 0.708292957676 0.705914996124
2917.000000000000 -74.302597045898 -21.751012802124 0.052642285824 -0.000426689592 0.002217246116 0.708292679337 0.705915279728
2917.000000000000 -74.302597045898 -21.751012802124 0.052642285824 -0.000426689592 0.002217246116 0.708292679337 0.705915279728
2917.000000000000 -74.302597045898 -21.751010894775 0.052641142160 -0.000425376326 0.002215861999 0.708292683685 0.705915280504
2917.000000000000 -74.302597045898 -21.751010894775 0.052641142160 -0.000425376326 0.002215861999 0.708292683685 0.705915280504
2917.000000000000 -74.302597045898 -21.751010894775 0.052641142160 -0.000425376326 0.002215861999 0.708292683685 0.705915280504
2917.000000000000 -74.302597045898 -21.751010894775 0.052641142160 -0.000425376326 0.002215861999 0.708292683685 0.705915280504
2917.000000000000 -74.302597045898 -21.751010894775 0.052639998496 -0.000424139535 0.002214569887 0.708292687742 0.705915281232
2917.000000000000 -74.302597045898 -21.751010894775 0.052639998496 -0.000424139535 0.002214569887 0.708292687742 0.705915281232
2917.000000000000 -74.302597045898 -21.751010894775 0.052639998496 -0.000424139535 0.002214569887 0.708292687742 0.705915281232
2917.000000000000 -74.302597045898 -21.751010894775 0.052639998496 -0.000424139535 0.002214569887 0.708292687742 0.705915281232
2917.000000000000 -74.302597045898 -21.751010894775 0.052639998496 -0.000424139535 0.002214569887 0.708292687742 0.705915281232
2917.000000000000 -74.302597045898 -21.751010894775 0.052639998496 -0.000424139535 0.002214569887 0.708292687742 0.705915281232
2917.000000000000 -74.302597045898 -21.751010894775 0.052639998496 -0.000424139535 0.002214569887 0.708292687742 0.705915281232
2918.000000000000 -74.302597045898 -21.751010894775 0.052639998496 -0.000424139535 0.002214569887 0.708292687742 0.705915281232
2918.000000000000 -74.302597045898 -21.751010894775 0.052639998496 -0.000424139535 0.002214569887 0.708292687742 0.705915281232
2918.000000000000 -74.302597045898 -21.751010894775 0.052639998496 -0.000424139535 0.002214569887 0.708292687742 0.705915281232
2918.000000000000 -74.302597045898 -21.751010894775 0.052639998496 -0.000424139535 0.002214569887 0.708292687742 0.705915281232
2918.000000000000 -74.302597045898 -21.751010894775 0.052639998496 -0.000424139535 0.002214569887 0.708292687742 0.705915281232
2918.000000000000 -74.302597045898 -21.751010894775 0.052639998496 -0.000424139535 0.002214569887 0.708292687742 0.705915281232
2918.000000000000 -74.302597045898 -21.751010894775 0.052639998496 -0.000424139535 0.002214569887 0.708292687742 0.705915281232
2918.000000000000 -74.302597045898 -21.751010894775 0.052639998496 -0.000424139535 0.002214569887 0.708292687742 0.705915281232
2918.000000000000 -74.302597045898 -21.751010894775 0.052639998496 -0.000424139535 0.002214569887 0.708292687742 0.705915281232
2918.000000000000 -74.302597045898 -21.751010894775 0.052639998496 -0.000424139535 0.002214569887 0.708292687742 0.705915281232
2918.000000000000 -74.302597045898 -21.751010894775 0.052639998496 -0.000424139535 0.002214569887 0.708292687742 0.705915281232
2918.000000000000 -74.302597045898 -21.751010894775 0.052639998496 -0.000424139535 0.002214569887 0.708292687742 0.705915281232
2918.000000000000 -74.302597045898 -21.751010894775 0.052639998496 -0.000424139535 0.002214569887 0.708292687742 0.705915281232
2918.000000000000 -74.302597045898 -21.751010894775 0.052639998496 -0.000424139535 0.002214569887 0.708292687742 0.705915281232
2918.000000000000 -74.302597045898 -21.751010894775 0.052639998496 -0.000424139535 0.002214569887 0.708292687742 0.705915281232
2918.000000000000 -74.302597045898 -21.751010894775 0.052639998496 -0.000424139535 0.002214569887 0.708292687742 0.705915281232
2918.000000000000 -74.302597045898 -21.751010894775 0.052639998496 -0.000424139535 0.002214569887 0.708292687742 0.705915281232
2918.000000000000 -74.302597045898 -21.751010894775 0.052639998496 -0.000424139535 0.002214569887 0.708292687742 0.705915281232
2918.000000000000 -74.302597045898 -21.751010894775 0.052639998496 -0.000424139535 0.002214569887 0.708292687742 0.705915281232
2918.000000000000 -74.302597045898 -21.751010894775 0.052639998496 -0.000424139535 0.002214569887 0.708292687742 0.705915281232
2919.000000000000 -74.302597045898 -21.751010894775 0.052639998496 -0.000424139535 0.002214569887 0.708292687742 0.705915281232
2919.000000000000 -74.302597045898 -21.751010894775 0.052639998496 -0.000424139535 0.002214569887 0.708292687742 0.705915281232
2919.000000000000 -74.302597045898 -21.751010894775 0.052639998496 -0.000424139535 0.002214569887 0.708292687742 0.705915281232
2919.000000000000 -74.302597045898 -21.751010894775 0.052639998496 -0.000424139535 0.002214569887 0.708292687742 0.705915281232
2919.000000000000 -74.302597045898 -21.751010894775 0.052639998496 -0.000424139535 0.002214569887 0.708292687742 0.705915281232
2919.000000000000 -74.302597045898 -21.751010894775 0.052639998496 -0.000424139535 0.002214569887 0.708292687742 0.705915281232
2919.000000000000 -74.302597045898 -21.751010894775 0.052639998496 -0.000424139535 0.002214569887 0.708292687742 0.705915281232
2919.000000000000 -74.302597045898 -21.751010894775 0.052639998496 -0.000424139535 0.002214569887 0.708292687742 0.705915281232
2919.000000000000 -74.302597045898 -21.751010894775 0.052639998496 -0.000424139535 0.002214569887 0.708292687742 0.705915281232
2919.000000000000 -74.302597045898 -21.751010894775 0.052639998496 -0.000424139535 0.002214569887 0.708292687742 0.705915281232
2919.000000000000 -74.302597045898 -21.751010894775 0.052639998496 -0.000424139535 0.002214569887 0.708292687742 0.705915281232
2919.000000000000 -74.302597045898 -21.751010894775 0.052639998496 -0.000424139535 0.002214569887 0.708292687742 0.705915281232
2919.000000000000 -74.302597045898 -21.751010894775 0.052639998496 -0.000424139535 0.002214569887 0.708292687742 0.705915281232
2919.000000000000 -74.302597045898 -21.751010894775 0.052639998496 -0.000424139535 0.002214569887 0.708292687742 0.705915281232
2919.000000000000 -74.302597045898 -21.751010894775 0.052639998496 -0.000424139535 0.002214569887 0.708292687742 0.705915281232
2919.000000000000 -74.302597045898 -21.751010894775 0.052639998496 -0.000424139535 0.002214569887 0.708292687742 0.705915281232
2919.000000000000 -74.302597045898 -21.751010894775 0.052639998496 -0.000424139535 0.002214569887 0.708292687742 0.705915281232
2919.000000000000 -74.302597045898 -21.751010894775 0.052639998496 -0.000424139535 0.002214569887 0.708292687742 0.705915281232
2919.000000000000 -74.302597045898 -21.751010894775 0.052639998496 -0.000424139535 0.002214569887 0.708292687742 0.705915281232
2919.000000000000 -74.302597045898 -21.751010894775 0.052639998496 -0.000424139535 0.002214569887 0.708292687742 0.705915281232
2920.000000000000 -74.302597045898 -21.751010894775 0.052639998496 -0.000424139535 0.002214569887 0.708292687742 0.705915281232
2920.000000000000 -74.302597045898 -21.751010894775 0.052639998496 -0.000424139535 0.002214569887 0.708292687742 0.705915281232
2920.000000000000 -74.302597045898 -21.751010894775 0.052639998496 -0.000424139535 0.002214569887 0.708292687742 0.705915281232
2920.000000000000 -74.302597045898 -21.751010894775 0.052639998496 -0.000424139535 0.002214569887 0.708292687742 0.705915281232
2920.000000000000 -74.302597045898 -21.751010894775 0.052639998496 -0.000424139535 0.002214569887 0.708292687742 0.705915281232
2920.000000000000 -74.302597045898 -21.751010894775 0.052639998496 -0.000424139535 0.002214569887 0.708292687742 0.705915281232
2920.000000000000 -74.302597045898 -21.751010894775 0.052639998496 -0.000424139535 0.002214569887 0.708292687742 0.705915281232
2920.000000000000 -74.302597045898 -21.751010894775 0.052639998496 -0.000424139535 0.002214569887 0.708292687742 0.705915281232
2920.000000000000 -74.302597045898 -21.751010894775 0.052639998496 -0.000424139535 0.002214569887 0.708292687742 0.705915281232
2920.000000000000 -74.302597045898 -21.751010894775 0.052639998496 -0.000424139535 0.002214569887 0.708292687742 0.705915281232
2920.000000000000 -74.302597045898 -21.751010894775 0.052639998496 -0.000424139535 0.002214569887 0.708292687742 0.705915281232
2920.000000000000 -74.302597045898 -21.751010894775 0.052639998496 -0.000424139535 0.002214569887 0.708292687742 0.705915281232
2920.000000000000 -74.302597045898 -21.751010894775 0.052639998496 -0.000424139535 0.002214569887 0.708292687742 0.705915281232
2920.000000000000 -74.302597045898 -21.751010894775 0.052639998496 -0.000424139535 0.002214569887 0.708292687742 0.705915281232
2920.000000000000 -74.302597045898 -21.751010894775 0.052639998496 -0.000424139535 0.002214569887 0.708292687742 0.705915281232
2920.000000000000 -74.302597045898 -21.751010894775 0.052639998496 -0.000424139535 0.002214569887 0.708292687742 0.705915281232
2920.000000000000 -74.302597045898 -21.751010894775 0.052639998496 -0.000424139535 0.002214569887 0.708292687742 0.705915281232
2920.000000000000 -74.302597045898 -21.751010894775 0.052639998496 -0.000424139535 0.002214569887 0.708292687742 0.705915281232
2920.000000000000 -74.302597045898 -21.751010894775 0.052639998496 -0.000424139535 0.002214569887 0.708292687742 0.705915281232
2920.000000000000 -74.302597045898 -21.751010894775 0.052639998496 -0.000424139535 0.002214569887 0.708292687742 0.705915281232
2921.000000000000 -74.302597045898 -21.751010894775 0.052639998496 -0.000424139535 0.002214569887 0.708292687742 0.705915281232
2921.000000000000 -74.302597045898 -21.751010894775 0.052639998496 -0.000424139535 0.002214569887 0.708292687742 0.705915281232
2921.000000000000 -74.302597045898 -21.751010894775 0.052639998496 -0.000424139535 0.002214569887 0.708292687742 0.705915281232
2921.000000000000 -74.302597045898 -21.751010894775 0.052639998496 -0.000424139535 0.002214569887 0.708292687742 0.705915281232
2921.000000000000 -74.302597045898 -21.751010894775 0.052639998496 -0.000424139535 0.002214569887 0.708292687742 0.705915281232
2921.000000000000 -74.302597045898 -21.751010894775 0.052639998496 -0.000424139535 0.002214569887 0.708292687742 0.705915281232
2921.000000000000 -74.302597045898 -21.751010894775 0.052639998496 -0.000424139535 0.002214569887 0.708292687742 0.705915281232
2921.000000000000 -74.302597045898 -21.751010894775 0.052639998496 -0.000424139535 0.002214569887 0.708292687742 0.705915281232
2921.000000000000 -74.302597045898 -21.751010894775 0.052639998496 -0.000424139535 0.002214569887 0.708292687742 0.705915281232
2921.000000000000 -74.302597045898 -21.751010894775 0.052639998496 -0.000424139535 0.002214569887 0.708292687742 0.705915281232
2921.000000000000 -74.302597045898 -21.751010894775 0.052639998496 -0.000424139535 0.002214569887 0.708292687742 0.705915281232
2921.000000000000 -74.302597045898 -21.751010894775 0.052639998496 -0.000424139535 0.002214569887 0.708292687742 0.705915281232
2921.000000000000 -74.302597045898 -21.751010894775 0.052639998496 -0.000424139535 0.002214569887 0.708292687742 0.705915281232
2921.000000000000 -74.302597045898 -21.751010894775 0.052639998496 -0.000424139535 0.002214569887 0.708292687742 0.705915281232
2921.000000000000 -74.302597045898 -21.751010894775 0.052639998496 -0.000424139535 0.002214569887 0.708292687742 0.705915281232
2921.000000000000 -74.302597045898 -21.751010894775 0.052639998496 -0.000424139535 0.002214569887 0.708292687742 0.705915281232
2921.000000000000 -74.302597045898 -21.751010894775 0.052639998496 -0.000424139535 0.002214569887 0.708292687742 0.705915281232
2921.000000000000 -74.302597045898 -21.751010894775 0.052639998496 -0.000424139535 0.002214569887 0.708292687742 0.705915281232
2921.000000000000 -74.302597045898 -21.751010894775 0.052639998496 -0.000424139535 0.002214569887 0.708292687742 0.705915281232
2921.000000000000 -74.302597045898 -21.751010894775 0.052639998496 -0.000424139535 0.002214569887 0.708292687742 0.705915281232
2922.000000000000 -74.302597045898 -21.751010894775 0.052639998496 -0.000424139535 0.002214569887 0.708292687742 0.705915281232
2922.000000000000 -74.302597045898 -21.751010894775 0.052639998496 -0.000424139535 0.002214569887 0.708292687742 0.705915281232
2922.000000000000 -74.302597045898 -21.751010894775 0.052430722862 -0.000424139535 0.002214569887 0.708292687742 0.705915281232
2922.000000000000 -74.302597045898 -21.751010894775 0.052377279848 -0.000424139535 0.002214569887 0.708292687742 0.705915281232
2922.000000000000 -74.302581787109 -21.749536514282 0.052380256355 -0.000418667967 0.002206817038 0.708298069896 0.705909908457
2922.000000000000 -74.302490234375 -21.746246337891 0.052393872291 -0.000406855252 0.002193216405 0.708382798880 0.705824931921
2922.000000000000 -74.302536010742 -21.739318847656 0.052390858531 -0.000391980593 0.002169960976 0.708310497717 0.705897567955
2922.000000000000 -74.302482604980 -21.726770401001 0.052349507809 -0.000369689948 0.002137240138 0.708330524367 0.705877584135
2922.000000000000 -74.302604675293 -21.706781387329 0.052263107151 -0.000342904253 0.002099064549 0.708282653777 0.705925745885
2922.000000000000 -74.302642822266 -21.680665969849 0.052157476544 -0.000333948355 0.002069802720 0.708351544432 0.705856709181
2922.000000000000 -74.302726745605 -21.646503448486 0.052009504288 -0.000330606200 0.002034036947 0.708272550916 0.705936078560
2922.000000000000 -74.302886962891 -21.604841232300 0.051842879504 -0.000343528105 0.002003904820 0.708189488155 0.706019486431
2922.000000000000 -74.303062438965 -21.555656433105 0.051658019423 -0.000372184961 0.001977713279 0.708161592631 0.706047525915
2922.000000000000 -74.303100585938 -21.498718261719 0.051447220147 -0.000410778986 0.001951034466 0.708296989256 0.705911750672
2922.000000000000 -74.303138732910 -21.433540344238 0.051201019436 -0.000458102840 0.001918316566 0.708332749750 0.705875928074
2922.000000000000 -74.303375244141 -21.360303878784 0.050925061107 -0.000508957181 0.001895630592 0.708362088833 0.705846512106
2922.000000000000 -74.303642272949 -21.277683258057 0.050606001168 -0.000565156852 0.001860361861 0.708373225823 0.705835386325
2922.000000000000 -74.303848266602 -21.186962127686 0.050263900310 -0.000640166482 0.001829561824 0.708359536472 0.705849141092
2922.000000000000 -74.304176330566 -21.087169647217 0.049884147942 -0.000713205609 0.001799279432 0.708381982856 0.705826621981
2922.000000000000 -74.304443359375 -20.979347229004 0.049480970949 -0.000806099553 0.001768696084 0.708373130724 0.705835483372
2923.000000000000 -74.304748535156 -20.862611770630 0.049040868878 -0.000900121905 0.001735131236 0.708369124871 0.705839473272
2923.000000000000 -74.305191040039 -20.737865447998 0.048576124012 -0.001002705617 0.001709139293 0.708399122042 0.705809292454
2923.000000000000 -74.305549621582 -20.604362487793 0.048075485975 -0.001117030243 0.001669883063 0.708388077961 0.705820299182
2923.000000000000 -74.306045532227 -20.462978363037 0.047550618649 -0.001236182080 0.001640838438 0.708411265168 0.705796896342
2923.000000000000 -74.306373596191 -20.314287185669 0.047000542283 -0.001373670618 0.001604338438 0.708379252378 0.705828855975
2923.000000000000 -74.306808471680 -20.158031463623 0.046421620995 -0.001507651058 0.001572898027 0.708380261956 0.705827640045
2923.000000000000 -74.307441711426 -19.993782043457 0.045777548105 -0.001617311731 0.001546269686 0.708419323083 0.705788251557
2923.000000000000 -74.307914733887 -19.821384429932 0.044960554689 -0.001649523265 0.001530499627 0.708362308467 0.705845433921
2923.000000000000 -74.308448791504 -19.640649795532 0.044036064297 -0.001638321695 0.001531865220 0.708335330367 0.705872530309
2923.000000000000 -74.309234619141 -19.451572418213 0.043045233935 -0.001614331787 0.001541242280 0.708375208677 0.705832545465
2923.000000000000 -74.309883117676 -19.254156112671 0.042006414384 -0.001603601554 0.001538163927 0.708353974134 0.705853887035
2923.000000000000 -74.310447692871 -19.048563003540 0.040928915143 -0.001594807758 0.001537112045 0.708310739917 0.705897293941
2923.000000000000 -74.311119079590 -18.834871292114 0.039815250784 -0.001583681562 0.001542619655 0.708298884459 0.705909202767
2923.000000000000 -74.311767578125 -18.613216400146 0.038666646928 -0.001579133344 0.001544229360 0.708270164292 0.705938025657
2923.000000000000 -74.312614440918 -18.383668899536 0.037482336164 -0.001568654199 0.001554320505 0.708302853767 0.705905227887
2923.000000000000 -74.313285827637 -18.146278381348 0.036261364818 -0.001573476255 0.001549905342 0.708262349778 0.705945866093
2923.000000000000 -74.313987731934 -17.901069641113 0.035003162920 -0.001571541360 0.001552606759 0.708235693806 0.705972606897
2923.000000000000 -74.314895629883 -17.648057937622 0.033883322030 -0.001563948278 0.001561322096 0.708268199784 0.705939992856
2923.000000000000 -74.315826416016 -17.388013839722 0.032684780657 -0.001571012142 0.001569263820 0.708288533074 0.705919558624
2923.000000000000 -74.316719055176 -17.128305435181 0.031425092369 -0.001623320344 0.001617173449 0.708280857641 0.705927033255
2924.000000000000 -74.317413330078 -16.867317199707 0.030072055757 -0.001710784817 0.001627536149 0.708223867254 0.705983978708
2924.000000000000 -74.318237304688 -16.603662490845 0.028650509194 -0.001786107583 0.001626693961 0.708217288113 0.705990394059
2924.000000000000 -74.314361572266 -16.335813522339 0.027016103268 -0.002251000326 0.001326293921 0.706750621733 0.707457936998
2924.000000000000 -74.306869506836 -16.063493728638 0.025197178125 -0.002706644761 0.001094862373 0.704544234566 0.709654068466
2924.000000000000 -74.301513671875 -15.786164283752 0.023266674951 -0.003013886608 0.001037704165 0.703547745574 0.710640844137
2924.000000000000 -74.296646118164 -15.505818367004 0.021542660892 -0.003043512099 0.001118467948 0.702882752797 0.711298335358
2924.000000000000 -74.291236877441 -15.224004745483 0.019931981340 -0.002786950391 0.001480449163 0.702150188695 0.712021877257
2924.000000000000 -74.285278320312 -14.942897796631 0.018304783851 -0.002444687763 0.001989631235 0.701448611400 0.712713063185
2924.000000000000 -74.278717041016 -14.663419723511 0.016907231882 -0.002213130889 0.002232597549 0.700804582641 0.713346377652
2924.000000000000 -74.271850585938 -14.386821746826 0.015817182139 -0.002094228104 0.002226511679 0.700246617425 0.713894482147
2924.000000000000 -74.264839172363 -14.112947463989 0.014857060276 -0.001998433746 0.002149908405 0.699744138501 0.714387517241
2924.000000000000 -74.257720947266 -13.842105865479 0.013893927447 -0.001922311755 0.002025692362 0.699294318393 0.714828411265
2924.000000000000 -74.250457763672 -13.573329925537 0.012899396941 -0.001846002120 0.001871301506 0.698877755104 0.715236306354
2924.000000000000 -74.243003845215 -13.306231498718 0.011642836034 -0.001822844385 0.001536925415 0.698500829452 0.715605272727
2924.000000000000 -74.235427856445 -13.039463996887 0.010203970596 -0.001814488010 0.001112318524 0.698152439341 0.715945976889
2924.000000000000 -74.227752685547 -12.772575378418 0.008678663522 -0.001803152826 0.000670725878 0.697842794839 0.716248373441
2924.000000000000 -74.220092773438 -12.504614830017 0.007435568608 -0.001670671487 0.000505840821 0.697562181368 0.716522125343
2924.000000000000 -74.212341308594 -12.235412597656 0.006282309536 -0.001330231335 0.000568780185 0.697302845924 0.716775172589
2924.000000000000 -74.204284667969 -11.964482307434 0.005083159544 -0.000894598900 0.000638259467 0.697054767473 0.717017045446
2924.000000000000 -74.195915222168 -11.692724227905 0.004180373624 -0.000560948665 0.000651364449 0.696826761052 0.717238960279
2925.000000000000 -74.183959960938 -11.420707702637 0.003768996568 -0.000586685432 0.000466297425 0.695532382141 0.718494358893
2925.000000000000 -74.166435241699 -11.148862838745 0.003534202231 -0.000683749514 0.000251998832 0.692770647668 0.721157610175
2925.000000000000 -74.147155761719 -10.874717712402 0.003333015135 -0.000621361324 0.000168793955 0.690154894021 0.723661390208
2925.000000000000 -74.126998901367 -10.597407341003 0.003117065178 -0.000502442062 0.000127445286 0.687961061334 0.725747414324
2925.000000000000 -74.105491638184 -10.316392898560 0.002877769060 -0.000395880693 0.000067423042 0.685946059584 0.727652281020
2925.000000000000 -74.082740783691 -10.032684326172 0.002617645310 -0.000300578083 0.000009830823 0.684074640923 0.729411951645
2925.000000000000 -74.058830261230 -9.747005462646 0.002344856272 -0.000216760716 -0.000046829649 0.682323316308 0.731050506356
2925.000000000000 -74.034057617188 -9.461011886597 0.002062530490 -0.000140543621 -0.000091708910 0.680724198822 0.732539785250
2925.000000000000 -74.008453369141 -9.175423622131 0.001775169279 -0.000074259903 -0.000137759036 0.679236763908 0.733919201318
2925.000000000000 -73.978988647461 -8.892157554626 0.001583061181 -0.000214650708 -0.000309544777 0.676777905468 0.736187153363
2925.000000000000 -73.940864562988 -8.612833976746 0.001565360930 -0.000512223497 -0.000537254236 0.671946051132 0.740599725461
2925.000000000000 -73.898765563965 -8.336379051208 0.001611518790 -0.000589025864 -0.000554643403 0.666868128239 0.745175311559
2925.000000000000 -73.854835510254 -8.061172485352 0.001665649354 -0.000540682186 -0.000480468140 0.662406924737 0.749143873280
2925.000000000000 -73.809097290039 -7.787060260773 0.001715049730 -0.000479308131 -0.000406257732 0.658442491060 0.752630780121
2925.000000000000 -73.761016845703 -7.513109683990 0.001749572693 -0.000437979589 -0.000367674676 0.654696494707 0.755891640917
2925.000000000000 -73.710899353027 -7.239086151123 0.001774177537 -0.000394679134 -0.000333019831 0.651210617980 0.758896873334
2925.000000000000 -73.655273437500 -6.965437889099 0.001763381879 -0.000559504676 -0.000454448871 0.646695462895 0.762747965387
2925.000000000000 -73.589607238770 -6.694634914398 0.001604957506 -0.000928076328 -0.000637982776 0.639722483360 0.768605149564
2925.000000000000 -73.517494201660 -6.424458503723 0.001319618081 -0.001095000915 -0.000622735535 0.632229232560 0.774780362857
2925.000000000000 -73.442108154297 -6.153763294220 0.000988120795 -0.001096381236 -0.000468750508 0.625513911666 0.780212102273
2926.000000000000 -73.363220214844 -5.882551670074 0.000641746214 -0.001097746655 -0.000316355872 0.619323306467 0.785135234809
2926.000000000000 -73.278144836426 -5.613381385803 0.000315017358 -0.001270815473 -0.000280252518 0.612328350580 0.790602490233
2926.000000000000 -73.180747985840 -5.351054191589 0.000059623308 -0.001753964700 -0.000473550285 0.602115057424 0.798407262606
2926.000000000000 -73.072868347168 -5.095462799072 -0.000231743354 -0.001976730405 -0.000429319273 0.590019381807 0.807386547643
2926.000000000000 -72.958374023438 -4.842049121857 -0.000777626701 -0.001999621552 -0.000141341625 0.578405119528 0.815747203023
2926.000000000000 -72.839149475098 -4.589598655701 -0.001437416766 -0.002110575040 0.000090846991 0.567968401007 0.823047649093
2926.000000000000 -72.714698791504 -4.338180541992 -0.002029381692 -0.002270362913 0.000203033884 0.558162777529 0.829728339886
2926.000000000000 -72.583045959473 -4.090718746185 -0.002529870020 -0.002533546799 0.000142059624 0.547612290120 0.836728355363
2926.000000000000 -72.440437316895 -3.851457357407 -0.002947159577 -0.002902299857 -0.000035639516 0.534523659684 0.845148526960
2926.000000000000 -72.290679931641 -3.616756439209 -0.003416710766 -0.002927934400 -0.000064071344 0.521393968541 0.853311052702
2926.000000000000 -72.135284423828 -3.384032487869 -0.003916207235 -0.002793944303 -0.000028299532 0.509243279355 0.860618077608
2926.000000000000 -71.974998474121 -3.153501510620 -0.004414711613 -0.002637993356 0.000020160191 0.498024743964 0.867158806093
2926.000000000000 -71.807243347168 -2.928549528122 -0.004887658171 -0.002716134897 -0.000047618775 0.485881888576 0.874020257601
2926.000000000000 -71.629791259766 -2.714963912964 -0.005247879308 -0.003000905774 -0.000162732123 0.470980538261 0.882138481567
2926.000000000000 -71.443855285645 -2.509664058685 -0.005703087430 -0.003186038289 -0.000296206563 0.455075384903 0.890447166022
2926.000000000000 -71.250030517578 -2.312681198120 -0.006546097342 -0.003275569978 -0.000526902508 0.438397690612 0.898774976221
2926.000000000000 -71.045845031738 -2.131788253784 -0.007295379881 -0.003620669592 -0.000790266764 0.418332229910 0.908286525084
2926.000000000000 -70.832183837891 -1.967253684998 -0.007644844707 -0.004006922398 -0.001011934473 0.395815995203 0.918320542351
2926.000000000000 -70.608825683594 -1.812535524368 -0.007558517158 -0.004315530663 -0.001296110392 0.373276070748 0.927709367906
2926.000000000000 -70.377075195312 -1.661914587021 -0.007379379123 -0.004336590736 -0.001448726309 0.352533315458 0.935788093889
2927.000000000000 -70.136833190918 -1.516102313995 -0.007119712885 -0.004405624313 -0.001618900591 0.332937544139 0.942937199043
2927.000000000000 -69.889953613281 -1.375492691994 -0.006528930739 -0.004094675902 -0.001786744389 0.314409771906 0.949276849240
2927.000000000000 -69.637222290039 -1.245526432991 -0.005744437221 -0.003744760688 -0.001922439835 0.294954313730 0.955502084668
2927.000000000000 -69.380905151367 -1.134005427361 -0.004916953389 -0.003788942748 -0.002111920175 0.272535989616 0.962135810616
2927.000000000000 -69.121536254883 -1.039285182953 -0.004136427771 -0.003591462152 -0.002218460702 0.248535325223 0.968613633988
2927.000000000000 -68.859962463379 -0.959869563580 -0.003588599153 -0.003366357333 -0.002222203126 0.223917461485 0.974599763951
2927.000000000000 -68.595893859863 -0.896613240242 -0.003185500158 -0.003110718186 -0.002205172468 0.198527965536 0.980087806039
2927.000000000000 -68.327407836914 -0.839460730553 -0.003052748740 -0.002650392639 -0.002125809791 0.176378174428 0.984316613665
2927.000000000000 -68.054031372070 -0.783471643925 -0.002853049198 -0.002287625624 -0.001983090710 0.158564720843 0.987343943833
2927.000000000000 -67.777343750000 -0.730664193630 -0.002525442978 -0.002194871976 -0.001809843603 0.143222699534 0.989686397472
2927.000000000000 -67.498222351074 -0.683736503124 -0.001800765167 -0.002060618763 -0.001481580263 0.128664749286 0.991684900087
2927.000000000000 -67.218467712402 -0.646157383919 -0.000887336209 -0.002070346174 -0.001113767231 0.113357297922 0.993551506565
2927.000000000000 -66.938255310059 -0.617032051086 0.000050697625 -0.002007440887 -0.000756284987 0.098076867097 0.995176530247
2927.000000000000 -66.657417297363 -0.588069200516 0.000872230681 -0.001456048038 -0.000428740764 0.086382194453 0.996260915919
2927.000000000000 -66.376388549805 -0.561509728432 0.001533889794 -0.001192202675 -0.000189476573 0.076620062321 0.997059631517
2927.000000000000 -66.096054077148 -0.538442194462 0.002093696501 -0.000968307367 0.000014017623 0.067795037547 0.997698799773
2927.000000000000 -65.815864562988 -0.518963575363 0.002397117438 -0.000788133111 0.000116803427 0.059582904445 0.998223042562
2927.000000000000 -65.536186218262 -0.502379000187 0.002469673054 -0.000676629403 0.000144119058 0.052182912285 0.998637304064
2927.000000000000 -65.256446838379 -0.488506615162 0.002409858396 -0.000604087726 0.000128795297 0.045427586074 0.998967443370
2927.000000000000 -64.976867675781 -0.476920545101 0.002304916270 -0.000540665868 0.000105524093 0.039353573442 0.999225196241
2928.000000000000 -64.696830749512 -0.467589467764 0.002197341761 -0.000498276741 0.000078281729 0.033781157978 0.999429126531
2928.000000000000 -64.416587829590 -0.460139900446 0.002107353183 -0.000450867771 0.000058168643 0.028752883289 0.999586447006
2928.000000000000 -64.135650634766 -0.454554975033 0.002033843892 -0.000417035395 0.000038465689 0.024131509564 0.999708704998
2928.000000000000 -63.854408264160 -0.450533598661 0.001979980385 -0.000377964376 0.000026020384 0.019954820069 0.999800810973
2928.000000000000 -63.572551727295 -0.448077887297 0.001938476576 -0.000349683026 0.000014336081 0.016109834744 0.999870166942
2928.000000000000 -63.290641784668 -0.446940690279 0.001911048894 -0.000317335596 0.000010119166 0.012629975825 0.999920188268
2928.000000000000 -63.008491516113 -0.443644046783 0.001890182495 -0.000103678500 0.000006847693 0.010993042007 0.999939569290
2928.000000000000 -62.726722717285 -0.440679877996 0.001879043528 -0.000087168374 0.000008223003 0.009605343504 0.999953863791
2928.000000000000 -62.444992065430 -0.440187901258 0.001869926462 -0.000166234415 0.000006508680 0.007459978315 0.999972160136
2928.000000000000 -62.163654327393 -0.440666764975 0.001865043654 -0.000176881830 0.000008403301 0.005397670777 0.999985416790
2928.000000000000 -61.882263183594 -0.441637396812 0.001859550481 -0.000157684262 0.000006640166 0.003627751432 0.999993407234
2928.000000000000 -61.601181030273 -0.443119317293 0.001857299707 -0.000138234384 0.000007699926 0.002076999055 0.999997833451
2928.000000000000 -61.319950103760 -0.445189595222 0.001853446942 -0.000127302565 0.000005281154 0.000654072930 0.999999777977
2928.000000000000 -61.038925170898 -0.447735399008 0.001852035522 -0.000114778709 0.000005674602 -0.000625246338 0.999999797930
2928.000000000000 -60.757644653320 -0.450742840767 0.001848831191 -0.000104924537 0.000002333608 -0.001790214965 0.999998392057
2928.000000000000 -60.476478576660 -0.454126566648 0.001848258893 -0.000094003114 0.000002412078 -0.002832894595 0.999995982925
2928.000000000000 -60.195022583008 -0.457894772291 0.001845664927 -0.000086289854 -0.000000746223 -0.003785681288 0.999992830560
2928.000000000000 -59.913684844971 -0.461976081133 0.001845779363 -0.000077498797 0.000000002069 -0.004641324893 0.999989225991
2928.000000000000 -59.632083892822 -0.466375529766 0.001843986451 -0.000071119895 -0.000002296482 -0.005424087347 0.999985286998
2928.000000000000 -59.350646972656 -0.471029996872 0.001844978309 -0.000063655294 -0.000000742512 -0.006126587747 0.999981230259
2929.000000000000 -59.069023132324 -0.475952178240 0.001843872014 -0.000058872271 -0.000002223976 -0.006771933751 0.999977068458
2929.000000000000 -58.787620544434 -0.481080800295 0.001845092745 -0.000052465489 0.000000027995 -0.007350017609 0.999972986879
2929.000000000000 -58.506069183350 -0.486426383257 0.001844367944 -0.000048213452 -0.000001110255 -0.007879453816 0.999968955459
2929.000000000000 -58.224765777588 -0.491956382990 0.001845779363 -0.000043933645 0.000001201839 -0.008361053343 0.999965044817
2929.000000000000 -57.943439483643 -0.494505226612 0.001846008236 0.000128487450 0.000000124488 -0.007381258518 0.999972749886
2929.000000000000 -57.662460327148 -0.496934205294 0.001847686712 0.000103299963 0.000002775177 -0.006601677999 0.999978203347
2929.000000000000 -57.381294250488 -0.500856757164 0.001846084604 0.000014915679 0.000000973213 -0.006683751698 0.999977663370
2929.000000000000 -57.100265502930 -0.505008518696 0.001846389729 -0.000010907651 0.000001684264 -0.006866603645 0.999976424538
2929.000000000000 -56.818927764893 -0.509020149708 0.001844253507 -0.000006667671 -0.000001384265 -0.006940920740 0.999975911496
2929.000000000000 -56.537666320801 -0.512962460518 0.001844558632 -0.000001338602 -0.000001003985 -0.006961295503 0.999975769888
2929.000000000000 -56.256092071533 -0.516986966133 0.001842842088 -0.000004286018 -0.000003546327 -0.007008620607 0.999975439302
2929.000000000000 -55.974643707275 -0.521079182625 0.001843681326 -0.000006407871 -0.000002279306 -0.007074443266 0.999974975790
2929.000000000000 -55.692958831787 -0.525193154812 0.001842765720 -0.000006152745 -0.000003830519 -0.007131817345 0.999974568241
2929.000000000000 -55.411472320557 -0.529244244099 0.001844215323 -0.000001077592 -0.000001720877 -0.007147419824 0.999974456867
2929.000000000000 -55.129829406738 -0.533311367035 0.001843414269 -0.000001350337 -0.000002612996 -0.007164883890 0.999974331886
2929.000000000000 -54.848445892334 -0.537416994572 0.001845207182 -0.000002663950 -0.000000100040 -0.007196855560 0.999974102296
2929.000000000000 -54.566928863525 -0.541554689407 0.001844596816 -0.000003736090 -0.000001045882 -0.007234612171 0.999973829843
2929.000000000000 -54.285667419434 -0.545666635036 0.001846008236 -0.000001590073 0.000001084445 -0.007253030146 0.999973696429
2929.000000000000 -54.004253387451 -0.549841165543 0.001845092745 -0.000004262683 -0.000000207333 -0.007293816526 0.999973399757
2929.000000000000 -53.723056793213 -0.553894639015 0.001846046420 0.000003387022 0.000001584739 -0.007271285849 0.999973563845
2930.000000000000 -53.441673278809 -0.558088958263 0.001844978309 -0.000004797051 -0.000000441751 -0.007316502725 0.999973234024
2930.000000000000 -53.160476684570 -0.562361717224 0.001845931984 -0.000007450483 0.000000889523 -0.007386614259 0.999972718565
2930.000000000000 -52.879085540771 -0.564761459827 0.001844787505 0.000092611984 -0.000001266766 -0.006598356511 0.999978226319
2930.000000000000 -52.597888946533 -0.567122638226 0.001845626743 0.000073463349 0.000000394309 -0.005991595511 0.999982047532
2930.000000000000 -52.316459655762 -0.570273101330 0.001844215323 0.000020783808 -0.000001612551 -0.005889557593 0.999982656188
2930.000000000000 -52.035175323486 -0.573484957218 0.001844978309 0.000006025402 -0.000000392888 -0.005850874314 0.999982883470
2930.000000000000 -51.753643035889 -0.576575994492 0.001843643142 0.000006944171 -0.000002483882 -0.005767398091 0.999983368394
2930.000000000000 -51.472274780273 -0.579575836658 0.001844635000 0.000009541752 -0.000001007713 -0.005661727985 0.999983972244
2930.000000000000 -51.190677642822 -0.582584261894 0.001843566890 0.000006806290 -0.000002660650 -0.005583678824 0.999984411117
2930.000000000000 -50.909286499023 -0.585554242134 0.001844749437 0.000006925893 -0.000000753417 -0.005508247520 0.999984829465
2930.000000000000 -50.627712249756 -0.588494300842 0.001843795762 0.000006353424 -0.000002061135 -0.005437435015 0.999985217019
2930.000000000000 -50.346355438232 -0.591379106045 0.001845283434 0.000007497296 -0.000000040188 -0.005360272620 0.999985633607
2930.000000000000 -50.064834594727 -0.594277977943 0.001844367944 0.000004718201 -0.000001395971 -0.005308023905 0.999985912330
2930.000000000000 -49.783538818359 -0.597164809704 0.001845588675 0.000003943896 0.000000515686 -0.005264488600 0.999986142476
2930.000000000000 -49.502063751221 -0.600023508072 0.001844558632 0.000004102773 -0.000000975098 -0.005218581945 0.999986383100
2930.000000000000 -49.220806121826 -0.602895855904 0.001845817547 0.000002134588 0.000000823395 -0.005191109112 0.999986526100
2930.000000000000 -48.939346313477 -0.605742156506 0.001844596816 0.000002939472 -0.000001028454 -0.005157894940 0.999986697967
2930.000000000000 -48.658081054688 -0.608580946922 0.001845626743 0.000002285279 0.000000524724 -0.005130505319 0.999986838868
2930.000000000000 -48.376594543457 -0.611400008202 0.001844329759 0.000002895968 -0.000001445300 -0.005099964665 0.999986995090
2930.000000000000 -48.095306396484 -0.614344596863 0.001845321618 -0.000004793627 0.000000024613 -0.005134476080 0.999986818479
2931.000000000000 -47.813953399658 -0.619828462601 0.001844978309 -0.000144609778 0.000000435268 -0.006307292681 0.999980098375
2931.000000000000 -47.532878875732 -0.625708997250 0.001846351544 -0.000124887056 0.000002527928 -0.007354918050 0.999972944423
2931.000000000000 -47.251556396484 -0.630403339863 0.001844901941 -0.000043413250 -0.000000325371 -0.007608037944 0.999971057518
2931.000000000000 -46.970375061035 -0.634985744953 0.001845283434 -0.000017307723 0.000000431882 -0.007733329718 0.999970097209
2931.000000000000 -46.688930511475 -0.639796674252 0.001843795762 -0.000018125456 -0.000001942572 -0.007925378360 0.999968593530
2931.000000000000 -46.407619476318 -0.644715249538 0.001844558632 -0.000018116640 -0.000000806541 -0.008122903111 0.999967008514
2931.000000000000 -46.126064300537 -0.649702608585 0.001843223581 -0.000016801090 -0.000002721626 -0.008302491411 0.999965533579
2931.000000000000 -45.844676971436 -0.654727458954 0.001844444196 -0.000014124330 -0.000001072694 -0.008456103048 0.999964246421
2931.000000000000 -45.563091278076 -0.659811854362 0.001843414269 -0.000012805760 -0.000002572216 -0.008596729504 0.999963047353
2931.000000000000 -45.281723022461 -0.664910972118 0.001844901941 -0.000009858514 -0.000000510192 -0.008710602396 0.999962061935
2931.000000000000 -45.000179290771 -0.670067727566 0.001844177255 -0.000009869084 -0.000001701154 -0.008820654872 0.999961097217
2931.000000000000 -44.718879699707 -0.675261676311 0.001845359802 -0.000008785423 0.000000376420 -0.008921793777 0.999960199967
2931.000000000000 -44.437416076660 -0.680497825146 0.001844596816 -0.000008530904 -0.000000936408 -0.009015376209 0.999959360633
2931.000000000000 -44.156181335449 -0.685771107674 0.001845779363 -0.000007981554 0.000000907167 -0.009104105751 0.999958556738
2931.000000000000 -43.874759674072 -0.691080629826 0.001844825689 -0.000007463653 -0.000000706334 -0.009185336062 0.999957813883
2931.000000000000 -43.593544006348 -0.696419060230 0.001845664927 -0.000006916194 0.000000898553 -0.009260865704 0.999957117239
2931.000000000000 -43.312118530273 -0.701750040054 0.001844482380 -0.000004270864 -0.000001033157 -0.009312323882 0.999956639362
2931.000000000000 -43.030883789062 -0.707118868828 0.001845436054 -0.000005056992 0.000000345420 -0.009369483638 0.999956105412
2931.000000000000 -42.749790191650 -0.715904355049 0.001846389729 -0.000206897481 0.000003879875 -0.010973144105 0.999939771830
2931.000000000000 -42.469631195068 -0.730533361435 0.001849937369 -0.000445928440 0.000013506896 -0.014781026951 0.999890655126
2932.000000000000 -42.189281463623 -0.747020483017 0.001847724896 -0.000460318130 0.000011960195 -0.018467847996 0.999829348716
2932.000000000000 -41.908897399902 -0.764212608337 0.001846656785 -0.000389217816 0.000010523487 -0.021518240706 0.999768380034
2932.000000000000 -41.628086090088 -0.782441318035 0.001843490521 -0.000334189287 0.000005594958 -0.024227917071 0.999706405061
2932.000000000000 -41.347293853760 -0.801636040211 0.001843338017 -0.000289458902 0.000004862703 -0.026677343440 0.999644054420
2932.000000000000 -41.066184997559 -0.821782112122 0.001841621357 -0.000255981291 0.000001921408 -0.028924892082 0.999581554996
2932.000000000000 -40.785232543945 -0.842659235001 0.001842727652 -0.000222383684 0.000003126999 -0.030940194375 0.999521212835
2932.000000000000 -40.504135131836 -0.864279985428 0.001842269907 -0.000197114536 0.000001991759 -0.032778082033 0.999462634859
2932.000000000000 -40.223354339600 -0.886485397816 0.001844444196 -0.000172247439 0.000004681119 -0.034427460315 0.999407184427
2932.000000000000 -39.942546844482 -0.909300029278 0.001844482380 -0.000154140257 0.000004349722 -0.035934836918 0.999354123280
2932.000000000000 -39.662124633789 -0.932590544224 0.001846618601 -0.000135912869 0.000007219056 -0.037290566061 0.999304455688
2932.000000000000 -39.381675720215 -0.956390142441 0.001846275292 -0.000122884661 0.000006349155 -0.038532994014 0.999257320830
2932.000000000000 -39.101570129395 -0.980580568314 0.001847839332 -0.000109223304 0.000008032632 -0.039651132170 0.999213578632
2932.000000000000 -38.821357727051 -1.005201578140 0.001846542349 -0.000099442194 0.000005957308 -0.040677185405 0.999172335818
2932.000000000000 -38.541381835938 -1.030155539513 0.001847343403 -0.000089017133 0.000006629841 -0.041604045548 0.999134172885
2932.000000000000 -38.261203765869 -1.055481672287 0.001845512306 -0.000081662556 0.000004007192 -0.042456880374 0.999098296778
2932.000000000000 -37.981796264648 -1.084318995476 0.001848258893 -0.000267177285 0.000016495017 -0.044721468209 0.998999458771
2932.000000000000 -37.704185485840 -1.121611833572 0.001852836576 -0.000632217358 0.000042730273 -0.050249543816 0.998736492685
2932.000000000000 -37.427371978760 -1.162695765495 0.001853294321 -0.000705295818 0.000051405790 -0.056122044497 0.998423665603
2932.000000000000 -37.150093078613 -1.205348849297 0.001848182641 -0.000623330806 0.000042732340 -0.061159155099 0.998127831182
2932.000000000000 -36.872657775879 -1.249438166618 0.001845474239 -0.000528810619 0.000035021270 -0.065520599869 0.997851076126
2933.000000000000 -36.594799041748 -1.295305609703 0.001841468737 -0.000466643226 0.000026905546 -0.069524792477 0.997580114453
2933.000000000000 -36.316978454590 -1.342575907707 0.001840858371 -0.000407378668 0.000023362611 -0.073143096603 0.997321372937
2933.000000000000 -36.038951873779 -1.391227245331 0.001839485136 -0.000361515981 0.000019170348 -0.076449477683 0.997073390629
2933.000000000000 -35.761260986328 -1.440929889679 0.001841545105 -0.000315558955 0.000019579250 -0.079416664964 0.996841458490
2933.000000000000 -35.483665466309 -1.491722941399 0.001842269907 -0.000281713447 0.000018669813 -0.082128468317 0.996621711072
2933.000000000000 -35.206645965576 -1.543336510658 0.001845474239 -0.000247557643 0.000021309385 -0.084566276689 0.996417825567
2933.000000000000 -34.929859161377 -1.595830917358 0.001846313477 -0.000222986867 0.000021043644 -0.086798371880 0.996225874224
2933.000000000000 -34.653675079346 -1.648981451988 0.001849288936 -0.000197362779 0.000023521002 -0.088807053978 0.996048827949
2933.000000000000 -34.377651214600 -1.702872633934 0.001848945627 -0.000179332622 0.000021710216 -0.090649507069 0.995882841622
2933.000000000000 -34.102081298828 -1.757321476936 0.001850051805 -0.000160032687 0.000022079386 -0.092312066873 0.995730112135
2933.000000000000 -33.826477050781 -1.812426686287 0.001848373329 -0.000146728082 0.000018380384 -0.093842430052 0.995587051169
2933.000000000000 -33.551132202148 -1.868025183678 0.001848258893 -0.000132121572 0.000017189666 -0.095227410098 0.995455535227
2933.000000000000 -33.276630401611 -1.927480101585 0.001848678570 -0.000323108194 0.000036926819 -0.098055298289 0.995180914565
2933.000000000000 -33.006259918213 -1.996900081635 0.001859817421 -0.000794682509 0.000105304260 -0.104928023956 0.994479495605
2933.000000000000 -32.740280151367 -2.076754808426 0.001867332379 -0.001185468350 0.000169444478 -0.115035870727 0.993360616493
2933.000000000000 -32.475505828857 -2.161515712738 0.001862907317 -0.001187642421 0.000175708813 -0.124808573179 0.992180114038
2933.000000000000 -32.210063934326 -2.249430656433 0.001851654029 -0.001044940797 0.000150494307 -0.133324218889 0.991071913691
2933.000000000000 -31.944295883179 -2.340251207352 0.001843757578 -0.000899352535 0.000126027508 -0.140855041640 0.990029813959
2933.000000000000 -31.678190231323 -2.434297800064 0.001836814801 -0.000799371808 0.000106985529 -0.147801849796 0.989016664549
2933.000000000000 -31.412305831909 -2.530817031860 0.001835212694 -0.000700366947 0.000094322490 -0.154088263960 0.988056834144
2934.000000000000 -31.146701812744 -2.629729509354 0.001835021889 -0.000623642494 0.000085590071 -0.159849073047 0.987141265266
2934.000000000000 -30.882028579712 -2.730382442474 0.001839561388 -0.000546434998 0.000082792807 -0.165035141594 0.986287532413
2934.000000000000 -30.618253707886 -2.832795381546 0.001843299833 -0.000489428767 0.000081420562 -0.169788529715 0.985480395040
2934.000000000000 -30.355838775635 -2.936452627182 0.001849708497 -0.000431288540 0.000083018118 -0.174071298473 0.984732953722
2934.000000000000 -30.094486236572 -3.041472196579 0.001853065449 -0.000389694048 0.000082425326 -0.178003392100 0.984029793119
2934.000000000000 -29.834428787231 -3.147474050522 0.001857147203 -0.000346377042 0.000082132292 -0.181553442016 0.983381015156
2934.000000000000 -29.575143814087 -3.254671812057 0.001857452327 -0.000316264992 0.000077672554 -0.184822870196 0.982771794770
2934.000000000000 -29.316715240479 -3.362789630890 0.001857757568 -0.000284232807 0.000073335745 -0.187785671385 0.982209985419
2934.000000000000 -29.060346603394 -3.475081205368 0.001858177129 -0.000462370799 0.000109748532 -0.192076005158 0.981379937848
2934.000000000000 -28.810174942017 -3.596541166306 0.001868133550 -0.000889430073 0.000215333266 -0.200080965847 0.979778939175
2934.000000000000 -28.564081192017 -3.725310802460 0.001866989071 -0.001101912258 0.000268455423 -0.209703191500 0.977764432364
2934.000000000000 -28.318649291992 -3.857362985611 0.001857986441 -0.001017972321 0.000247369085 -0.218287676786 0.975883903292
2934.000000000000 -28.073041915894 -3.992614984512 0.001846656785 -0.000895598160 0.000209863837 -0.225876149560 0.974155592768
2934.000000000000 -27.827745437622 -4.130802631378 0.001839828445 -0.000786896538 0.000180099654 -0.232738310312 0.972539062080
2934.000000000000 -27.582815170288 -4.272075176239 0.001834411523 -0.000712627435 0.000158993116 -0.239134448136 0.970986190735
2934.000000000000 -27.338722229004 -4.415584087372 0.001834678580 -0.000633351103 0.000143793749 -0.244964060520 0.969531942353
2934.000000000000 -27.097972869873 -4.564017295837 0.001841621357 -0.000774071298 0.000195735271 -0.251945647140 0.967741056992
2934.000000000000 -26.866012573242 -4.721076488495 0.001862640376 -0.001151736994 0.000338826752 -0.262353706524 0.964971031364
2934.000000000000 -26.640619277954 -4.885065078735 0.001871528570 -0.001326722844 0.000417814463 -0.274148521006 0.961686359302
2934.000000000000 -26.417663574219 -5.052369117737 0.001870040898 -0.001212332329 0.000398638581 -0.284681779329 0.958621226479
2935.000000000000 -26.196245193481 -5.223061561584 0.001863670303 -0.001069323687 0.000357988504 -0.294059173622 0.955786550857
2935.000000000000 -25.976552963257 -5.396818637848 0.001858940115 -0.000941024088 0.000320509833 -0.302530474133 0.953139194435
2935.000000000000 -25.758415222168 -5.573976516724 0.001852569520 -0.000854155380 0.000290957817 -0.310412866474 0.950601408630
2935.000000000000 -25.544763565063 -5.756029605865 0.001856460585 -0.000958439781 0.000339893051 -0.319168056265 0.947697587697
2935.000000000000 -25.342048645020 -5.946884632111 0.001873817411 -0.001359890448 0.000521721711 -0.331571787668 0.943428867550
2935.000000000000 -25.148271560669 -6.144661903381 0.001881523058 -0.001542434135 0.000624299280 -0.345473880408 0.938426890654
2935.000000000000 -24.957607269287 -6.347417354584 0.001871261513 -0.001447589726 0.000597070096 -0.358201302497 0.933643066102
2935.000000000000 -24.768686294556 -6.553934574127 0.001860504155 -0.001255127008 0.000523713018 -0.369290935638 0.929312840349
2935.000000000000 -24.581832885742 -6.764577865601 0.001850662171 -0.001112254681 0.000465256835 -0.379367464876 0.925245304240
2935.000000000000 -24.397151947021 -6.978343486786 0.001846237108 -0.000975956748 0.000413497655 -0.388456609860 0.921466406758
2935.000000000000 -24.214706420898 -7.195081710815 0.001843948266 -0.000872045346 0.000374736592 -0.396772347895 0.917916555606
2935.000000000000 -24.034608840942 -7.413696289062 0.001846465981 -0.000763848894 0.000339673125 -0.404237014064 0.914653889522
2935.000000000000 -23.856901168823 -7.634131908417 0.001849212567 -0.000682691249 0.000314302157 -0.411050818066 0.911612121526
2935.000000000000 -23.681652069092 -7.855538368225 0.001854896545 -0.000599197429 0.000290583232 -0.417165567302 0.908830262470
2935.000000000000 -23.508710861206 -8.078093528748 0.001858138945 -0.000538297156 0.000272287961 -0.422753152665 0.906244673368
2935.000000000000 -23.337997436523 -8.301226615906 0.001862525940 -0.000475416585 0.000253022018 -0.427774206567 0.903885467388
2935.000000000000 -23.169189453125 -8.525343894958 0.001862792880 -0.000431754219 0.000235389762 -0.432373816136 0.901694316994
2935.000000000000 -23.002128601074 -8.750083923340 0.001862983685 -0.000385256669 0.000216269861 -0.436519378400 0.899694746614
2935.000000000000 -22.836429595947 -8.975968360901 0.001859436044 -0.000354896686 0.000197489073 -0.440331520204 0.897835167144
2935.000000000000 -22.668104171753 -9.199582099915 0.001857566764 -0.000064973440 0.000052523649 -0.441762331441 0.897132117104
2936.000000000000 -22.496782302856 -9.421218872070 0.001853065449 0.000117903718 -0.000045248290 -0.441422495404 0.897299372898
2936.000000000000 -22.325944900513 -9.643556594849 0.001849098131 0.000090069579 -0.000038073555 -0.441491197237 0.897265575624
2936.000000000000 -22.155179977417 -9.866916656494 0.001843147213 0.000041613688 -0.000023951237 -0.441848880667 0.897089496287
2936.000000000000 -21.984254837036 -10.090595245361 0.001840667683 0.000023757870 -0.000019487140 -0.442165945786 0.896933261421
2936.000000000000 -21.812938690186 -10.314764976501 0.001837348915 0.000015021263 -0.000020569788 -0.442409037234 0.896813382552
2936.000000000000 -21.641647338867 -10.539020538330 0.001837997348 0.000008505473 -0.000016163074 -0.442623051576 0.896707775075
2936.000000000000 -21.470272064209 -10.763528823853 0.001837997348 0.000002461169 -0.000013247991 -0.442819251474 0.896610902422
2936.000000000000 -21.299167633057 -10.987841606140 0.001841316232 -0.000000858954 -0.000006224010 -0.443005342697 0.896518971524
2936.000000000000 -21.128133773804 -11.212153434753 0.001842803904 -0.000002168022 -0.000003183598 -0.443167392091 0.896438878325
2936.000000000000 -20.957439422607 -11.436087608337 0.001846351544 -0.000000957603 0.000002268968 -0.443305376312 0.896370650639
2936.000000000000 -20.786846160889 -11.659975051880 0.001847114530 -0.000001808020 0.000004152990 -0.443431146455 0.896308439285
2936.000000000000 -20.616588592529 -11.883554458618 0.001849365188 -0.000002766627 0.000008219212 -0.443557295702 0.896246018320
2936.000000000000 -20.446369171143 -12.107214927673 0.001848525950 -0.000005150843 0.000008203376 -0.443682630687 0.896183978395
2936.000000000000 -20.276323318481 -12.330695152283 0.001849098131 -0.000003824931 0.000008479023 -0.443788566449 0.896131523942
2936.000000000000 -20.106140136719 -12.554382324219 0.001847038278 -0.000004191872 0.000004737076 -0.443873077951 0.896089666624
2936.000000000000 -19.936027526855 -12.778027534485 0.001846656785 -0.000004058681 0.000004405567 -0.443949531625 0.896051791658
2936.000000000000 -19.765716552734 -13.001980781555 0.001844024635 -0.000005327821 0.000000644533 -0.444018674243 0.896017531578
2936.000000000000 -19.592159271240 -13.222844123840 0.001846961910 0.000229043274 -0.000109949138 -0.442251057031 0.896891263200
2936.000000000000 -19.414247512817 -13.439930915833 0.001847762964 0.000429779816 -0.000205660704 -0.438633362288 0.898665981597
2936.000000000000 -19.235528945923 -13.656385421753 0.001847190782 0.000401345995 -0.000190922034 -0.435500586769 0.900188336624
2937.000000000000 -19.056024551392 -13.872875213623 0.001843872014 0.000330167403 -0.000160823062 -0.432940784883 0.901422288337
2937.000000000000 -18.875736236572 -14.088841438293 0.001843261649 0.000280330516 -0.000136939588 -0.430665087774 0.902511764375
2937.000000000000 -18.694353103638 -14.304457664490 0.001841125428 0.000248511150 -0.000124530411 -0.428536829551 0.903524271092
2937.000000000000 -18.512367248535 -14.519507408142 0.001841964666 0.000217859056 -0.000108032709 -0.426607807157 0.904436686418
2937.000000000000 -18.329618453979 -14.734244346619 0.001841468737 0.000192768739 -0.000096852981 -0.424841781322 0.905267592650
2937.000000000000 -18.146518707275 -14.948370933533 0.001843414269 0.000170189007 -0.000082399346 -0.423248896750 0.906013430169
2937.000000000000 -17.960512161255 -15.159603118896 0.001846580417 0.000339346983 -0.000154849551 -0.420364246298 0.907355366601
2937.000000000000 -17.769746780396 -15.364956855774 0.001853599562 0.000595564532 -0.000258041309 -0.415181049192 0.909738575146
2937.000000000000 -17.576498031616 -15.568052291870 0.001852722140 0.000630968097 -0.000271276951 -0.409915608215 0.912123194766
2937.000000000000 -17.382156372070 -15.770208358765 0.001851196284 0.000550467156 -0.000234206384 -0.405396573654 0.914140722319
