2908.000000000000 -63.374774932861 129.660217285156 25.682243347168 0.039733902673 0.016366694458 0.720929822188 0.691674446377
2908.000000000000 -63.386936187744 129.972640991211 25.677717208862 0.039912992401 0.016134000083 0.720745588044 0.691861578926
2909.000000000000 -63.425407409668 130.902770996094 25.717723846436 0.039210175864 0.016616864897 0.721034119762 0.691589647153
2909.000000000000 -63.431812286377 131.176055908203 25.761856079102 0.038861451431 0.016850203945 0.720814147218 0.691832944712
2909.000000000000 -63.453094482422 131.736389160156 25.796283721924 0.038222201333 0.017511979784 0.720880966838 0.691782498724
2909.000000000000 -63.475368499756 132.312622070312 25.811017990112 0.037858199810 0.017885795640 0.720778613350 0.691899592107
2909.000000000000 -63.488864898682 132.619873046875 25.804395675659 0.038027641986 0.017946464364 0.720778254018 0.691889103395
2909.000000000000 -63.522678375244 133.463104248047 25.848558425903 0.037907527848 0.019138594182 0.721017684057 0.691614222542
2909.000000000000 -63.533767700195 133.743453979492 25.855834960938 0.038127057904 0.019217504028 0.720970537485 0.691649115573
2909.000000000000 -63.588157653809 135.122055053711 25.929716110229 0.037049020321 0.020665999408 0.721220861394 0.691404914397
2909.000000000000 -63.598342895508 135.396865844727 25.954359054565 0.036534711157 0.021130402109 0.721285104828 0.691351226614
2910.000000000000 -63.644348144531 136.510314941406 25.965774536133 0.036092652174 0.021773591142 0.721143322966 0.691502378108
2910.000000000000 -63.658508300781 136.828994750977 25.962583541870 0.036067848522 0.021760286717 0.721169476748 0.691476815252
2910.000000000000 -63.666442871094 137.111175537109 25.986377716064 0.036080888844 0.022171521568 0.720899021022 0.691745035819
2910.000000000000 -63.678325653076 137.413375854492 25.998975753784 0.035872071581 0.021785270010 0.720923823681 0.691742319755
2910.000000000000 -63.688819885254 137.745635986328 26.013788223267 0.035878963529 0.022281258090 0.720686800105 0.691973107620
2910.000000000000 -63.700359344482 138.018310546875 26.021020889282 0.036279351179 0.022682566669 0.720775905887 0.691846372643
2910.000000000000 -63.713226318359 138.323196411133 26.028175354004 0.036322566051 0.023061608277 0.720857039340 0.691747036317
2910.000000000000 -63.723979949951 138.595977783203 26.019157409668 0.036082074458 0.022879551417 0.720677810941 0.691952384812
2910.000000000000 -63.739707946777 138.920776367188 26.006530761719 0.036051726044 0.022432764089 0.720801286375 0.691839974058
2910.000000000000 -63.747909545898 139.188278198242 26.031473159790 0.035673954704 0.022981696960 0.720700088483 0.691946958243
2910.000000000000 -63.758460998535 139.480300903320 26.041622161865 0.034843474295 0.023085335068 0.720648341848 0.692039714898
2910.000000000000 -63.774345397949 139.779693603516 26.044219970703 0.034540984698 0.022794586305 0.721088984389 0.691605381561
2910.000000000000 -63.785724639893 140.066162109375 26.052057266235 0.034378200550 0.022977656345 0.721077502283 0.691619405698
2910.000000000000 -63.798950195312 140.369323730469 26.054265975952 0.034049020303 0.022629293787 0.721149207076 0.691572411547
2910.000000000000 -63.811466217041 140.683135986328 26.042306900024 0.034122165332 0.022818919898 0.720948292039 0.691772025261
2910.000000000000 -63.835796356201 141.278457641602 26.064653396606 0.033840851023 0.023126001103 0.721089553644 0.691628397697
2910.000000000000 -63.846893310547 141.582641601562 26.075456619263 0.033926807767 0.023013124996 0.720979920721 0.691742236465
2911.000000000000 -63.858875274658 141.829513549805 26.055807113647 0.033846443792 0.022704098664 0.720982249466 0.691753957778
2911.000000000000 -63.879066467285 142.413375854492 26.137231826782 0.033463467180 0.023743327152 0.721254067260 0.691454279936
2911.000000000000 -63.891796112061 142.695785522461 26.127098083496 0.033637866798 0.023574208569 0.721223322143 0.691483673130
2911.000000000000 -63.902381896973 142.936172485352 26.114679336548 0.033760290770 0.023783900147 0.721119105734 0.691579210363
2911.000000000000 -63.915393829346 143.257537841797 26.120534896851 0.033479531671 0.023804290862 0.721113027156 0.691598495344
2911.000000000000 -63.926742553711 143.546691894531 26.122884750366 0.033610766615 0.023685230221 0.721020116526 0.691693080638
2911.000000000000 -63.939048767090 143.836944580078 26.134544372559 0.033482698175 0.023827026000 0.721145995980 0.691563181667
2911.000000000000 -63.951835632324 144.135894775391 26.133300781250 0.033141638410 0.023760691729 0.721156511686 0.691570926938
2911.000000000000 -63.965156555176 144.438903808594 26.143928527832 0.033107394809 0.023989171169 0.721306381961 0.691408362271
2911.000000000000 -63.973793029785 144.709091186523 26.174173355103 0.032534414598 0.024261439191 0.721264281418 0.691469978224
2911.000000000000 -63.985458374023 144.984909057617 26.178901672363 0.032625890652 0.024214268880 0.721292594786 0.691437786897
2911.000000000000 -63.996307373047 145.277053833008 26.192197799683 0.032631656187 0.024282059638 0.721222571859 0.691508176695
2911.000000000000 -64.008956909180 145.578735351562 26.193962097168 0.032689479943 0.024627048428 0.721214048997 0.691502134426
2911.000000000000 -64.021614074707 145.861465454102 26.201324462891 0.032775610260 0.024618508044 0.721357666859 0.691348540822
2911.000000000000 -64.037025451660 146.176452636719 26.174810409546 0.033238723512 0.024443418065 0.721305041999 0.691387549035
2911.000000000000 -64.045913696289 146.422302246094 26.192508697510 0.033100770683 0.024826511819 0.721280458772 0.691406163615
2911.000000000000 -64.057182312012 146.697677612305 26.199998855591 0.033116429159 0.024639515958 0.721288287491 0.691403935989
2911.000000000000 -64.071723937988 147.011978149414 26.190732955933 0.033300592882 0.024413007847 0.721312643582 0.691377715703
2912.000000000000 -64.095603942871 147.567474365234 26.202733993530 0.033437299093 0.024174661819 0.721427055866 0.691260107210
2912.000000000000 -64.108482360840 147.860290527344 26.204126358032 0.033581180494 0.024395031414 0.721458278728 0.691212802843
2912.000000000000 -64.120468139648 148.151596069336 26.205121994019 0.033765272981 0.024322489977 0.721380801328 0.691287250206
2912.000000000000 -64.132865905762 148.443618774414 26.214736938477 0.033822802302 0.024452568824 0.721445138974 0.691212703422
2912.000000000000 -64.146194458008 148.749465942383 26.226493835449 0.033809077747 0.024714023453 0.721560957564 0.691083169977
2912.000000000000 -64.170257568359 149.301895141602 26.188398361206 0.033956026283 0.024043083317 0.721142227136 0.691536554829
2912.000000000000 -64.182777404785 149.588821411133 26.193748474121 0.034135801180 0.024203197978 0.721225213952 0.691435566806
2912.000000000000 -64.193557739258 149.866455078125 26.203424453735 0.034054112809 0.024125868114 0.721188424352 0.691480669628
2912.000000000000 -64.206527709961 150.165588378906 26.213687896729 0.034156061859 0.024409899225 0.721305127911 0.691343932285
2912.000000000000 -64.219177246094 150.441970825195 26.217672348022 0.034500388714 0.024480696615 0.721424805296 0.691199442256
2912.000000000000 -64.230880737305 150.722534179688 26.224567413330 0.034515358825 0.024356962660 0.721433466361 0.691194026297
2912.000000000000 -64.242637634277 151.014221191406 26.242446899414 0.034722534982 0.024789449717 0.721492801216 0.691106335191
2912.000000000000 -64.265914916992 151.566482543945 26.248676300049 0.034907895299 0.024489375820 0.721441128015 0.691161636758
2912.000000000000 -64.276878356934 151.845703125000 26.257961273193 0.035120984131 0.024427272541 0.721378963898 0.691217921697
2912.000000000000 -64.289451599121 152.144500732422 26.261674880981 0.035464408778 0.024616413849 0.721354964017 0.691218723536
2912.000000000000 -64.303283691406 152.446395874023 26.261987686157 0.035658437793 0.024424577351 0.721431421426 0.691135746445
2912.000000000000 -64.317497253418 152.739852905273 26.249706268311 0.035747983046 0.023318221546 0.721460754676 0.691138713801
2912.000000000000 -64.330009460449 153.028808593750 26.253509521484 0.035920928509 0.023544924363 0.721477714212 0.691104356322
2913.000000000000 -64.354713439941 153.592117309570 26.264951705933 0.035876588350 0.023472340039 0.721598140529 0.690983388546
2913.000000000000 -64.367462158203 153.874557495117 26.266920089722 0.036053817011 0.023561404323 0.721644604944 0.690922605405
2913.000000000000 -64.380058288574 154.158782958984 26.269645690918 0.036258661949 0.023764739915 0.721664365962 0.690884280810
2913.000000000000 -64.407180786133 154.741882324219 26.277788162231 0.037005875167 0.023474999288 0.721855232592 0.690655133037
2913.000000000000 -64.419738769531 155.025726318359 26.284555435181 0.037222851379 0.023269331523 0.721884984408 0.690619335693
2913.000000000000 -64.429710388184 155.278945922852 26.302858352661 0.037314457658 0.023201422110 0.721892567901 0.690608750068
2913.000000000000 -64.442932128906 155.575683593750 26.306880950928 0.037559939945 0.023503061370 0.721900633873 0.690576810957
2913.000000000000 -64.453636169434 155.836837768555 26.322666168213 0.037787385015 0.023339405850 0.721919865515 0.690549848630
2913.000000000000 -64.464614868164 156.105194091797 26.332344055176 0.037930091766 0.023344552666 0.721866006577 0.690598152726
2913.000000000000 -64.483963012695 156.614105224609 26.375188827515 0.037984772251 0.022881464104 0.721860820392 0.690616066755
2913.000000000000 -64.497596740723 156.903915405273 26.376998901367 0.037990504224 0.022689138868 0.721937985313 0.690541432449
2913.000000000000 -64.523056030273 157.493728637695 26.375677108765 0.038139069993 0.022347095029 0.721755419260 0.690735212258
2913.000000000000 -64.535476684570 157.776504516602 26.385925292969 0.037542540553 0.021315751516 0.721839661130 0.690712458268
2913.000000000000 -64.551437377930 158.098556518555 26.401666641235 0.037282503557 0.020720219516 0.722136078999 0.690434769431
2913.000000000000 -64.562095642090 158.374679565430 26.431957244873 0.037447351079 0.022318299905 0.722200958006 0.690308167156
2914.000000000000 -64.585380554199 158.948547363281 26.448759078979 0.038914363434 0.023815545737 0.721936635450 0.690453464395
2914.000000000000 -64.598785400391 159.248016357422 26.480850219727 0.038227407240 0.024123919608 0.722265348821 0.690137281800
2914.000000000000 -64.613380432129 159.518875122070 26.455722808838 0.038231347874 0.023828086163 0.722236020031 0.690178033350
2914.000000000000 -64.626197814941 159.798461914062 26.462356567383 0.038032505807 0.024030816354 0.722299456395 0.690115601663
2914.000000000000 -64.641662597656 160.075225830078 26.442722320557 0.037849271706 0.023675438551 0.722411467258 0.690020708540
2914.000000000000 -64.652336120605 160.372634887695 26.457614898682 0.037988416843 0.023733336225 0.722178442220 0.690254957628
2914.000000000000 -64.659858703613 160.629531860352 26.484699249268 0.037802682160 0.024148899881 0.721924649201 0.690516175576
2914.000000000000 -64.671211242676 160.902404785156 26.493112564087 0.036634697549 0.023568095460 0.721931868881 0.690591645262
2914.000000000000 -64.686126708984 161.211059570312 26.496206283569 0.036317186281 0.023119832801 0.722076417120 0.690472434751
2914.000000000000 -64.698684692383 161.495880126953 26.507801055908 0.037221161584 0.023463366608 0.722105317016 0.690382478554
2914.000000000000 -64.722518920898 162.067001342773 26.521465301514 0.037785131139 0.024051793185 0.721943596400 0.690500715950
2914.000000000000 -64.731475830078 162.318313598633 26.546794891357 0.037867010315 0.023858246932 0.721903239764 0.690545136831
2914.000000000000 -64.743370056152 162.618011474609 26.559911727905 0.037780954069 0.023017954483 0.721834386988 0.690650339205
2914.000000000000 -64.757186889648 162.901596069336 26.546504974365 0.038441536513 0.022991919338 0.721788839628 0.690662356658
2914.000000000000 -64.783599853516 163.476318359375 26.541322708130 0.039674736197 0.022549227113 0.721733715123 0.690664818938
2914.000000000000 -64.794486999512 163.745971679688 26.550231933594 0.040264686777 0.022602266747 0.721643107492 0.690723619073
2914.000000000000 -64.806312561035 164.014678955078 26.561208724976 0.040776299014 0.022496544989 0.721709548022 0.690627632806
2914.000000000000 -64.816650390625 164.278579711914 26.587160110474 0.041148634917 0.022414687255 0.721782927895 0.690531517484
2915.000000000000 -64.821708679199 164.559310913086 26.649969100952 0.041120134543 0.022460435214 0.721529049804 0.690796998889
2915.000000000000 -64.831855773926 164.842514038086 26.669443130493 0.041656668700 0.021982492497 0.721402110167 0.690912792922
2915.000000000000 -64.841232299805 165.157196044922 26.730207443237 0.041984825461 0.022095391655 0.721477158935 0.690810956220
2915.000000000000 -64.856948852539 165.457519531250 26.705709457397 0.043003960811 0.021785922403 0.721431967234 0.690805290652
2915.000000000000 -64.868072509766 165.765045166016 26.731042861938 0.043054458551 0.021860567073 0.721391073731 0.690842491417
2915.000000000000 -64.875831604004 166.036331176758 26.763248443604 0.042907798992 0.021720649696 0.721214038970 0.691040841163
2915.000000000000 -64.888488769531 166.344650268555 26.778854370117 0.042760001343 0.021420791951 0.721266946268 0.691004141940
2915.000000000000 -64.904228210449 166.666488647461 26.772346496582 0.043031845723 0.021061266892 0.721343921924 0.690917961552
2915.000000000000 -64.917732238770 166.945434570312 26.770488739014 0.043383130931 0.021146610067 0.721439876976 0.690793188112
2915.000000000000 -64.931159973145 167.214279174805 26.779064178467 0.043278785480 0.020645761464 0.721708483841 0.690534259551
2915.000000000000 -64.939285278320 167.528610229492 26.835996627808 0.042787255639 0.020801262500 0.721611560508 0.690661504628
2915.000000000000 -64.950790405273 167.800338745117 26.855800628662 0.042857368374 0.020672432150 0.721727651688 0.690539711613
2915.000000000000 -64.959144592285 168.022171020508 26.877164840698 0.043443721866 0.021473223224 0.721732918518 0.690473126228
2915.000000000000 -64.970336914062 168.286163330078 26.890150070190 0.043263553924 0.021192935142 0.721774187060 0.690449960023
2915.000000000000 -64.981956481934 168.560958862305 26.893911361694 0.043379430113 0.021153143796 0.721686959014 0.690535084366
2915.000000000000 -64.992820739746 168.864395141602 26.936492919922 0.043851865145 0.021885208921 0.721774803620 0.690390602784
2915.000000000000 -65.005836486816 169.141098022461 26.943248748779 0.043482653837 0.021195030796 0.721895232064 0.690309570706
2915.000000000000 -65.021858215332 169.443130493164 26.941896438599 0.043488644753 0.020667691993 0.722105637322 0.690105088254
2915.000000000000 -65.038558959961 169.767456054688 26.918954849243 0.043351435665 0.020217430128 0.722043209186 0.690192373627
2915.000000000000 -65.051834106445 170.126403808594 26.975570678711 0.043168204083 0.020305801192 0.722204252358 0.690032751737
2916.000000000000 -65.063652038574 170.365982055664 26.961114883423 0.042731783062 0.019647582709 0.722103510851 0.690184386108
2916.000000000000 -65.071083068848 170.550140380859 26.985208511353 0.042050911784 0.020050977250 0.722313890042 0.689994437211
2916.000000000000 -65.077026367188 170.677352905273 26.997652053833 0.041383972134 0.020149915947 0.722620264939 0.689711026762
2916.000000000000 -65.080230712891 170.734008789062 26.995410919189 0.041074735860 0.020126307341 0.722807841099 0.689533626934
2916.000000000000 -65.080818176270 170.742767333984 26.993597030640 0.041162085024 0.020149459826 0.722828296685 0.689506298403
2916.000000000000 -65.080863952637 170.742858886719 26.993106842041 0.041725166877 0.019809939998 0.722847963680 0.689461672706
2916.000000000000 -65.080726623535 170.742431640625 26.994472503662 0.041842751870 0.019812675100 0.722867565315 0.689433916366
2916.000000000000 -65.080711364746 170.743103027344 26.995035171509 0.041851243848 0.019906956593 0.722860336373 0.689438264507
2916.000000000000 -65.080734252930 170.743087768555 26.994771957397 0.041961267488 0.019830940942 0.722844734868 0.689450125162
2916.000000000000 -65.080718994141 170.743331909180 26.995048522949 0.041925137249 0.019731433016 0.722863392203 0.689435616740
2916.000000000000 -65.080711364746 170.743377685547 26.995126724243 0.041933532641 0.019789765457 0.722858923191 0.689438119911
2916.000000000000 -65.080635070801 170.742752075195 26.995697021484 0.041944625875 0.019776493054 0.722841623346 0.689455963961
2916.000000000000 -65.080604553223 170.742889404297 26.996166229248 0.041945923484 0.019800155482 0.722882214475 0.689412646636
2916.000000000000 -65.080680847168 170.743148803711 26.995462417603 0.042003957674 0.019682232958 0.722815763214 0.689482160535
2916.000000000000 -65.080497741699 170.742706298828 26.997320175171 0.041777398252 0.019757503528 0.722657037376 0.689660131065
2916.000000000000 -65.080451965332 170.742645263672 26.997852325439 0.041729177091 0.019809388088 0.722647346028 0.689671716980
2916.000000000000 -65.080497741699 170.742416381836 26.997203826904 0.041801567388 0.019691715762 0.722674216098 0.689642547036
2917.000000000000 -65.080474853516 170.742614746094 26.997594833374 0.041750794424 0.019748996779 0.722643946403 0.689675702789
2917.000000000000 -65.080520629883 170.742446899414 26.996938705444 0.041791760793 0.019642625766 0.722669042906 0.689649962233
2917.000000000000 -65.080482482910 170.742568969727 26.997413635254 0.041762476123 0.019697364921 0.722629689823 0.689691409827
2917.000000000000 -65.080497741699 170.742813110352 26.997400283813 0.041806110874 0.019751525806 0.722659750533 0.689655719386
2917.000000000000 -65.080558776855 170.743331909180 26.997013092041 0.041759036249 0.019690229842 0.722628839045 0.689692713258
2917.000000000000 -65.080490112305 170.742584228516 26.997436523438 0.041721711739 0.019671210520 0.722634803769 0.689689265270
2917.000000000000 -65.080558776855 170.742645263672 26.996686935425 0.041883804220 0.019658178463 0.722693483400 0.689618323433
2917.000000000000 -65.080612182617 170.743133544922 26.996322631836 0.041854653531 0.019655619338 0.722623507299 0.689693490838
2917.000000000000 -65.080535888672 170.742324829102 26.996786117554 0.041823277751 0.019613163256 0.722627305972 0.689692622789
2917.000000000000 -65.080513000488 170.742553710938 26.997205734253 0.041766026789 0.019641223274 0.722646640476 0.689675035334
2917.000000000000 -65.080513000488 170.742279052734 26.997013092041 0.041814040451 0.019649500358 0.722656638362 0.689661414165
2917.000000000000 -65.080451965332 170.742675781250 26.997959136963 0.041760046126 0.019754428212 0.722699880058 0.689616374862
2917.000000000000 -65.080535888672 170.742675781250 26.996980667114 0.041776582363 0.019635252387 0.722656669763 0.689664057116
2917.000000000000 -65.080543518066 170.742630004883 26.996837615967 0.041869024332 0.019637091891 0.722694554262 0.689618699474
2917.000000000000 -65.080551147461 170.743225097656 26.997076034546 0.041771343659 0.019696603432 0.722631089436 0.689689428107
2917.000000000000 -65.080528259277 170.742446899414 26.996942520142 0.041807039277 0.019629030330 0.722641716509 0.689678056919
2917.000000000000 -65.080482482910 170.742385864258 26.997474670410 0.041820644565 0.019733637025 0.722646107210 0.689669646274
2917.000000000000 -65.080482482910 170.742370605469 26.997470855713 0.041782975561 0.019674481016 0.722661068620 0.689657942499
2917.000000000000 -65.080543518066 170.742782592773 26.997041702271 0.041804505699 0.019670128029 0.722674317056 0.689642879202
2918.000000000000 -65.080497741699 170.742736816406 26.997583389282 0.041696659521 0.019620809307 0.722636578501 0.689690356493
2918.000000000000 -65.080543518066 170.742645263672 26.997020721436 0.041797058951 0.019656466514 0.722634819095 0.689685107436
2918.000000000000 -65.080604553223 170.742904663086 26.996421813965 0.041828793140 0.019597150542 0.722581530299 0.689740701878
2918.000000000000 -65.080528259277 170.742950439453 26.997293472290 0.041803602343 0.019713744036 0.722634608097 0.689683297107
2918.000000000000 -65.080513000488 170.743041992188 26.997522354126 0.041771687857 0.019748670922 0.722654402101 0.689663491288
2918.000000000000 -65.080596923828 170.742935180664 26.996473312378 0.041815501209 0.019570578713 0.722631590867 0.689689814473
2918.000000000000 -65.080604553223 170.742675781250 26.996274948120 0.041821579117 0.019550257312 0.722566022190 0.689758716172
2918.000000000000 -65.080528259277 170.742660522461 26.997177124023 0.041774614496 0.019620488195 0.722646769648 0.689674970073
2918.000000000000 -65.080657958984 170.743392944336 26.996053695679 0.041774151319 0.019560326403 0.722589468405 0.689736742579
2918.000000000000 -65.080505371094 170.742675781250 26.997430801392 0.041778449175 0.019709101718 0.722634717385 0.689684839419
2918.000000000000 -65.080513000488 170.742385864258 26.997201919556 0.041733242384 0.019593686351 0.722609264897 0.689717532198
2918.000000000000 -65.080566406250 170.742416381836 26.996561050415 0.041865622223 0.019602740065 0.722662552676 0.689653418187
2918.000000000000 -65.080520629883 170.743026733398 26.997442245483 0.041794369360 0.019778197564 0.722655884340 0.689659717846
2918.000000000000 -65.080474853516 170.742767333984 26.997795104980 0.041766766202 0.019796326506 0.722712135761 0.689601922504
2918.000000000000 -65.080604553223 170.743041992188 26.996442794800 0.041807073791 0.019548876600 0.722626350713 0.689696431236
2918.000000000000 -65.080604553223 170.742584228516 26.996212005615 0.041918047242 0.019585728042 0.722658397056 0.689655071566
2918.000000000000 -65.080513000488 170.742782592773 26.997402191162 0.041761583047 0.019711246310 0.722640646459 0.689679587226
2918.000000000000 -65.080558776855 170.743255615234 26.997138977051 0.041639741125 0.019563808701 0.722562983664 0.689772516114
2919.000000000000 -65.080619812012 170.742813110352 26.996213912964 0.041854723107 0.019572001213 0.722629159271 0.689689942723
2919.000000000000 -65.080612182617 170.742782592773 26.996265411377 0.041899909168 0.019603157649 0.722655505836 0.689658708135
2919.000000000000 -65.080581665039 170.742568969727 26.996511459351 0.041831149087 0.019581827917 0.722646276208 0.689673159159
2919.000000000000 -65.080581665039 170.742858886719 26.996654510498 0.041748687249 0.019573609355 0.722530892213 0.689799268430
2919.000000000000 -65.080535888672 170.742416381836 26.996932983398 0.041846496351 0.019644515222 0.722663088122 0.689652829205
2919.000000000000 -65.080398559570 170.742019653320 26.998256683350 0.041783140869 0.019782026867 0.722728873224 0.689583799375
2919.000000000000 -65.080520629883 170.742935180664 26.997369766235 0.041820939029 0.019789737166 0.722699057828 0.689612534091
2919.000000000000 -65.080528259277 170.742004394531 26.996765136719 0.041884235535 0.019609956879 0.722670630139 0.689643618646
2919.000000000000 -65.080482482910 170.742340087891 26.997489929199 0.041745768973 0.019659987017 0.722652722082 0.689669354800
2919.000000000000 -65.080505371094 170.742675781250 26.997392654419 0.041777999840 0.019692760293 0.722638326040 0.689681552356
2919.000000000000 -65.080520629883 170.742309570312 26.997060775757 0.041801226156 0.019644138432 0.722617982338 0.689702846825
2919.000000000000 -65.080589294434 170.742828369141 26.996593475342 0.041766302679 0.019546878076 0.722608899331 0.689717242155
2919.000000000000 -65.080627441406 170.742980957031 26.996191024780 0.041871647928 0.019570912330 0.722586569779 0.689733567158
2919.000000000000 -65.080596923828 170.742950439453 26.996486663818 0.041808878825 0.019603416499 0.722610441216 0.689711442532
2919.000000000000 -65.080497741699 170.742416381836 26.997291564941 0.041749717901 0.019645499247 0.722624642842 0.689698949522
2919.000000000000 -65.080497741699 170.742630004883 26.997383117676 0.041802076807 0.019729591112 0.722641412882 0.689675806446
2920.000000000000 -65.080482482910 170.742568969727 26.997558593750 0.041734532044 0.019628686152 0.722627203819 0.689697664064
2920.000000000000 -65.080535888672 170.742279052734 26.996795654297 0.041803234209 0.019555518622 0.722639870647 0.689682309946
2920.000000000000 -65.080619812012 170.743118286133 26.996273040771 0.041917434479 0.019646692861 0.722692654056 0.689617476518
2920.000000000000 -65.080375671387 170.742065429688 26.998558044434 0.041733049011 0.019794945337 0.722590826857 0.689731114059
2920.000000000000 -65.080657958984 170.743301391602 26.995969772339 0.041847134597 0.019600757007 0.722571151395 0.689750359784
2920.000000000000 -65.080513000488 170.742355346680 26.997114181519 0.041838836049 0.019679408350 0.722636131208 0.689680545294
2920.000000000000 -65.080528259277 170.742980957031 26.997316360474 0.041774577698 0.019732241093 0.722639464118 0.689679438739
2920.000000000000 -65.080513000488 170.742507934570 26.997234344482 0.041765986867 0.019654578878 0.722645084115 0.689676288033
2920.000000000000 -65.080551147461 170.743133544922 26.997177124023 0.041778984044 0.019731141990 0.722656020264 0.689661855480
2920.000000000000 -65.080551147461 170.742401123047 26.996784210205 0.041806954190 0.019588289869 0.722606386049 0.689716237537
2920.000000000000 -65.080474853516 170.742492675781 26.997678756714 0.041801862981 0.019746489591 0.722657797689 0.689658167384
2920.000000000000 -65.080574035645 170.743057250977 26.996856689453 0.041783546128 0.019646941609 0.722651151214 0.689669084857
2920.000000000000 -65.080581665039 170.742584228516 26.996530532837 0.041858630498 0.019605492628 0.722668815982 0.689647201197
2920.000000000000 -65.080543518066 170.743270874023 26.997308731079 0.041765468099 0.019758588379 0.722639151041 0.689679564176
2920.000000000000 -65.080505371094 170.742218017578 26.997182846069 0.041791856965 0.019627656375 0.722609804789 0.689712451547
2920.000000000000 -65.080604553223 170.742904663086 26.996433258057 0.041917732244 0.019713979025 0.722629798467 0.689681402622
2920.000000000000 -65.080375671387 170.742111206055 26.998664855957 0.041692284920 0.019779012083 0.722619936068 0.689703539252
2921.000000000000 -65.080551147461 170.743118286133 26.997173309326 0.041730126549 0.019655410643 0.722631000545 0.689693191515
2921.000000000000 -65.080474853516 170.742904663086 26.997888565063 0.041766570094 0.019814625126 0.722750747201 0.689560941233
2921.000000000000 -65.080543518066 170.742645263672 26.996978759766 0.041804569744 0.019631284734 0.722635309972 0.689684855126
2921.000000000000 -65.080589294434 170.742904663086 26.996559143066 0.041753906196 0.019545109981 0.722533747164 0.689796770218
2921.000000000000 -65.080612182617 170.742675781250 26.996129989624 0.041899019232 0.019575994857 0.722640986636 0.689674747288
2921.000000000000 -65.080505371094 170.742568969727 26.997295379639 0.041795005543 0.019695146532 0.722624823190 0.689694601708
2921.000000000000 -65.080581665039 170.742431640625 26.996353149414 0.041868755444 0.019560375991 0.722644786295 0.689673047066
2921.000000000000 -65.080558776855 170.742233276367 26.996484756470 0.041872749363 0.019566937557 0.722629268297 0.689688877984
2921.000000000000 -65.080474853516 170.742324829102 26.997474670410 0.041866938754 0.019797077460 0.722616540939 0.689695998194
2921.000000000000 -65.080642700195 170.743316650391 26.996122360229 0.041812113497 0.019584572403 0.722605618460 0.689716834548
2921.000000000000 -65.080528259277 170.742416381836 26.996978759766 0.041785893415 0.019595679628 0.722625162020 0.689697632059
2921.000000000000 -65.080535888672 170.742752075195 26.997066497803 0.041766674229 0.019693526229 0.722632292830 0.689688537898
2921.000000000000 -65.080566406250 170.742843627930 26.996742248535 0.041756340457 0.019565605899 0.722598118296 0.689728609333
2921.000000000000 -65.080558776855 170.742263793945 26.996517181396 0.041860206217 0.019582641783 0.722644569020 0.689673161825
2921.000000000000 -65.080513000488 170.742691040039 26.997295379639 0.041865461719 0.019774956464 0.722717139217 0.689591307148
2922.000000000000 -65.080390930176 170.742553710938 26.998630523682 0.041673867441 0.019832607139 0.722655306831 0.689666052504
2922.000000000000 -65.080543518066 170.742980957031 26.997070312500 0.041767954623 0.019688505170 0.722630410766 0.689690575670
2922.000000000000 -65.080566406250 170.743209838867 26.996896743774 0.041740014185 0.019610637541 0.722607974039 0.689717993072
2922.000000000000 -65.080604553223 170.742568969727 26.996114730835 0.041830557433 0.019482720145 0.722621320264 0.689702149903
2922.000000000000 -65.080551147461 170.743225097656 26.997076034546 0.041872560366 0.019690184328 0.722694250439 0.689617289308
2922.000000000000 -65.080680847168 170.747543334961 26.997865676880 0.041585505646 0.019512038024 0.722636078384 0.689700677330
2922.000000000000 -65.081024169922 170.754287719727 26.997388839722 0.041710207943 0.019447605380 0.722513850828 0.689823009590
2922.000000000000 -65.081726074219 170.766586303711 26.996706008911 0.042006263531 0.019571923358 0.722649169676 0.689659764816
2922.000000000000 -65.082656860352 170.786987304688 26.997320175171 0.042065677914 0.019536448740 0.722646636267 0.689659803820
2922.000000000000 -65.083831787109 170.812820434570 26.998870849609 0.042030110547 0.019489825107 0.722732328818 0.689573489489
2922.000000000000 -65.089134216309 170.936096191406 27.005479812622 0.042094184993 0.019587614617 0.722651561136 0.689651452642
2922.000000000000 -65.091194152832 170.987350463867 27.010400772095 0.042024437287 0.019495399814 0.722664587734 0.689644669154
2922.000000000000 -65.094253540039 171.052230834961 27.010673522949 0.041990884614 0.019418496236 0.722637817374 0.689676933437
2922.000000000000 -65.101554870605 171.220886230469 27.020715713501 0.042008239237 0.019431828703 0.722655066953 0.689657426609
2922.000000000000 -65.105720520020 171.310394287109 27.026454925537 0.041917739879 0.019504055307 0.722791627923 0.689517771718
2922.000000000000 -65.110496520996 171.394027709961 27.020282745361 0.041897286118 0.019247572421 0.722862176939 0.689452261961
2922.000000000000 -65.118896484375 171.543319702148 27.012992858887 0.041692437960 0.018857082629 0.722978077552 0.689353936980
2923.000000000000 -65.133705139160 171.904388427734 27.034322738647 0.040687665062 0.018706280302 0.722704428336 0.689704935645
2923.000000000000 -65.145042419434 172.098983764648 27.036149978638 0.040965460688 0.018642745543 0.723066815717 0.689310277798
2923.000000000000 -65.152229309082 172.249786376953 27.039964675903 0.040882778802 0.018495082475 0.723087203705 0.689297777568
2923.000000000000 -65.164833068848 172.552474975586 27.070026397705 0.040419403374 0.019005981855 0.723158410654 0.689236503375
2923.000000000000 -65.171592712402 172.720275878906 27.080976486206 0.040086102650 0.019100435199 0.723048476403 0.689368681128
2923.000000000000 -65.185653686523 173.025024414062 27.105655670166 0.040594741513 0.019777492189 0.723299311154 0.689056619044
2923.000000000000 -65.194313049316 173.205795288086 27.112949371338 0.040957685670 0.020136788364 0.723338915085 0.688983157749
2923.000000000000 -65.205818176270 173.404998779297 27.085802078247 0.040855950370 0.019288987133 0.723193159536 0.689166438747
2923.000000000000 -65.215393066406 173.606903076172 27.093755722046 0.041009084767 0.019455375819 0.723228248433 0.689115842212
2923.000000000000 -65.237289428711 174.062103271484 27.111074447632 0.041279813075 0.019767312765 0.723332563673 0.688981300696
2923.000000000000 -65.247444152832 174.281524658203 27.128120422363 0.041555882602 0.020276666307 0.723426173529 0.688851607299
2923.000000000000 -65.268997192383 174.647155761719 27.130397796631 0.041213707125 0.019610189931 0.723743232301 0.688558352279
2923.000000000000 -65.282424926758 174.901672363281 27.144166946411 0.041660223570 0.020055063377 0.723939297917 0.688312511245
2923.000000000000 -65.310836791992 175.462570190430 27.154531478882 0.041804997085 0.020269394441 0.723959930723 0.688275753296
2924.000000000000 -65.323097229004 175.719558715820 27.169761657715 0.041766566612 0.020621255537 0.723997061959 0.688228575408
2924.000000000000 -65.336982727051 175.984786987305 27.177175521851 0.041943254977 0.020936876860 0.724086410705 0.688114293109
2924.000000000000 -65.341384887695 176.268692016602 27.178964614868 0.041831563562 0.020679225872 0.722839972830 0.689438078138
2924.000000000000 -65.336708068848 176.537658691406 27.184038162231 0.041447940596 0.020619845030 0.720636055093 0.691766265665
2924.000000000000 -65.340980529785 176.813339233398 27.189764022827 0.041385433828 0.020747475974 0.719779356840 0.692657538452
2924.000000000000 -65.347190856934 177.091094970703 27.199279785156 0.041758073894 0.021257297393 0.719272135483 0.693146438850
2924.000000000000 -65.351425170898 177.357894897461 27.217601776123 0.041584291578 0.021631051193 0.718718933372 0.693718919398
2924.000000000000 -65.358001708984 177.652481079102 27.224292755127 0.042133136499 0.022383788895 0.718275548202 0.694121028105
2924.000000000000 -65.362365722656 177.932922363281 27.232849121094 0.042462320914 0.022812905590 0.717669937190 0.694713166634
2924.000000000000 -65.367736816406 178.221618652344 27.234201431274 0.042377906179 0.022308248501 0.717152857925 0.695268461450
2924.000000000000 -65.372497558594 178.498428344727 27.242891311646 0.042433864373 0.022320790262 0.716723945099 0.695706788812
2924.000000000000 -65.375152587891 178.766601562500 27.251825332642 0.042199396134 0.021979873192 0.716099356498 0.696374761004
2924.000000000000 -65.379074096680 179.033462524414 27.264142990112 0.042263592851 0.022234252067 0.715737994217 0.696734203544
2924.000000000000 -65.382087707520 179.301956176758 27.274353027344 0.042332862917 0.021865123475 0.715258104916 0.697234313875
2924.000000000000 -65.387657165527 179.601989746094 27.272602081299 0.042298021171 0.021223857900 0.714941778198 0.697580589644
2924.000000000000 -65.389701843262 179.831512451172 27.284824371338 0.042548637908 0.021480716380 0.714506757278 0.698003070222
2924.000000000000 -65.393295288086 180.101272583008 27.297098159790 0.042684161210 0.021680199378 0.714248699977 0.698252694888
2924.000000000000 -65.396301269531 180.355682373047 27.312988281250 0.042880615919 0.021786804822 0.714013330391 0.698478025380
2924.000000000000 -65.397956848145 180.609130859375 27.337528228760 0.043272991423 0.022083059220 0.713720370294 0.698743887083
2925.000000000000 -65.388305664062 181.045974731445 27.467643737793 0.043847501163 0.024084076860 0.712529284461 0.699856680092
2925.000000000000 -65.371864318848 181.328079223633 27.468612670898 0.043856483304 0.024162573329 0.709828321782 0.702592721652
2925.000000000000 -65.354789733887 181.609985351562 27.465095520020 0.043913085393 0.024234431727 0.707250675875 0.705181405544
2925.000000000000 -65.339569091797 181.899108886719 27.465826034546 0.044051300175 0.024209140062 0.705248108635 0.707176431845
2925.000000000000 -65.321907043457 182.183471679688 27.471508026123 0.044018037415 0.024379475735 0.703177343732 0.709231751127
2925.000000000000 -65.306556701660 182.452819824219 27.472141265869 0.043800798123 0.024417651258 0.701435756011 0.710966348416
2925.000000000000 -65.288543701172 182.710983276367 27.496755599976 0.043928519311 0.024726692643 0.699724404944 0.712632186326
2925.000000000000 -65.270378112793 183.000625610352 27.493457794189 0.043546027691 0.024257532832 0.698071305612 0.714291094621
2925.000000000000 -65.255104064941 183.262527465820 27.475870132446 0.043980674103 0.024445197744 0.696514962150 0.715775830909
2925.000000000000 -65.219741821289 183.614501953125 27.536872863770 0.043751607578 0.024937742861 0.694490983046 0.717736846124
2925.000000000000 -65.171455383301 183.882446289062 27.558834075928 0.043417072315 0.025595829785 0.689540660319 0.722491168871
2925.000000000000 -65.039428710938 184.636322021484 27.589820861816 0.042997252338 0.026649655312 0.676075371359 0.735093956175
2925.000000000000 -64.991851806641 184.900009155273 27.579652786255 0.043299162112 0.027149729437 0.672403487211 0.738418326654
2925.000000000000 -64.940864562988 185.142745971680 27.631101608276 0.043790990381 0.028844673115 0.668960216245 0.741446264456
2925.000000000000 -64.867309570312 185.484100341797 27.618022918701 0.043168906088 0.028078297577 0.664743464082 0.745294694542
2925.000000000000 -64.783393859863 185.753097534180 27.611654281616 0.042095903012 0.027305847057 0.657641613616 0.751658056370
2925.000000000000 -64.696601867676 186.004913330078 27.604583740234 0.041600473077 0.027268404568 0.650056021004 0.758256555731
2925.000000000000 -64.608322143555 186.265945434570 27.604085922241 0.041630210489 0.028033306114 0.643476244458 0.763818945917
2926.000000000000 -64.546257019043 186.451950073242 27.574394226074 0.041177152066 0.027924654087 0.637103315940 0.769170995722
2926.000000000000 -64.445213317871 186.720001220703 27.576194763184 0.040598027516 0.028291502531 0.630472898406 0.774632374370
2926.000000000000 -64.336334228516 186.936004638672 27.589958190918 0.039661454475 0.029078388573 0.620537363366 0.782633245533
2926.000000000000 -64.182785034180 187.203277587891 27.580751419067 0.039197925063 0.029905575087 0.609006513680 0.791631382365
2926.000000000000 -64.034873962402 187.444366455078 27.582948684692 0.037780499581 0.029284439421 0.597538134567 0.800414413412
2926.000000000000 -63.871097564697 187.722198486328 27.569826126099 0.037683976146 0.029959961532 0.587597080766 0.807720241991
2926.000000000000 -63.676635742188 188.034851074219 27.597785949707 0.036084842125 0.030697384723 0.578119713473 0.814575442567
2926.000000000000 -63.528923034668 188.251785278320 27.596134185791 0.035504309433 0.031320705153 0.567469393045 0.822032204599
2926.000000000000 -63.357025146484 188.464736938477 27.589414596558 0.034670774122 0.031766798565 0.554378370639 0.830935274313
2926.000000000000 -63.209152221680 188.640304565430 27.595043182373 0.034081647186 0.032637247865 0.541774123604 0.839198457083
2926.000000000000 -63.029117584229 188.846466064453 27.606267929077 0.033715348949 0.033494809230 0.529618930905 0.846903277256
2926.000000000000 -62.834083557129 189.076095581055 27.591714859009 0.033316065685 0.034046380601 0.518851875529 0.853535948273
2926.000000000000 -62.630218505859 189.295883178711 27.573459625244 0.032563632663 0.034435128930 0.507187222306 0.860531785150
2926.000000000000 -62.407405853271 189.491088867188 27.553356170654 0.031902591780 0.034531807114 0.492101892625 0.869267223706
2926.000000000000 -62.207511901855 189.650131225586 27.557291030884 0.029962069735 0.035200533285 0.476662846057 0.877869994944
2926.000000000000 -61.967166900635 189.821670532227 27.537841796875 0.028701270935 0.035147403724 0.460037182125 0.886739357490
2926.000000000000 -61.709560394287 189.966445922852 27.510620117188 0.028183247708 0.035466748156 0.440019419058 0.896844872414
2926.000000000000 -61.165668487549 190.201187133789 27.506856918335 0.024848193581 0.036499235597 0.394417455972 0.917869949122
2926.000000000000 -60.897254943848 190.303863525391 27.490051269531 0.024015140260 0.036961730744 0.373790132341 0.926465347686
2927.000000000000 -60.616752624512 190.409240722656 27.468233108521 0.022785271538 0.037493276302 0.354778028373 0.933920572756
2927.000000000000 -60.123985290527 190.565109252930 27.406339645386 0.021659775482 0.038239990473 0.314940935123 0.948093225711
2927.000000000000 -59.824584960938 190.617630004883 27.382404327393 0.020712820655 0.038661326544 0.292625812639 0.955220610470
2927.000000000000 -59.527744293213 190.648223876953 27.359920501709 0.020649634139 0.039458022817 0.268972689319 0.962117638049
2927.000000000000 -59.257644653320 190.659912109375 27.337812423706 0.023062692726 0.040060769522 0.244554207871 0.968533162242
2927.000000000000 -58.945819854736 190.650970458984 27.304592132568 0.023095606394 0.040746844087 0.219016146559 0.974596437100
2927.000000000000 -58.647495269775 190.648513793945 27.271965026855 0.023373239739 0.041331904884 0.196882835851 0.979276525936
2927.000000000000 -58.364223480225 190.659164428711 27.254938125610 0.022654636045 0.042354762797 0.179244587798 0.982631273306
2927.000000000000 -58.036285400391 190.672256469727 27.212432861328 0.021804703818 0.042589839139 0.163321735539 0.985411929699
2927.000000000000 -57.753761291504 190.675247192383 27.217096328735 0.021214965289 0.043945389725 0.147740533414 0.987821574352
2927.000000000000 -57.489555358887 190.672454833984 27.211204528809 0.019961404833 0.044851075358 0.132605719904 0.989952345522
2927.000000000000 -56.927486419678 190.671966552734 27.159654617310 0.020039187758 0.046237239028 0.105941330735 0.993094649630
2927.000000000000 -56.635482788086 190.673767089844 27.130117416382 0.019393543349 0.046500233772 0.095615651247 0.994142477702
2927.000000000000 -55.777370452881 190.698272705078 27.027212142944 0.019363953295 0.046837707466 0.070846627038 0.996198786342
2927.000000000000 -55.494598388672 190.700073242188 27.004795074463 0.019430389729 0.046922911721 0.064020355128 0.996655454227
2928.000000000000 -54.935226440430 190.706939697266 26.950706481934 0.018566581698 0.047093551374 0.052303051051 0.997347417059
2928.000000000000 -54.660659790039 190.709991455078 26.929929733276 0.018859927795 0.047490508895 0.047564591943 0.997560306088
2928.000000000000 -54.064922332764 190.711120605469 26.866571426392 0.018906132224 0.047569842749 0.038027443033 0.997964719718
2928.000000000000 -53.468807220459 190.714935302734 26.809270858765 0.018666458322 0.047776004097 0.030893525864 0.998205693645
2928.000000000000 -53.174373626709 190.722244262695 26.777374267578 0.018708670075 0.047977159399 0.028929133855 0.998254117474
2928.000000000000 -52.604679107666 190.735534667969 26.720352172852 0.018584127044 0.047946216973 0.025278674809 0.998357039891
2928.000000000000 -52.322727203369 190.737640380859 26.690975189209 0.018102299339 0.047966568343 0.023043472223 0.998419006964
2928.000000000000 -52.040634155273 190.738967895508 26.667840957642 0.018126939250 0.048151178651 0.020913126146 0.998456568521
2928.000000000000 -51.752376556396 190.741928100586 26.636344909668 0.017846970117 0.048154711148 0.019238726359 0.998495108080
2928.000000000000 -51.152683258057 190.749084472656 26.550319671631 0.017581225885 0.048082317074 0.016256958932 0.998556309162
2928.000000000000 -50.319667816162 190.761215209961 26.496061325073 0.017182319224 0.048949750770 0.013500626975 0.998562177772
2928.000000000000 -50.044048309326 190.764068603516 26.468671798706 0.017175429082 0.049007473669 0.012580480038 0.998571481509
2928.000000000000 -49.768463134766 190.765975952148 26.444107055664 0.017077352293 0.048857458996 0.011601986094 0.998592362607
2928.000000000000 -49.429424285889 190.767044067383 26.394411087036 0.016618932457 0.048543762747 0.010452537162 0.998628088254
2929.000000000000 -48.830673217773 190.769882202148 26.297555923462 0.016575311544 0.047947401433 0.008458850823 0.998676500968
2929.000000000000 -48.548587799072 190.768234252930 26.257005691528 0.016702965886 0.047841236528 0.007159638082 0.998689624759
2929.000000000000 -48.241256713867 190.773193359375 26.193563461304 0.016123122547 0.047125099321 0.006997445033 0.998734351916
2929.000000000000 -47.967533111572 190.779998779297 26.196336746216 0.016445732823 0.047458973886 0.007628496451 0.998708661078
2929.000000000000 -47.701805114746 190.787612915039 26.179292678833 0.016682849924 0.047713688390 0.008259830875 0.998687569590
2929.000000000000 -47.358421325684 190.796234130859 26.137100219727 0.016169220249 0.047346314927 0.008576670801 0.998710830770
2929.000000000000 -47.080352783203 190.798660278320 26.109380722046 0.014224230002 0.046593083908 0.008147317474 0.998779443636
2929.000000000000 -46.789043426514 190.803909301758 26.076087951660 0.014269040887 0.046468670242 0.008128616626 0.998784752962
2929.000000000000 -46.530220031738 190.805526733398 26.047992706299 0.013650975874 0.045823397217 0.007559985338 0.998827669694
2929.000000000000 -46.230030059814 190.810150146484 26.016830444336 0.013488423593 0.045785869572 0.007499755861 0.998832053069
2929.000000000000 -45.941547393799 190.813110351562 25.993843078613 0.013832934721 0.046157810627 0.007204025490 0.998812399028
2929.000000000000 -45.645214080811 190.813934326172 25.969858169556 0.013799756860 0.046061447926 0.006573174325 0.998821657307
2929.000000000000 -45.104404449463 190.823028564453 25.931930541992 0.013849607790 0.046279957830 0.006871320458 0.998808860004
2929.000000000000 -44.838500976562 190.826385498047 25.913002014160 0.014251763398 0.046637060855 0.006764623162 0.998787320538
2929.000000000000 -44.525714874268 190.835830688477 25.865797042847 0.014277413354 0.046256753052 0.007431321770 0.998799901743
2929.000000000000 -43.936290740967 190.843872070312 25.794841766357 0.014434274305 0.046154116126 0.007082928712 0.998804926605
2929.000000000000 -43.667175292969 190.848220825195 25.775207519531 0.014329948454 0.046140021195 0.007146393588 0.998806627972
2930.000000000000 -43.155460357666 190.858398437500 25.734085083008 0.014515418316 0.046222537528 0.007595910036 0.998796817079
2930.000000000000 -42.874870300293 190.866302490234 25.709081649780 0.014365818998 0.046359569208 0.008185722082 0.998787969261
2930.000000000000 -42.608280181885 190.874038696289 25.691606521606 0.014070441524 0.046628686450 0.008804092266 0.998774387054
2930.000000000000 -42.090545654297 190.885787963867 25.617309570312 0.013690859642 0.046116159365 0.009039679893 0.998801353821
2930.000000000000 -41.800060272217 190.892196655273 25.589544296265 0.013734705048 0.046118072157 0.009165787924 0.998799514232
2930.000000000000 -41.509609222412 190.898071289062 25.556978225708 0.013910166070 0.045930864399 0.009154081974 0.998805819846
2930.000000000000 -41.221679687500 190.902893066406 25.526357650757 0.012885811174 0.045549944762 0.009029424235 0.998838138990
2930.000000000000 -40.654869079590 190.915649414062 25.464160919189 0.012665897582 0.045254695798 0.009306160704 0.998851832315
2930.000000000000 -40.104072570801 190.927764892578 25.422143936157 0.013199230390 0.045676372889 0.009539984382 0.998823526943
2930.000000000000 -39.821811676025 190.933944702148 25.385841369629 0.013060298085 0.045201576881 0.009567034792 0.998846693896
2930.000000000000 -39.555713653564 190.939132690430 25.370374679565 0.013505247986 0.045425190758 0.009547975484 0.998830814746
2930.000000000000 -39.274398803711 190.944534301758 25.345771789551 0.013825321048 0.045466851889 0.009478403424 0.998825202799
2930.000000000000 -38.993728637695 190.950424194336 25.314159393311 0.014069819544 0.045405965511 0.009469827002 0.998824639689
2930.000000000000 -38.719886779785 190.957504272461 25.295452117920 0.014155770357 0.045804546265 0.009781175790 0.998802225822
2930.000000000000 -38.142082214355 190.969512939453 25.243104934692 0.014216937343 0.045583011647 0.009762713523 0.998811672522
2931.000000000000 -37.854923248291 190.970291137695 25.210830688477 0.013680734799 0.045318890845 0.008848696150 0.998839694948
2931.000000000000 -37.573791503906 190.968185424805 25.181507110596 0.013687494864 0.045283715919 0.007511091507 0.998852151753
2931.000000000000 -37.305030822754 190.972412109375 25.161319732666 0.013912859404 0.045293696155 0.007494297975 0.998848711733
2931.000000000000 -36.777770996094 190.971557617188 25.137886047363 0.013718378733 0.045593907130 0.005846963950 0.998848744671
2931.000000000000 -36.501438140869 190.975326538086 25.111045837402 0.014359413952 0.045813663276 0.005845116536 0.998829690238
2931.000000000000 -35.937358856201 190.979476928711 25.047758102417 0.013968176151 0.045195792336 0.005228850771 0.998866802697
2931.000000000000 -35.657855987549 190.981643676758 25.026443481445 0.013544108669 0.045555625645 0.005072193642 0.998857104367
2931.000000000000 -35.371055603027 190.984069824219 24.993492126465 0.013587283419 0.045250060710 0.004886309838 0.998871333912
2931.000000000000 -35.098678588867 190.985198974609 24.978401184082 0.013293919487 0.045596430946 0.004607393405 0.998860855733
2931.000000000000 -34.811298370361 190.986633300781 24.947311401367 0.013061166888 0.045388915245 0.004321336711 0.998874655971
2931.000000000000 -34.253074645996 190.988525390625 24.870073318481 0.013384615918 0.045210471704 0.003538719247 0.998881545916
2931.000000000000 -33.977279663086 190.990219116211 24.844911575317 0.013264862564 0.045125842561 0.003433067385 0.998887338894
2931.000000000000 -33.697288513184 190.991210937500 24.819805145264 0.013690578689 0.045194859125 0.003189897305 0.998879280654
2931.000000000000 -33.413360595703 190.993972778320 24.797170639038 0.013635687827 0.045500897735 0.003315613313 0.998865728229
2931.000000000000 -33.129257202148 190.993576049805 24.770410537720 0.013580321122 0.045562578238 0.002852981071 0.998865099421
2931.000000000000 -32.840053558350 190.985977172852 24.752985000610 0.013228922269 0.045942650050 0.001256190929 0.998855690531
2931.000000000000 -32.568550109863 190.970611572266 24.737009048462 0.013484951003 0.046510234901 -0.001716773987 0.998825313472
2932.000000000000 -32.283824920654 190.945404052734 24.702480316162 0.013007519103 0.046223208066 -0.006014802031 0.998828334420
2932.000000000000 -31.454339981079 190.892028808594 24.631420135498 0.013174890307 0.046540222245 -0.013978687461 0.998731708857
2932.000000000000 0.000000000000 0.000000000000 0.000000000000 0.000000000000 0.000000000000 0.000000000000 0.000000000000
2932.000000000000 -31.678920745850 190.899414062500 24.708824157715 0.012705090514 0.047568340001 -0.011548417490 0.998720415210
2932.000000000000 -31.417638778687 190.886077880859 24.687835693359 0.012020195502 0.047542086012 -0.012944804836 0.998713020334
2932.000000000000 -31.135885238647 190.873687744141 24.658033370972 0.012174674651 0.047355522023 -0.013916003550 0.998706952352
2932.000000000000 -30.867589950562 190.861129760742 24.638586044312 0.011937924072 0.047460433175 -0.014876995593 0.998690977357
2932.000000000000 -30.582077026367 190.840820312500 24.612577438354 0.012129120147 0.047393564570 -0.016989266566 0.998658149370
2932.000000000000 -30.023857116699 190.759613037109 24.561742782593 0.011196555847 0.047626508934 -0.028047291811 0.998408584802
2932.000000000000 -29.750179290771 190.716064453125 24.538442611694 0.010916824331 0.047554281614 -0.033136926565 0.998259163416
2932.000000000000 -29.459775924683 190.670471191406 24.497856140137 0.010911646790 0.047485907649 -0.037652978260 0.998102338324
2933.000000000000 -29.187070846558 190.628829956055 24.471437454224 0.010610048549 0.047518337814 -0.041471229370 0.997952690049
2933.000000000000 -28.895620346069 190.582916259766 24.435901641846 0.010686447479 0.047339558216 -0.045172792323 0.997799671729
2933.000000000000 -28.615974426270 190.538787841797 24.411731719971 0.010629798559 0.047644745103 -0.048487264068 0.997630177405
2933.000000000000 -28.336580276489 190.492584228516 24.387531280518 0.010078775591 0.047775712233 -0.051815494981 0.997462307099
2933.000000000000 -28.056022644043 190.446655273438 24.362274169922 0.009781849092 0.048025483752 -0.054739961114 0.997297049527
2933.000000000000 -27.775613784790 190.403442382812 24.331289291382 0.009924587346 0.047802853063 -0.056939618050 0.997183167578
2933.000000000000 -27.503320693970 190.360092163086 24.306348800659 0.009984809186 0.047727971869 -0.059152279380 0.997057346461
2933.000000000000 0.000000000000 0.000000000000 0.000000000000 0.000000000000 0.000000000000 0.000000000000 0.000000000000
2933.000000000000 -27.503324508667 190.360092163086 24.306348800659 0.009984811278 0.047727983030 -0.059152286794 0.997057345465
2933.000000000000 -27.219793319702 190.318801879883 24.279436111450 0.009994742328 0.048029627856 -0.060479672290 0.996963123297
2933.000000000000 -26.937349319458 190.278289794922 24.247571945190 0.010015030599 0.048114818239 -0.061580260644 0.996891435878
2933.000000000000 0.000000000000 0.000000000000 0.000000000000 0.000000000000 0.000000000000 0.000000000000 0.000000000000
2933.000000000000 -26.937345504761 190.278289794922 24.247571945190 0.010015030599 0.048114821978 -0.061580256911 0.996891435928
2933.000000000000 0.000000000000 0.000000000000 0.000000000000 0.000000000000 0.000000000000 0.000000000000 0.000000000000
2934.000000000000 -26.937337875366 190.278289794922 24.247570037842 0.010015030364 0.048114825706 -0.061580256900 0.996891435751
2934.000000000000 0.000000000000 0.000000000000 0.000000000000 0.000000000000 0.000000000000 0.000000000000 0.000000000000
2934.000000000000 -26.937334060669 190.278289794922 24.247570037842 0.010015030365 0.048114829446 -0.061580253166 0.996891435801
2934.000000000000 0.000000000000 0.000000000000 0.000000000000 0.000000000000 0.000000000000 0.000000000000 0.000000000000
2935.000000000000 -26.937330245972 190.278289794922 24.247570037842 0.010015030365 0.048114833185 -0.061580249432 0.996891435852
2935.000000000000 0.000000000000 0.000000000000 0.000000000000 0.000000000000 0.000000000000 0.000000000000 0.000000000000
2935.000000000000 -26.937326431274 190.278289794922 24.247570037842 0.010015030366 0.048114836924 -0.061580245698 0.996891435902
2935.000000000000 -26.681722640991 190.209762573242 24.221969604492 0.008772905092 0.048182522742 -0.068444020500 0.996452154745
2935.000000000000 -26.423175811768 190.141860961914 24.199934005737 0.008550755592 0.048258574735 -0.074406750962 0.996022906340
2935.000000000000 -26.063062667847 190.048416137695 24.127521514893 0.009283670863 0.047705078824 -0.079673246912 0.995635582247
2935.000000000000 -25.667951583862 189.937850952148 24.100421905518 0.007496519081 0.047887386639 -0.085231488982 0.995181487814
2935.000000000000 -25.454994201660 189.884750366211 24.076366424561 0.008909924171 0.047620774643 -0.088964997144 0.994855820889
2935.000000000000 -25.223430633545 189.835891723633 24.037384033203 0.009999928195 0.047281500164 -0.090531462382 0.994720320239
2936.000000000000 -24.679058074951 189.737457275391 23.989131927490 0.009568495595 0.047358268360 -0.090291889163 0.994742686860
2936.000000000000 -24.328479766846 189.671157836914 23.961837768555 0.010374020739 0.047247430045 -0.090637788533 0.994708425287
2936.000000000000 -24.048158645630 189.617568969727 23.905961990356 0.011046724112 0.046775067681 -0.091115048862 0.994679903688
2936.000000000000 -23.530839920044 189.518157958984 23.866147994995 0.009933544589 0.046940596900 -0.091810047332 0.994619937596
2936.000000000000 -22.982852935791 189.409637451172 23.789022445679 0.009437733947 0.046684946683 -0.093018327534 0.994524527437
2936.000000000000 -22.715829849243 189.357086181641 23.762701034546 0.009217590118 0.046689870006 -0.093421020222 0.994488614843
2936.000000000000 -22.321981430054 189.275848388672 23.703758239746 0.011644294003 0.046442765271 -0.094375744705 0.994384582937
2936.000000000000 -21.499162673950 189.117156982422 23.638961791992 0.011007195243 0.046914445369 -0.094594060593 0.994348952918
2936.000000000000 -21.238552093506 189.067016601562 23.622056961060 0.010957112214 0.046973579923 -0.094619705351 0.994344274304
2936.000000000000 -20.936054229736 189.002929687500 23.590183258057 0.011176635234 0.046844485437 -0.095610161687 0.994253173991
2936.000000000000 -20.666828155518 188.952041625977 23.573448181152 0.011731084107 0.046872047377 -0.095397996070 0.994265867455
2936.000000000000 -20.378776550293 188.895599365234 23.540685653687 0.012180488430 0.046787207466 -0.095572756359 0.994247675965
2936.000000000000 -20.121618270874 188.856597900391 23.517726898193 0.012887659547 0.047036222749 -0.093588689895 0.994415737559
2936.000000000000 -19.857902526855 188.829330444336 23.501956939697 0.013174366260 0.046881794331 -0.089400076067 0.994804583742
2936.000000000000 -19.573532104492 188.797241210938 23.476760864258 0.013592215558 0.046953603076 -0.086130848949 0.995083960123
2937.000000000000 -19.257392883301 188.764526367188 23.439563751221 0.014043351551 0.046671184362 -0.082775190893 0.995375734384
2937.000000000000 -18.976686477661 188.730163574219 23.416654586792 0.013331035359 0.046877549662 -0.080579374666 0.995555997025
2937.000000000000 -18.451917648315 188.669723510742 23.369394302368 0.014082243443 0.046776931821 -0.076036694838 0.995907641354
2937.000000000000 -17.823595046997 188.596694946289 23.317119598389 0.014878695250 0.046896134813 -0.072494170798 0.996154592504
2937.000000000000 -17.562910079956 188.577453613281 23.311782836914 0.014518936713 0.047373516065 -0.068854502713 0.996395507772
2937.000000000000 -17.294418334961 188.572067260742 23.296358108521 0.014954699522 0.047729804138 -0.062996865368 0.996759558626
2937.000000000000 -17.019117355347 188.572326660156 23.263418197632 0.015159725202 0.047665738088 -0.056782894573 0.997132821157
