2908.000000000000 -56.995750427246 126.713813781738 23.854522705078 0.038242651399 0.000865859501 0.707438793633 0.705738693260
2908.000000000000 -56.996040344238 126.989173889160 23.886487960815 0.037829539164 0.001477406921 0.707592739947 0.705605596357
2908.000000000000 -56.996204376221 127.275672912598 23.890989303589 0.037775506872 0.001624999131 0.707499037738 0.705702119920
2908.000000000000 -56.995555877686 127.537994384766 23.916753768921 0.037410110148 0.002107467309 0.707487405807 0.705731969564
2908.000000000000 -56.998111724854 127.835540771484 23.929498672485 0.037329409033 0.002240097953 0.707743333897 0.705479177940
2908.000000000000 -56.997528076172 128.098236083984 23.970809936523 0.036836530146 0.002689400919 0.707837273453 0.705409265236
2908.000000000000 -56.997661590576 128.946807861328 24.005588531494 0.036269705503 0.003076487805 0.707614615656 0.705660399481
2908.000000000000 -56.998420715332 129.508560180664 24.043996810913 0.036210401392 0.003744085319 0.707707920323 0.705566643321
2909.000000000000 -57.002761840820 130.366043090820 24.072307586670 0.036218302042 0.003893775724 0.707985693815 0.705286700896
2909.000000000000 -57.002689361572 130.642868041992 24.088344573975 0.035857360886 0.004100716234 0.707926743148 0.705363140611
2909.000000000000 -57.004405975342 130.910430908203 24.095632553101 0.035851077145 0.004066895313 0.708033745331 0.705256248539
2909.000000000000 -57.010143280029 132.597198486328 24.169198989868 0.034615642858 0.005544047092 0.708239843834 0.705100946260
2909.000000000000 -57.013435363770 134.023986816406 24.272462844849 0.034391594128 0.006909106209 0.708413917905 0.704924962973
2909.000000000000 -57.014049530029 134.311996459961 24.283506393433 0.034038924536 0.007045690680 0.708366718869 0.704988156963
2909.000000000000 -57.016532897949 134.594528198242 24.294332504272 0.033677068389 0.007052819410 0.708557596158 0.704813624819
2910.000000000000 -57.024730682373 136.528717041016 24.371795654297 0.032490605882 0.008679586939 0.708658933856 0.704749275108
2910.000000000000 -57.024360656738 136.798873901367 24.404869079590 0.032445690080 0.009449144422 0.708646097206 0.704754354211
2910.000000000000 -57.029911041260 137.950180053711 24.427816390991 0.032118700458 0.009147816628 0.708583953766 0.704835787256
2910.000000000000 -57.031475067139 138.237365722656 24.451934814453 0.031895491430 0.009837289243 0.708744944693 0.704674753868
2910.000000000000 -57.032459259033 138.518218994141 24.478746414185 0.031850980478 0.010416060850 0.708841291313 0.704571532527
2910.000000000000 -57.034660339355 138.794937133789 24.484352111816 0.031610390674 0.010499855447 0.708927742125 0.704494139566
2910.000000000000 -57.042312622070 139.650268554688 24.499277114868 0.031329423962 0.011383424481 0.709246332916 0.704172226154
2910.000000000000 -57.045635223389 139.941650390625 24.508295059204 0.031165058374 0.011728075993 0.709439935175 0.703978813423
2911.000000000000 -57.058677673340 142.177505493164 24.582424163818 0.030642446684 0.012355302015 0.709260158235 0.704172148636
2911.000000000000 -57.060203552246 142.467056274414 24.587129592896 0.030668360825 0.012418653543 0.709199011879 0.704231489099
2911.000000000000 -57.061470031738 142.752197265625 24.599695205688 0.030581535888 0.012942098242 0.709183944827 0.704241012833
2911.000000000000 -57.064647674561 143.030731201172 24.616010665894 0.030431704399 0.013034988641 0.709444268893 0.703983543681
2911.000000000000 -57.070281982422 143.323730468750 24.594572067261 0.030772130316 0.013651670956 0.709661039515 0.703738528767
2911.000000000000 -57.072967529297 143.626342773438 24.600059509277 0.030548565762 0.013496147779 0.709696789946 0.703715216167
2911.000000000000 -57.091670989990 145.873855590820 24.670589447021 0.030575462456 0.013977664580 0.709997537089 0.703401210773
2911.000000000000 -57.094692230225 146.401138305664 24.695678710938 0.030718589939 0.013975266552 0.709897936081 0.703495544055
2911.000000000000 -57.096275329590 146.687652587891 24.702264785767 0.030766187075 0.013447281929 0.709790286991 0.703612365464
2912.000000000000 -57.100391387939 146.994842529297 24.697797775269 0.030881909389 0.013230937116 0.709888698503 0.703512107723
2912.000000000000 -57.104858398438 147.307052612305 24.701732635498 0.030991708285 0.013249357853 0.710071099953 0.703322828824
2912.000000000000 -57.106918334961 147.577377319336 24.697088241577 0.031154804429 0.012765570449 0.709926396706 0.703470631677
2912.000000000000 -57.110412597656 147.871124267578 24.708763122559 0.031195315357 0.012870684697 0.710081343591 0.703310516955
2912.000000000000 -57.112327575684 148.154678344727 24.723299026489 0.031038289137 0.012673530454 0.710068092266 0.703334423002
2912.000000000000 -57.127212524414 148.855545043945 24.699876785278 0.031129350824 0.011286021264 0.710667355995 0.702748531386
2912.000000000000 -57.131969451904 149.155197143555 24.709547042847 0.031480855202 0.011625485388 0.710863327054 0.702529098398
2912.000000000000 -57.137496948242 149.700790405273 24.715211868286 0.031641405719 0.011473046558 0.710723347873 0.702666004183
2912.000000000000 -57.142280578613 150.248352050781 24.748626708984 0.031952654605 0.011700100938 0.710729020478 0.702642437483
2912.000000000000 -57.146125793457 150.535995483398 24.754076004028 0.032251994509 0.011684840405 0.710797013653 0.702560231394
2912.000000000000 -57.158187866211 151.663223266602 24.802026748657 0.032658273578 0.010730860977 0.710878094720 0.702474640280
2912.000000000000 -57.165306091309 152.228332519531 24.810628890991 0.033123989552 0.010258603244 0.710903785525 0.702433890201
2912.000000000000 -57.168479919434 152.511901855469 24.823883056641 0.033207635714 0.010608639483 0.710944275606 0.702383760263
2913.000000000000 -57.174659729004 153.057708740234 24.847780227661 0.033077350916 0.010880350901 0.711016667679 0.702312469705
2913.000000000000 -57.182270050049 153.638214111328 24.868343353271 0.033173473152 0.010971617816 0.711155612635 0.702165820087
2913.000000000000 -57.184844970703 153.904541015625 24.885255813599 0.033345562632 0.011214776111 0.711151082473 0.702158415279
2913.000000000000 -57.188327789307 154.196044921875 24.895017623901 0.033623002360 0.011145661896 0.711153138619 0.702144202686
2913.000000000000 -57.191986083984 154.477340698242 24.908029556274 0.033807472962 0.011208519173 0.711224238161 0.702062324101
2913.000000000000 -57.207622528076 155.863067626953 24.927804946899 0.035032688664 0.009588697479 0.710841064119 0.702414229047
2913.000000000000 -57.211494445801 156.157897949219 24.930559158325 0.035329000301 0.008879716589 0.710841285629 0.702408484442
2913.000000000000 -57.233551025391 157.382690429688 24.952396392822 0.035140673474 0.007156995347 0.711656092536 0.701612084019
2913.000000000000 -57.237098693848 157.679229736328 24.962230682373 0.034961084292 0.006435713818 0.711595492883 0.701689503044
2913.000000000000 -57.243068695068 158.240859985352 24.982038497925 0.035184316962 0.007507178297 0.711432863486 0.701832591767
2914.000000000000 -57.248970031738 158.788696289062 25.018091201782 0.035598260688 0.008372912493 0.711433397554 0.701801381458
2914.000000000000 -57.252979278564 159.084030151367 25.039588928223 0.035416832355 0.008604041345 0.711557265545 0.701682176137
2914.000000000000 -57.258735656738 159.369979858398 25.035396575928 0.035253969067 0.008399325933 0.711700796291 0.701547279624
2914.000000000000 -57.264762878418 159.921188354492 25.052400588989 0.035380288631 0.008183828511 0.711502068627 0.701745015278
2914.000000000000 -57.268505096436 160.208923339844 25.062475204468 0.035095153711 0.008012945458 0.711513201451 0.701750017494
2914.000000000000 -57.271957397461 160.479141235352 25.079002380371 0.033917755357 0.007879266953 0.711599376973 0.701722045909
2914.000000000000 -57.278640747070 161.062362670898 25.119564056396 0.034272158609 0.007769012116 0.711620387210 0.701684748375
2914.000000000000 -57.288856506348 161.905319213867 25.152402877808 0.035164902849 0.008150636333 0.711521273472 0.701736755580
2914.000000000000 -57.292560577393 162.181365966797 25.175655364990 0.035327989184 0.007889182915 0.711634766412 0.701616457338
2914.000000000000 -57.295555114746 162.448898315430 25.173343658447 0.035784768791 0.007205320711 0.711442309287 0.701795820900
2914.000000000000 -57.299255371094 162.730575561523 25.187402725220 0.036047669554 0.007011510695 0.711475110434 0.701751075147
2914.000000000000 -57.299461364746 162.964309692383 25.220134735107 0.036597355923 0.007762386070 0.711276460363 0.701916074638
2914.000000000000 -57.305343627930 163.515716552734 25.240024566650 0.037694114312 0.007290245666 0.711119248189 0.702022379216
2914.000000000000 -57.307895660400 163.751800537109 25.212574005127 0.038576509341 0.007019176612 0.710703300078 0.702398322425
2915.000000000000 -57.315643310547 164.623458862305 25.261211395264 0.040566581488 0.006257570015 0.710545099406 0.702453455393
2915.000000000000 -57.327304840088 165.785110473633 25.304058074951 0.041761490032 0.005200414262 0.710395805849 0.702543046847
2915.000000000000 -57.329563140869 166.057312011719 25.322553634644 0.041873888337 0.005187585060 0.710390052349 0.702542269163
2915.000000000000 -57.335056304932 166.631774902344 25.367223739624 0.042209788956 0.005416120977 0.710516250521 0.702392808260
2915.000000000000 -57.339698791504 166.927764892578 25.377582550049 0.042160288543 0.005047191626 0.710675714324 0.702237185712
2915.000000000000 -57.342365264893 167.216659545898 25.395971298218 0.041966633556 0.004947204299 0.710671207307 0.702254057975
2915.000000000000 -57.343910217285 167.486907958984 25.406990051270 0.042272439445 0.004867582529 0.710474769318 0.702435014550
2915.000000000000 -57.346199035645 167.771987915039 25.432533264160 0.042046311527 0.004753618509 0.710508382990 0.702415367499
2915.000000000000 -57.354064941406 168.619842529297 25.479595184326 0.042121277718 0.004149317088 0.710461160426 0.702462469216
2915.000000000000 -57.363170623779 169.201980590820 25.500656127930 0.041778877547 0.003257866836 0.710792774478 0.702152079997
2915.000000000000 -57.366882324219 169.471603393555 25.501028060913 0.041619755940 0.002754898947 0.710780008920 0.702176605540
2916.000000000000 -57.369770050049 169.740844726562 25.513015747070 0.041426784565 0.002852821045 0.710774776953 0.702192921767
2916.000000000000 -57.373878479004 169.943649291992 25.521110534668 0.040584034286 0.002679838402 0.711108363307 0.701905015128
2916.000000000000 -57.376213073730 170.084976196289 25.519048690796 0.040062465131 0.002578690500 0.711155576455 0.701887523268
2916.000000000000 -57.376232147217 170.146560668945 25.533599853516 0.039926635092 0.003467224956 0.711164895886 0.701881993658
2916.000000000000 -57.377502441406 170.180847167969 25.521404266357 0.040768405082 0.002377203615 0.711264625900 0.701737071839
2916.000000000000 -57.377441406250 170.180084228516 25.522186279297 0.040709555635 0.002392691501 0.711318656101 0.701685667939
2916.000000000000 -57.377498626709 170.180435180664 25.521318435669 0.040849472661 0.002394739724 0.711319474432 0.701676699841
2916.000000000000 -57.377521514893 170.180007934570 25.520847320557 0.040919419923 0.002335959812 0.711306996224 0.701685471909
2917.000000000000 -57.377552032471 170.179992675781 25.520332336426 0.041053986437 0.002317582161 0.711306367064 0.701678310328
2917.000000000000 -57.377578735352 170.180908203125 25.520095825195 0.041041470270 0.002335114292 0.711297227230 0.701688249506
2917.000000000000 -57.377521514893 170.179916381836 25.520778656006 0.041021338422 0.002351998040 0.711333025450 0.701653080092
2917.000000000000 -57.377552032471 170.180343627930 25.520364761353 0.041075447901 0.002360217847 0.711355823522 0.701626773500
2917.000000000000 -57.377582550049 170.180145263672 25.519817352295 0.041085576360 0.002250912472 0.711345396316 0.701637111296
2917.000000000000 -57.377571105957 170.179931640625 25.519977569580 0.041013656588 0.002196586621 0.711341491710 0.701645449748
2917.000000000000 -57.377582550049 170.180526733398 25.519956588745 0.040956148224 0.002146297104 0.711319469505 0.701671290302
2917.000000000000 -57.377494812012 170.179153442383 25.521026611328 0.040914954164 0.002174638141 0.711340544597 0.701652240848
2918.000000000000 -57.377468109131 170.179260253906 25.521522521973 0.040926715256 0.002225360516 0.711333883649 0.701658148760
2918.000000000000 -57.377490997314 170.179504394531 25.521198272705 0.040868420976 0.002136486356 0.711299728439 0.701696447130
2918.000000000000 -57.377426147461 170.178649902344 25.522075653076 0.040943954634 0.002291165954 0.711246813563 0.701745191173
2918.000000000000 -57.377372741699 170.178039550781 25.522781372070 0.040868265411 0.002237630657 0.711265873600 0.701730457472
2918.000000000000 -57.377376556396 170.178192138672 25.522790908813 0.040942211090 0.002329409635 0.711319444997 0.701671544507
2918.000000000000 -57.377311706543 170.177124023438 25.523576736450 0.040952019511 0.002338926967 0.711327674543 0.701662597655
2918.000000000000 -57.377258300781 170.176528930664 25.524307250977 0.040957798162 0.002422529333 0.711315144931 0.701674678688
2918.000000000000 -57.377307891846 170.177505493164 25.523704528809 0.040812156790 0.002269836012 0.711282819094 0.701716443419
2918.000000000000 -57.377391815186 170.178390502930 25.522510528564 0.040847507475 0.002203360721 0.711281537647 0.701715897309
2918.000000000000 -57.377307891846 170.177322387695 25.523633956909 0.040765607084 0.002238546526 0.711290659949 0.701711301931
2918.000000000000 -57.377407073975 170.178390502930 25.522262573242 0.040768170239 0.002090422480 0.711281827643 0.701720562685
2919.000000000000 -57.377410888672 170.178283691406 25.522188186646 0.040752518760 0.002092957718 0.711330216893 0.701672412368
2919.000000000000 -57.377395629883 170.177780151367 25.522300720215 0.040729173581 0.002062209687 0.711349450585 0.701654359969
2919.000000000000 -57.377285003662 170.175857543945 25.523664474487 0.040742943486 0.002145800653 0.711358288723 0.701644349483
2919.000000000000 -57.377311706543 170.176269531250 25.523324966431 0.040638814074 0.002024678679 0.711326623698 0.701682849929
2919.000000000000 -57.377346038818 170.176361083984 25.522760391235 0.040754192146 0.002044105701 0.711375246347 0.701626807027
2919.000000000000 -57.377395629883 170.176483154297 25.521940231323 0.040772914594 0.001964895609 0.711383699645 0.701617374714
2919.000000000000 -57.377300262451 170.175018310547 25.523132324219 0.040729569431 0.002016724522 0.711383945264 0.701619496178
2919.000000000000 -57.377285003662 170.175018310547 25.523374557495 0.040813711948 0.002074370050 0.711416031603 0.701581903903
2919.000000000000 -57.377239227295 170.174240112305 25.523927688599 0.040817022348 0.002101125730 0.711410342564 0.701587400436
2919.000000000000 -57.377296447754 170.174804687500 25.523109436035 0.040843717523 0.002091162884 0.711415347464 0.701580801597
2919.000000000000 -57.377334594727 170.174911499023 25.522472381592 0.040936208900 0.002065236923 0.711418802599 0.701571984123
2919.000000000000 -57.377346038818 170.175399780273 25.522424697876 0.040904192207 0.002075879160 0.711456319463 0.701535774769
2920.000000000000 -57.377399444580 170.175949096680 25.521705627441 0.040948993156 0.002038839128 0.711468680136 0.701520734034
2920.000000000000 -57.377399444580 170.176010131836 25.521728515625 0.040949068406 0.002046428559 0.711450153682 0.701539496217
2920.000000000000 -57.377330780029 170.175277709961 25.522653579712 0.040916425122 0.002066511703 0.711458159238 0.701533223261
2920.000000000000 -57.377384185791 170.175765991211 25.521883010864 0.041027005283 0.002075580432 0.711446072203 0.701538996172
2920.000000000000 -57.377372741699 170.175735473633 25.522069931030 0.041027597649 0.002106488753 0.711443587334 0.701541389354
2920.000000000000 -57.377384185791 170.176116943359 25.521970748901 0.041058115250 0.002145464192 0.711483234979 0.701499276193
2920.000000000000 -57.377388000488 170.175933837891 25.521865844727 0.041058637579 0.002108049925 0.711465313657 0.701517534968
2920.000000000000 -57.377384185791 170.175918579102 25.521911621094 0.040976120247 0.002040750401 0.711433684808 0.701554634386
2920.000000000000 -57.377342224121 170.175415039062 25.522462844849 0.040998918275 0.002112225395 0.711479669307 0.701506455685
2920.000000000000 -57.377296447754 170.175064086914 25.523159027100 0.040960533922 0.002127633253 0.711478350625 0.701509988831
2920.000000000000 -57.377326965332 170.175292968750 25.522693634033 0.040968996650 0.002073756693 0.711465631526 0.701522555592
2920.000000000000 -57.377357482910 170.175949096680 25.522329330444 0.040914074781 0.002024240460 0.711460570482 0.701531038220
2920.000000000000 -57.377315521240 170.175720214844 25.522962570190 0.040868191481 0.002064840116 0.711413355962 0.701581473757
2920.000000000000 -57.377307891846 170.175720214844 25.523111343384 0.040793148459 0.002026505914 0.711435988235 0.701563002842
2921.000000000000 -57.377334594727 170.175704956055 25.522645950317 0.040830895776 0.001986841770 0.711456607750 0.701540010049
2921.000000000000 -57.377246856689 170.174362182617 25.523752212524 0.040815065740 0.002044858174 0.711457499657 0.701539859983
2921.000000000000 -57.377265930176 170.174240112305 25.523429870605 0.040824040310 0.001983628607 0.711410638602 0.701587033970
2921.000000000000 -57.377243041992 170.174423217773 25.523864746094 0.040788241415 0.002036796532 0.711393801415 0.701606036270
2921.000000000000 -57.377197265625 170.173812866211 25.524436950684 0.040709753373 0.002008831324 0.711418710887 0.701585417733
2921.000000000000 -57.377231597900 170.174179077148 25.523984909058 0.040791518697 0.002043019265 0.711423265820 0.701575950931
2921.000000000000 -57.377246856689 170.174301147461 25.523744583130 0.040827557384 0.002087284747 0.711444674134 0.701552014784
2921.000000000000 -57.377269744873 170.175155639648 25.523553848267 0.040775218175 0.002090208905 0.711416336409 0.701583786087
2921.000000000000 -57.377182006836 170.174102783203 25.524736404419 0.040804826547 0.002227958586 0.711422298944 0.701575594570
2921.000000000000 -57.377258300781 170.174911499023 25.523702621460 0.040826004069 0.002135609394 0.711432708783 0.701564093607
2922.000000000000 -57.377265930176 170.174697875977 25.523546218872 0.040926656194 0.002186774469 0.711456399289 0.701534046744
2922.000000000000 -57.377212524414 170.174362182617 25.524337768555 0.040955159571 0.002323207155 0.711486835074 0.701501077069
2922.000000000000 -57.377265930176 170.175430297852 25.523761749268 0.040973437485 0.002330800891 0.711502219242 0.701484381011
2922.000000000000 -57.377285003662 170.175323486328 25.523424148560 0.040987941036 0.002309726599 0.711526320719 0.701459156885
2922.000000000000 -57.377300262451 170.175811767578 25.523305892944 0.040963539703 0.002261085163 0.711528620787 0.701458407684
2922.000000000000 -57.377548217773 170.182998657227 25.521301269531 0.041089143923 0.002282208977 0.711583382641 0.701395440050
2922.000000000000 -57.377353668213 170.196044921875 25.527828216553 0.041006715622 0.002305987424 0.711543430531 0.701440716072
2922.000000000000 -57.377536773682 170.214370727539 25.529214859009 0.041177202544 0.002373367844 0.711491115708 0.701483568863
2922.000000000000 -57.378639221191 170.318481445312 25.536251068115 0.041071767493 0.002402153692 0.711377779177 0.701604585836
2922.000000000000 -57.379096984863 170.363830566406 25.540718078613 0.041222119066 0.002602738805 0.711398430260 0.701574113030
2922.000000000000 -57.379268646240 170.407669067383 25.550874710083 0.040908428651 0.002357452747 0.711492042605 0.701498407833
2922.000000000000 -57.380382537842 170.473068237305 25.548273086548 0.040845987834 0.002057381298 0.711442850724 0.701552879414
2922.000000000000 -57.381336212158 170.551727294922 25.552829742432 0.040813316298 0.002015220117 0.711441479726 0.701556293555
2922.000000000000 -57.382530212402 170.636108398438 25.554801940918 0.040884678840 0.001916545071 0.711433280384 0.701560729697
2922.000000000000 -57.384281158447 170.739334106445 25.555494308472 0.040743834254 0.001815436545 0.711494978277 0.701506621528
2922.000000000000 -57.386074066162 170.844146728516 25.555238723755 0.041001618267 0.001648545352 0.711523638863 0.701462943381
2922.000000000000 -57.387565612793 170.953308105469 25.558259963989 0.040742468938 0.001513503987 0.711506278786 0.701495955639
2923.000000000000 -57.389636993408 171.068832397461 25.562767028809 0.040465800754 0.001419192155 0.711667115361 0.701349001408
2923.000000000000 -57.390872955322 171.198379516602 25.573238372803 0.040336365473 0.001337867059 0.711600921445 0.701423777990
2923.000000000000 -57.392826080322 171.328079223633 25.580188751221 0.040232453000 0.001333717140 0.711680112962 0.701349404889
2923.000000000000 -57.395660400391 171.475479125977 25.583889007568 0.040402978918 0.001118268208 0.711825258397 0.701192662739
2923.000000000000 -57.397903442383 171.627853393555 25.589290618896 0.040258200514 0.001042965692 0.711830765678 0.701195515208
2923.000000000000 -57.403491973877 171.962158203125 25.598447799683 0.040244925691 0.000587367201 0.711932778298 0.701093232132
2923.000000000000 -57.408950805664 172.300399780273 25.621284484863 0.040491884604 0.000916534891 0.712147732694 0.700860309951
2923.000000000000 -57.414783477783 172.686248779297 25.646379470825 0.040635904255 0.000987400326 0.712235302678 0.700762885679
2923.000000000000 -57.418285369873 172.888427734375 25.658941268921 0.040973502775 0.001142956895 0.712336563019 0.700640055025
2923.000000000000 -57.428058624268 173.550155639648 25.699968338013 0.041249612304 0.001088864753 0.712347740533 0.700612575120
2923.000000000000 -57.432155609131 173.788223266602 25.716154098511 0.041359282863 0.001292437953 0.712452525662 0.700499206283
2923.000000000000 -57.445106506348 174.546890258789 25.759180068970 0.041685222273 0.001835970161 0.712650103518 0.700277660227
2924.000000000000 -57.453155517578 175.082183837891 25.772985458374 0.041435834927 0.001348889824 0.712459312198 0.700487673369
2924.000000000000 -57.458343505859 175.341903686523 25.786281585693 0.041476347761 0.001297565934 0.712610213599 0.700331858745
2924.000000000000 -57.452789306641 175.615798950195 25.801164627075 0.041110678807 0.001274794120 0.711356999661 0.701626329339
2924.000000000000 -57.439792633057 175.892044067383 25.814191818237 0.040738114123 0.001496676416 0.709280489477 0.703746654176
2924.000000000000 -57.434070587158 176.168792724609 25.828527450562 0.040401891190 0.001404889670 0.708335661452 0.704717180285
2924.000000000000 -57.428451538086 176.446777343750 25.840663909912 0.040434335613 0.001213129855 0.707470326802 0.705584388656
2924.000000000000 -57.423606872559 176.731796264648 25.853425979614 0.040709139769 0.001592226472 0.706814728241 0.706224589416
2924.000000000000 -57.418190002441 177.009658813477 25.867483139038 0.041193331475 0.002225846197 0.706148762000 0.706860722474
2924.000000000000 -57.406494140625 177.792938232422 25.916692733765 0.041789886261 0.002766459959 0.704900373527 0.708068792920
2924.000000000000 -57.401180267334 178.059967041016 25.933559417725 0.041963515910 0.002832334941 0.704431819953 0.708524418951
2924.000000000000 -57.395183563232 178.337005615234 25.946014404297 0.041754699057 0.002335297938 0.703902560752 0.709064366935
2924.000000000000 -57.387840270996 178.600570678711 25.962863922119 0.041798096317 0.002164415958 0.703249150351 0.709710410645
2924.000000000000 -57.383060455322 178.866088867188 25.977197647095 0.041892581791 0.001788579871 0.702979519193 0.709972962984
2924.000000000000 -57.377479553223 179.126678466797 25.990730285645 0.042152238505 0.001602517180 0.702610526878 0.710323213930
2924.000000000000 -57.372104644775 179.394531250000 26.009187698364 0.042134845395 0.001420156135 0.702370851335 0.710561626571
2924.000000000000 -57.360656738281 179.951278686523 26.047266006470 0.042958820853 0.001903048687 0.701898471046 0.710977815730
2925.000000000000 -57.295097351074 181.006759643555 26.089925765991 0.043152096292 0.001508018186 0.694965118523 0.717745850913
2925.000000000000 -57.268924713135 181.287048339844 26.104017257690 0.043205438671 0.001403516500 0.692825268736 0.719808632354
2925.000000000000 -57.240474700928 181.574966430664 26.113468170166 0.043032928705 0.000810286532 0.690648975874 0.721908236971
2925.000000000000 -57.179981231689 182.163665771484 26.180381774902 0.043091145539 0.001493292064 0.686863761843 0.725506096406
2925.000000000000 -57.125064849854 182.717636108398 26.208517074585 0.043151533048 0.001470395082 0.683763365025 0.728425317917
2925.000000000000 -57.089050292969 182.991531372070 26.211376190186 0.042677426792 0.000757970683 0.681248428083 0.730806843125
2925.000000000000 -56.828014373779 184.362884521484 26.252000808716 0.042283224175 0.001226369917 0.659452984725 0.750554718797
2925.000000000000 -56.763645172119 184.639846801758 26.288457870483 0.042103366234 0.001900367477 0.656012170127 0.753572642683
2925.000000000000 -56.689544677734 184.929092407227 26.299757003784 0.041652426016 0.001422554317 0.651792666490 0.757251194556
2925.000000000000 -56.418518066406 185.713989257812 26.282077789307 0.041047384252 0.000983064626 0.630368855664 0.775209166380
2926.000000000000 -56.210369110107 186.240615844727 26.296880722046 0.040824031386 0.001743128730 0.617064446453 0.785851022069
2926.000000000000 -56.077796936035 186.485198974609 26.306425094604 0.040302680018 0.002027415295 0.606971748510 0.793698229859
2926.000000000000 -55.912258148193 186.748565673828 26.306831359863 0.040437108121 0.002797453608 0.595122791967 0.802611909344
2926.000000000000 -55.755577087402 186.986312866211 26.317136764526 0.040492809256 0.003858339534 0.583596860158 0.811024136773
2926.000000000000 -55.592056274414 187.239715576172 26.312454223633 0.040403106025 0.004044180008 0.573329753539 0.818317925588
2926.000000000000 0.000000000000 0.000000000000 0.000000000000 0.000000000000 0.000000000000 0.000000000000 0.000000000000
2926.000000000000 -63.209140777588 188.640335083008 27.595043182373 0.034081644518 0.032637247388 0.541774098596 0.839198473354
2926.000000000000 0.000000000000 0.000000000000 0.000000000000 0.000000000000 0.000000000000 0.000000000000 0.000000000000
2926.000000000000 -62.207511901855 189.650131225586 27.557291030884 0.029962069979 0.035200532695 0.476662900754 0.877869965260
2926.000000000000 0.000000000000 0.000000000000 0.000000000000 0.000000000000 0.000000000000 0.000000000000 0.000000000000
2926.000000000000 -61.165672302246 190.201187133789 27.506856918335 0.024848195791 0.036499243233 0.394417483248 0.917869937038
2927.000000000000 0.000000000000 0.000000000000 0.000000000000 0.000000000000 0.000000000000 0.000000000000 0.000000000000
2927.000000000000 -61.165668487549 190.201187133789 27.506856918335 0.024848194081 0.036499243702 0.394417455850 0.917869948838
2927.000000000000 -60.864532470703 190.296310424805 27.474740982056 0.024697466947 0.037027919257 0.370925844568 0.927595270661
2927.000000000000 -60.567565917969 190.369644165039 27.448415756226 0.024727698579 0.037941090854 0.346621758972 0.936911079428
2927.000000000000 -60.056297302246 190.529632568359 27.426836013794 0.023093697004 0.039905338974 0.308371233268 0.950148108230
2927.000000000000 -59.773715972900 190.623199462891 27.398912429810 0.022405133355 0.040333598978 0.293592059957 0.954816690849
2927.000000000000 -59.486522674561 190.712280273438 27.373580932617 0.021822956449 0.041059055526 0.279345221988 0.959064210303
2927.000000000000 -59.204830169678 190.786605834961 27.350509643555 0.021110537774 0.041722729547 0.264431729761 0.963270169438
2927.000000000000 -58.913555145264 190.851791381836 27.319499969482 0.020147069034 0.042072506520 0.249098431720 0.967354108442
2927.000000000000 -58.633899688721 190.929687500000 27.289989471436 0.020147595744 0.042591528258 0.237699941796 0.970195224569
2927.000000000000 -58.094203948975 191.095825195312 27.242031097412 0.019927804208 0.043415967811 0.219800427286 0.974374521692
2927.000000000000 -57.815330505371 191.177322387695 27.218938827515 0.019523990285 0.043792408700 0.211950641525 0.976103459834
2928.000000000000 -56.712997436523 191.522811889648 27.118461608887 0.019869541269 0.044318010830 0.187216810473 0.981117210695
2928.000000000000 -56.178997039795 191.676071166992 27.074739456177 0.018779003516 0.044008017882 0.177486700249 0.982959365703
2928.000000000000 -55.905361175537 191.753479003906 27.050765991211 0.018960245984 0.044289433878 0.173364650922 0.983678632954
2928.000000000000 -55.349208831787 191.912551879883 27.002182006836 0.019105175031 0.044593325698 0.166231526709 0.984892637356
2928.000000000000 -54.833095550537 192.075469970703 26.951410293579 0.018684611591 0.044306217935 0.163162346987 0.985426756724
2928.000000000000 -54.563316345215 192.157104492188 26.928266525269 0.018522872241 0.044350836984 0.161376948968 0.985721759324
2928.000000000000 -53.754833221436 192.397140502930 26.846826553345 0.017740878403 0.044131869259 0.155694986324 0.986659369075
2928.000000000000 -53.492580413818 192.474777221680 26.822830200195 0.017595854522 0.044115496038 0.154349989811 0.986873998826
2928.000000000000 -52.699359893799 192.710968017578 26.760732650757 0.017338340732 0.043981885586 0.151027322126 0.987398462452
2928.000000000000 -52.428779602051 192.790573120117 26.736236572266 0.016979797970 0.043801555945 0.150077088099 0.987557582010
2928.000000000000 -52.160236358643 192.871093750000 26.714189529419 0.016818913579 0.043851051666 0.149490413313 0.987647115999
2928.000000000000 0.000000000000 0.000000000000 0.000000000000 0.000000000000 0.000000000000 0.000000000000 0.000000000000
2929.000000000000 -49.429424285889 190.767044067383 26.394411087036 0.016618930592 0.048543762749 0.010452536230 0.998628088294
2929.000000000000 -49.149932861328 190.771072387695 26.369554519653 0.016493610443 0.048541542745 0.010065435101 0.998634250594
2929.000000000000 -48.866405487061 190.771865844727 26.338216781616 0.016263290792 0.048485492658 0.009108797885 0.998649934750
2929.000000000000 -48.292144775391 190.786163330078 26.266836166382 0.016165930758 0.047897714117 0.009512620283 0.998676114524
2929.000000000000 -48.004299163818 190.795623779297 26.237401962280 0.015948294410 0.047882810397 0.010120603835 0.998674352205
2929.000000000000 -47.442993164062 190.805099487305 26.185842514038 0.015420757718 0.047755347572 0.009663381416 0.998693269262
2929.000000000000 -47.160694122314 190.813247680664 26.160938262939 0.015812889141 0.047927512101 0.010057500342 0.998674998590
2929.000000000000 -46.879615783691 190.818038940430 26.133792877197 0.015563347173 0.047782582091 0.009832701476 0.998688101989
2929.000000000000 0.000000000000 0.000000000000 0.000000000000 0.000000000000 0.000000000000 0.000000000000 0.000000000000
2929.000000000000 -45.645214080811 190.813934326172 25.969858169556 0.013799755928 0.046061447926 0.006573174792 0.998821657316
2929.000000000000 -45.361633300781 190.817169189453 25.942304611206 0.014073017644 0.045977094108 0.006400242081 0.998822854110
2929.000000000000 -45.083030700684 190.820663452148 25.918823242188 0.014017296406 0.046106910778 0.006336688920 0.998818058784
2929.000000000000 -44.809143066406 190.823608398438 25.893007278442 0.013489618022 0.046076362997 0.006194624532 0.998827625572
2929.000000000000 -44.530811309814 190.827133178711 25.869729995728 0.013158623998 0.046085417914 0.006171300229 0.998831767578
2929.000000000000 -43.957775115967 190.835357666016 25.819913864136 0.013624989134 0.046258161290 0.006242556441 0.998817086695
2930.000000000000 -43.677238464355 190.838531494141 25.794261932373 0.013861299860 0.046443482153 0.006113479913 0.998806033570
2930.000000000000 -42.829418182373 190.857070922852 25.705997467041 0.013759711031 0.046025850988 0.007305236901 0.998818764795
2930.000000000000 -42.271270751953 190.868316650391 25.650978088379 0.014094388640 0.045880398298 0.007690426631 0.998817898618
2930.000000000000 -41.988853454590 190.872451782227 25.624992370605 0.014129499023 0.045892900939 0.007584914006 0.998817634997
2930.000000000000 -41.699195861816 190.878326416016 25.598827362061 0.014454562535 0.045889484203 0.007758650555 0.998811806199
2930.000000000000 -40.591930389404 190.900299072266 25.511146545410 0.013655625898 0.046149576128 0.008461992780 0.998805354002
2930.000000000000 -40.312759399414 190.906967163086 25.484861373901 0.013653357030 0.046211717157 0.008740338245 0.998800114901
2930.000000000000 -40.034774780273 190.914199829102 25.459426879883 0.013481259269 0.045982499779 0.009104928010 0.998809774506
2930.000000000000 -39.762950897217 190.919860839844 25.435268402100 0.013821574526 0.046204121119 0.009162507274 0.998794369092
2930.000000000000 -39.486038208008 190.925521850586 25.411712646484 0.014166650960 0.046287762112 0.009197277400 0.998785341887
2930.000000000000 -39.211418151855 190.933120727539 25.398420333862 0.014549290707 0.046631452066 0.009643647391 0.998759643700
2930.000000000000 -38.667888641357 190.945205688477 25.352628707886 0.014955863218 0.046938402977 0.009808537489 0.998737653778
2930.000000000000 -38.378345489502 190.950881958008 25.321870803833 0.014882295905 0.046825474630 0.009718408470 0.998744934771
2931.000000000000 -38.107532501221 190.951065063477 25.291206359863 0.014306592124 0.046476427308 0.008704667026 0.998779000529
2931.000000000000 -37.820167541504 190.949844360352 25.267425537109 0.014387175317 0.046484971620 0.007566366177 0.998786717324
2931.000000000000 -37.526962280273 190.951110839844 25.240739822388 0.014097445799 0.046700001053 0.006978311325 0.998785099556
2931.000000000000 -36.693950653076 190.959426879883 25.169696807861 0.013934850212 0.046809160414 0.006222855942 0.998787263893
2931.000000000000 -35.856548309326 190.965545654297 25.088426589966 0.012983283067 0.046732274541 0.005282907172 0.998809100764
2931.000000000000 -35.295558929443 190.972656250000 25.045310974121 0.013498085849 0.047069504897 0.005393656116 0.998785848849
2931.000000000000 -35.015895843506 190.976425170898 25.020809173584 0.013561858881 0.047159897422 0.005470868054 0.998780300998
2931.000000000000 -34.731075286865 190.979492187500 24.994585037231 0.013457881413 0.047178310880 0.005405871744 0.998781191734
2931.000000000000 -34.454612731934 190.981658935547 24.969461441040 0.013388214647 0.047320985068 0.005203798494 0.998776451746
2931.000000000000 -34.161575317383 190.985336303711 24.931243896484 0.013561546454 0.046901121267 0.005182436810 0.998794028632
2931.000000000000 -33.887023925781 190.987976074219 24.903772354126 0.013566680024 0.046742655612 0.005068445476 0.998801972465
2931.000000000000 -33.597682952881 190.992950439453 24.870124816895 0.013541362948 0.046393432642 0.005320390770 0.998817287766
2931.000000000000 -33.319076538086 190.995773315430 24.845743179321 0.013539129878 0.046586712301 0.005240928581 0.998808741885
2931.000000000000 -32.801490783691 190.976531982422 24.813365936279 0.013627026374 0.047185278521 0.000437539249 0.998793102801
2932.000000000000 -32.518249511719 190.954956054688 24.784435272217 0.013366926280 0.047204055190 -0.003454365587 0.998789852679
2932.000000000000 -32.238746643066 190.937042236328 24.757574081421 0.012941644277 0.047253849271 -0.006340812809 0.998778945345
2932.000000000000 -31.958776473999 190.916870117188 24.731689453125 0.012843404144 0.047330020692 -0.009342854156 0.998753036134
2932.000000000000 -31.678920745850 190.899414062500 24.708824157715 0.012705088651 0.047568336281 -0.011548417492 0.998720415411
2932.000000000000 0.000000000000 0.000000000000 0.000000000000 0.000000000000 0.000000000000 0.000000000000 0.000000000000
2932.000000000000 -31.678920745850 190.899414062500 24.708824157715 0.012705089583 0.047568336280 -0.011548417492 0.998720415399
2932.000000000000 -31.405059814453 190.886657714844 24.682144165039 0.012625713560 0.047536260912 -0.012771085250 0.998708062768
2932.000000000000 -31.121654510498 190.872299194336 24.656637191772 0.012903534238 0.047601060877 -0.014083339639 0.998683782462
2932.000000000000 -30.841926574707 190.858444213867 24.628978729248 0.012576390191 0.047406754407 -0.015192952494 0.998680934153
2932.000000000000 0.000000000000 0.000000000000 0.000000000000 0.000000000000 0.000000000000 0.000000000000 0.000000000000
2932.000000000000 -30.867593765259 190.861129760742 24.638586044312 0.011937923137 0.047460436898 -0.014876994659 0.998690977205
2932.000000000000 0.000000000000 0.000000000000 0.000000000000 0.000000000000 0.000000000000 0.000000000000 0.000000000000
2932.000000000000 -30.023857116699 190.759613037109 24.561742782593 0.011196556774 0.047626516374 -0.028047295529 0.998408584332
2932.000000000000 0.000000000000 0.000000000000 0.000000000000 0.000000000000 0.000000000000 0.000000000000 0.000000000000
2933.000000000000 -29.459779739380 190.670471191406 24.497856140137 0.010911647723 0.047485907649 -0.037652978260 0.998102338314
2933.000000000000 0.000000000000 0.000000000000 0.000000000000 0.000000000000 0.000000000000 0.000000000000 0.000000000000
2933.000000000000 -28.615974426270 190.538787841797 24.411731719971 0.010629799493 0.047644745102 -0.048487264068 0.997630177395
2933.000000000000 0.000000000000 0.000000000000 0.000000000000 0.000000000000 0.000000000000 0.000000000000 0.000000000000
2933.000000000000 -27.775617599487 190.403442382812 24.331287384033 0.009924588274 0.047802860507 -0.056939621752 0.997183167001
2933.000000000000 0.000000000000 0.000000000000 0.000000000000 0.000000000000 0.000000000000 0.000000000000 0.000000000000
2933.000000000000 -27.775621414185 190.403442382812 24.331285476685 0.009924589204 0.047802864224 -0.056939625465 0.997183166601
2933.000000000000 0.000000000000 0.000000000000 0.000000000000 0.000000000000 0.000000000000 0.000000000000 0.000000000000
2933.000000000000 -27.775617599487 190.403442382812 24.331285476685 0.009924590132 0.047802867930 -0.056939632902 0.997183165990
2934.000000000000 0.000000000000 0.000000000000 0.000000000000 0.000000000000 0.000000000000 0.000000000000 0.000000000000
2934.000000000000 -27.775617599487 190.403442382812 24.331285476685 0.009924591062 0.047802871647 -0.056939636615 0.997183165590
2934.000000000000 0.000000000000 0.000000000000 0.000000000000 0.000000000000 0.000000000000 0.000000000000 0.000000000000
2934.000000000000 -27.775617599487 190.403442382812 24.331283569336 0.009924591758 0.047802875364 -0.056939640328 0.997183165193
2934.000000000000 0.000000000000 0.000000000000 0.000000000000 0.000000000000 0.000000000000 0.000000000000 0.000000000000
2935.000000000000 -27.775617599487 190.403442382812 24.331283569336 0.009924592919 0.047802879070 -0.056939647765 0.997183164579
2935.000000000000 0.000000000000 0.000000000000 0.000000000000 0.000000000000 0.000000000000 0.000000000000 0.000000000000
2935.000000000000 -27.775621414185 190.403442382812 24.331281661987 0.009924594783 0.047802882786 -0.056939651477 0.997183164171
2935.000000000000 0.000000000000 0.000000000000 0.000000000000 0.000000000000 0.000000000000 0.000000000000 0.000000000000
2936.000000000000 -25.223430633545 189.835891723633 24.037384033203 0.009999927120 0.047281492019 -0.090531453637 0.994720321433
2936.000000000000 0.000000000000 0.000000000000 0.000000000000 0.000000000000 0.000000000000 0.000000000000 0.000000000000
2936.000000000000 -24.679058074951 189.737457275391 23.989131927490 0.009568496757 0.047358272064 -0.090291896575 0.994742686000
2936.000000000000 0.000000000000 0.000000000000 0.000000000000 0.000000000000 0.000000000000 0.000000000000 0.000000000000
2936.000000000000 -24.048166275024 189.617568969727 23.905961990356 0.011046725990 0.046775071449 -0.091115041416 0.994679904172
2936.000000000000 0.000000000000 0.000000000000 0.000000000000 0.000000000000 0.000000000000 0.000000000000 0.000000000000
2936.000000000000 -23.530839920044 189.518157958984 23.866147994995 0.009933545298 0.046940596932 -0.091810039904 0.994619938273
2936.000000000000 0.000000000000 0.000000000000 0.000000000000 0.000000000000 0.000000000000 0.000000000000 0.000000000000
2936.000000000000 -23.530843734741 189.518157958984 23.866147994995 0.009933545539 0.046940596964 -0.091810032476 0.994619938955
2936.000000000000 0.000000000000 0.000000000000 0.000000000000 0.000000000000 0.000000000000 0.000000000000 0.000000000000
2936.000000000000 -20.378784179688 188.895599365234 23.540685653687 0.012180488430 0.046787207466 -0.095572756359 0.994247675965
2936.000000000000 0.000000000000 0.000000000000 0.000000000000 0.000000000000 0.000000000000 0.000000000000 0.000000000000
2936.000000000000 -19.857902526855 188.829330444336 23.501956939697 0.013174366728 0.046881794331 -0.089400076066 0.994804583735
2937.000000000000 0.000000000000 0.000000000000 0.000000000000 0.000000000000 0.000000000000 0.000000000000 0.000000000000
2937.000000000000 -19.257385253906 188.764526367188 23.439563751221 0.014043350616 0.046671184363 -0.082775190894 0.995375734397
2937.000000000000 0.000000000000 0.000000000000 0.000000000000 0.000000000000 0.000000000000 0.000000000000 0.000000000000
2937.000000000000 -18.451917648315 188.669723510742 23.369394302368 0.014082243911 0.046776931820 -0.076036694837 0.995907641347
