0 0
1 1
2 2
3 3
4 4
5 9
6 10
7 11
8 12
9 13
10 14
11 15
12 16
13 17
14 18
15 19
16 20
17 21
18 22
19 23
20 24
21 25
22 26
23 27
24 28
25 29
26 30
27 31
28 32
29 33
30 34
31 35
32 36
33 38
34 39
35 40
36 41
37 42
38 43
39 48
40 49
41 50
42 51
43 52
44 53
45 54
46 55
47 56
48 57
49 58
50 59
51 60
52 61
53 62
54 63
55 64
56 65
57 66
59 67
60 68
61 69
62 70
63 71
64 72
65 73
66 74
67 76
68 77
69 78
70 79
71 80
72 81
73 82
74 83
75 84
76 85
79 86
80 87
81 88
82 89
83 90
84 91
85 92
86 93
87 94
90 95
91 96
92 97
93 98
94 99
95 100
96 101
97 102
98 103
99 104
100 105
101 106
102 107
103 108
104 109
105 110
106 111
107 112
108 113
109 114
110 115
111 116
112 117
113 118
114 119
115 120
116 121
117 124
118 125
119 126
120 127
121 128
122 129
123 130
124 131
125 132
126 133
127 134
128 135
129 136
130 137
131 138
132 139
133 140
136 141
137 142
138 143
139 144
140 145
141 146
142 147
143 148
144 149
148 150
149 151
150 152
151 153
152 154
153 155
154 156
155 158
156 159
157 160
158 161
159 162
160 163
161 166
162 167
163 168
164 169
165 170
166 171
167 172
168 174
169 175
170 176
171 177
172 178
173 179
174 180
175 181
178 182
179 183
180 184
181 185
182 186
183 187
184 190
185 191
186 192
187 193
188 194
189 195
190 196
191 197
193 198
194 199
195 200
196 201
197 202
198 203
199 204
200 205
203 206
204 207
205 208
206 209
207 210
208 211
209 214
210 215
211 216
212 217
213 218
214 219
215 220
216 221
220 222
221 223
222 224
223 225
224 226
225 227
226 228
227 229
228 230
229 231
230 232
231 233
232 234
233 235
234 238
235 239
236 240
237 241
238 242
239 243
240 244
241 245
243 246
244 247
245 248
246 249
247 250
248 253
249 254
250 255
251 256
252 257
253 258
255 259
256 260
257 261
258 262
259 263
260 264
261 265
262 266
263 267
264 268
265 270
266 271
267 272
268 273
269 274
271 275
272 276
273 277
274 281
275 282
276 283
277 284
278 285
279 286
281 287
282 288
283 289
284 290
285 291
287 292
288 293
289 294
290 295
291 296
292 297
293 298
294 299
295 300
296 303
297 304
298 305
299 306
300 307
301 308
305 309
306 310
307 311
308 312
309 313
310 314
312 315
313 316
314 317
315 318
316 319
317 320
318 321
320 322
321 323
322 324
323 325
324 326
325 327
326 328
327 331
328 332
329 333
330 334
331 335
332 336
333 337
334 338
335 339
336 340
337 341
338 342
339 343
340 344
341 345
342 346
343 347
344 348
345 349
346 350
347 355
348 356
349 357
350 358
351 359
352 360
353 361
354 362
355 363
356 364
357 365
358 369
359 370
360 371
361 372
362 373
363 374
364 382
365 383
366 384
367 385
368 386
369 387
370 388
371 389
372 390
373 391
374 392
375 393
376 394
377 395
379 396
380 397
381 398
382 399
383 400
384 401
385 402
386 403
387 409
388 410
389 411
390 412
391 413
392 414
393 415
394 416
395 417
396 418
397 422
398 423
399 424
400 425
401 426
402 427
403 428
404 429
405 430
406 431
407 434
408 435
409 436
410 437
411 447
412 448
413 449
414 450
415 451
416 452
417 453
418 454
419 455
420 456
421 457
422 458
425 459
426 460
427 461
428 462
429 463
430 464
431 465
432 466
433 467
434 468
435 471
436 472
437 473
438 474
439 475
440 476
441 477
442 483
443 484
444 485
445 486
446 487
447 488
448 489
449 490
450 491
451 492
452 494
453 495
454 496
455 497
456 498
457 499
458 500
459 501
460 502
461 503
462 506
463 507
464 508
465 509
466 510
467 511
468 512
469 513
470 514
471 515
472 516
473 517
474 518
475 519
476 520
477 521
478 522
479 523
480 524
481 525
483 526
484 527
485 528
486 529
487 530
488 531
489 532
490 533
496 534
497 535
498 536
499 537
500 538
501 539
502 540
503 541
504 542
505 543
507 544
508 545
509 546
510 547
511 548
512 553
513 554
514 555
515 556
516 557
517 558
518 559
519 560
520 561
523 562
524 563
525 564
526 565
527 566
528 567
529 568
530 569
533 570
534 571
535 572
536 573
537 574
538 575
539 576
540 578
541 579
542 580
543 581
544 582
545 583
546 584
548 585
549 586
550 587
551 588
552 589
553 591
554 592
555 593
556 594
557 595
558 596
559 597
560 598
561 599
562 600
563 601
564 605
565 606
566 607
567 608
568 609
569 610
570 611
574 612
575 613
576 614
577 615
578 616
579 617
582 618
583 619
584 620
585 621
586 622
587 623
588 625
589 626
590 627
591 628
592 629
593 632
594 633
595 634
596 635
597 636
598 637
599 638
601 639
602 640
603 641
604 642
605 643
606 644
607 645
609 646
610 647
611 648
612 649
613 650
614 651
615 652
618 653
619 654
620 655
621 660
622 661
623 662
624 663
625 664
626 665
627 666
628 667
629 668
630 669
631 670
632 671
633 672
635 673
636 674
637 675
638 676
639 677
640 678
641 679
642 680
643 681
645 682
646 683
647 684
648 685
649 686
650 687
651 688
652 689
653 690
654 691
655 692
656 693
657 694
658 695
659 696
660 697
661 698
662 699
664 700
665 701
666 702
667 703
668 704
669 705
670 706
671 707
672 708
673 709
674 710
675 711
676 712
677 713
678 714
679 715
680 716
681 717
682 720
683 721
684 722
685 723
686 724
687 725
688 726
689 727
690 728
691 729
692 730
693 731
694 732
695 733
696 734
697 735
698 736
699 737
700 738
702 739
703 740
704 741
705 742
706 743
707 744
708 745
709 746
710 747
711 749
712 750
713 751
714 752
715 753
716 754
717 755
718 756
719 757
721 758
722 759
723 760
724 761
725 762
726 763
727 764
728 765
729 766
730 767
731 768
732 769
733 770
734 771
735 772
736 773
737 774
738 775
739 776
741 777
742 778
743 779
744 780
745 781
746 782
747 783
748 784
749 785
751 786
752 787
753 788
754 789
755 790
756 791
757 794
758 795
759 796
760 797
761 798
762 799
763 800
764 801
765 802
767 803
768 804
769 805
770 806
771 807
772 811
773 812
774 813
775 814
776 815
777 816
778 817
779 818
782 819
783 820
784 821
785 822
786 823
787 824
788 825
789 828
790 829
791 830
792 831
793 832
794 833
795 834
800 835
801 836
802 837
803 838
804 839
805 840
806 841
808 842
809 843
810 844
811 850
812 851
813 852
814 853
815 854
818 855
819 856
820 857
821 858
822 859
823 860
825 861
826 862
827 863
828 867
829 868
830 869
831 870
832 871
836 872
837 873
838 874
839 875
840 876
841 877
842 878
843 879
844 880
845 881
846 882
847 884
848 885
849 886
850 887
851 888
852 889
854 890
855 891
856 892
857 893
858 894
861 895
862 896
863 897
864 901
865 902
866 903
867 904
868 905
870 906
871 907
872 908
873 909
874 912
875 913
876 914
877 915
878 917
879 918
880 919
881 920
882 921
886 922
887 923
888 924
889 925
890 928
891 929
892 930
893 931
894 933
895 934
896 935
897 936
898 937
899 938
900 939
901 940
902 941
903 942
904 943
906 944
907 945
908 946
909 947
910 948
911 949
912 950
913 951
914 952
915 953
916 954
919 955
920 956
921 957
922 961
923 962
924 963
925 964
926 965
931 966
932 967
933 968
934 969
935 972
936 973
937 974
938 975
939 978
940 979
941 980
942 981
944 982
945 983
946 984
947 985
948 989
949 990
953 991
954 992
955 993
956 995
957 996
958 997
959 998
961 999
962 1000
963 1001
964 1002
965 1003
966 1004
967 1005
968 1007
969 1008
970 1009
971 1010
972 1011
974 1012
975 1015
976 1016
977 1017
980 1018
981 1019
982 1020
983 1021
984 1023
985 1024
986 1025
987 1026
989 1027
990 1028
991 1029
992 1031
993 1032
994 1033
995 1034
996 1035
997 1036
998 1037
999 1038
1004 1039
1005 1040
1006 1041
1007 1042
1008 1045
1009 1046
1010 1047
1011 1048
1012 1049
1013 1050
1014 1051
1016 1052
1017 1053
1018 1054
1019 1055
1020 1056
1021 1057
1023 1058
1024 1059
1025 1060
1026 1061
1027 1062
1028 1063
1029 1065
1030 1066
1031 1067
1032 1068
1033 1069
1034 1072
1035 1073
1036 1074
1037 1075
1038 1076
1039 1078
1040 1079
1041 1080
1042 1081
1043 1082
1044 1083
1049 1084
1050 1085
1051 1086
1052 1087
1053 1088
1054 1091
1055 1092
1056 1093
1057 1094
1058 1095
1059 1096
1060 1097
1062 1098
1063 1099
1064 1100
1065 1101
1066 1102
1067 1103
1069 1104
1070 1105
1071 1106
1072 1107
1073 1110
1074 1111
1075 1112
1076 1113
1077 1116
1078 1117
1079 1118
1080 1119
1081 1120
1082 1121
1083 1122
1085 1123
1086 1124
1087 1125
1088 1126
1089 1127
1090 1128
1092 1129
1093 1130
1094 1131
1095 1132
1096 1133
1097 1134
1098 1135
1099 1136
1100 1137
1101 1138
1102 1139
1103 1140
1104 1142
1105 1143
1106 1144
1107 1145
1108 1146
1111 1147
1112 1148
1113 1149
1114 1150
1115 1153
1116 1154
1117 1155
1118 1156
1119 1157
1120 1158
1122 1159
1123 1160
1124 1161
1125 1162
1126 1163
1127 1164
1130 1165
1131 1166
1132 1167
1133 1168
1134 1169
1135 1172
1136 1173
1137 1174
1138 1175
1139 1178
1140 1179
1141 1180
1142 1181
1143 1182
1144 1183
1146 1184
1147 1185
1148 1186
1149 1187
1150 1188
1151 1189
1152 1190
1153 1191
1154 1192
1155 1193
1156 1194
1157 1195
1158 1196
1159 1197
1160 1198
1161 1199
1162 1200
1166 1201
1167 1202
1168 1203
1169 1204
1170 1207
1171 1208
1172 1209
1173 1210
1174 1211
1175 1212
1177 1213
1178 1214
1179 1215
1180 1216
1181 1217
1183 1218
1184 1219
1185 1220
1186 1223
1187 1224
1188 1225
1189 1226
1190 1228
1191 1229
1192 1230
1193 1231
1194 1232
1196 1233
1197 1234
1198 1235
1199 1236
1200 1238
1201 1239
1202 1240
1203 1241
1204 1242
1205 1243
1206 1244
1207 1245
1208 1246
1209 1247
1210 1248
1211 1249
1212 1250
1213 1251
1215 1252
1216 1253
1217 1254
1218 1255
1219 1256
1221 1257
1222 1258
1223 1259
1224 1260
1225 1262
1226 1263
1227 1264
1228 1265
1229 1266
1230 1267
1231 1268
1232 1269
1233 1271
1234 1272
1235 1273
1236 1274
1237 1275
1238 1276
1239 1277
1240 1278
1241 1281
1242 1282
1243 1283
1244 1284
1245 1285
1249 1286
1250 1287
1251 1288
1252 1289
1254 1290
1255 1291
1256 1292
1257 1293
1258 1294
1259 1296
1260 1297
1261 1298
1262 1300
1263 1301
1264 1302
1265 1303
1266 1304
1268 1305
1269 1306
1270 1307
1271 1308
1272 1309
1273 1310
1274 1311
1275 1312
1276 1313
1277 1314
1279 1315
1280 1316
1281 1320
1282 1321
1283 1322
1284 1323
1285 1324
1286 1325
1287 1326
1288 1327
1289 1328
1290 1329
1293 1330
1294 1331
1295 1332
1296 1333
1297 1334
1299 1335
1300 1336
1301 1337
1302 1338
1303 1340
1304 1341
1305 1342
1306 1343
1307 1345
1308 1346
1309 1347
1310 1348
1311 1349
1314 1350
1315 1351
1316 1352
1317 1353
1318 1354
1319 1355
1320 1356
1321 1357
1322 1358
1323 1359
1324 1360
1325 1361
1326 1362
1327 1363
1328 1364
1329 1365
1330 1366
1331 1367
1332 1368
1333 1370
1334 1371
1335 1372
1336 1373
1337 1374
1338 1375
1339 1376
1340 1377
1341 1378
1342 1379
1343 1380
1344 1381
1345 1382
1346 1383
1347 1384
1348 1386
1349 1387
1350 1388
1351 1389
1352 1390
1353 1392
1354 1393
1355 1394
1356 1395
1357 1396
1358 1397
1362 1398
1363 1399
1364 1400
1365 1401
1366 1404
1367 1405
1368 1406
1369 1407
1370 1408
1371 1409
1373 1410
1374 1411
1375 1412
1376 1413
1377 1414
1378 1415
1379 1416
1381 1417
1382 1418
1383 1419
1384 1420
1385 1421
1386 1425
1387 1426
1388 1427
1389 1428
1390 1429
1391 1430
1392 1431
1394 1432
1395 1433
1396 1434
1397 1435
1398 1436
1399 1437
1400 1438
1401 1439
1405 1440
1406 1441
1407 1442
1408 1443
1409 1444
1410 1448
1411 1449
1412 1450
1413 1451
1414 1452
1415 1453
1416 1454
1417 1455
1419 1456
1420 1457
1421 1458
1422 1459
1423 1460
1424 1461
1425 1462
1426 1463
1428 1464
1429 1465
1430 1466
1431 1467
1432 1468
1433 1469
1434 1470
1435 1472
1436 1473
1437 1474
1438 1475
1439 1476
1440 1477
1441 1478
1442 1479
1443 1480
1444 1481
1445 1482
1446 1483
1447 1484
1448 1485
1449 1486
1450 1487
1451 1488
1452 1489
1453 1490
1454 1491
1455 1494
1456 1495
1457 1496
1458 1497
1459 1498
1460 1499
1461 1500
1462 1501
1463 1502
1464 1503
1465 1504
1466 1505
1467 1507
1468 1508
1469 1509
1470 1510
1471 1511
1472 1512
1473 1513
1474 1520
1475 1521
1476 1522
1477 1523
1478 1524
1479 1525
1480 1526
1481 1533
1482 1534
1483 1535
1484 1536
1485 1537
1486 1538
1487 1539
1488 1540
1489 1541
1490 1542
1491 1546
1492 1547
1493 1548
1494 1549
1495 1550
1496 1551
1497 1552
1498 1553
1499 1554
1500 1555
1501 1556
1502 1557
1503 1558
1504 1559
1505 1560
1506 1561
1507 1562
1508 1563
1509 1564
1510 1565
1511 1574
1512 1575
1513 1576
1514 1577
1515 1578
1516 1579
1517 1580
1518 1581
1519 1582
1520 1583
1521 1584
1522 1586
1523 1587
1524 1588
1525 1589
1526 1590
1527 1591
1528 1592
1529 1593
1530 1594
1531 1595
1532 1599
1533 1600
1534 1601
1535 1602
1536 1603
1537 1604
1538 1605
1539 1606
1540 1607
1541 1608
1542 1609
1543 1610
1545 1611
1546 1612
1547 1613
1548 1614
1549 1615
1550 1616
1551 1617
1552 1618
1553 1619
1554 1623
1555 1624
1556 1625
1557 1626
1558 1627
1559 1628
1560 1629
1561 1630
1562 1631
1563 1632
1564 1633
1565 1636
1566 1637
1567 1638
1568 1639
1569 1640
1570 1641
1571 1642
1572 1643
1573 1644
1574 1645
1575 1646
1576 1647
1580 1648
1581 1649
1582 1650
1583 1651
1584 1652
1585 1653
1586 1654
1587 1655
1588 1656
1589 1657
1590 1658
1591 1659
1592 1660
1593 1661
1594 1662
1595 1663
1596 1664
1597 1665
1598 1666
1599 1667
1600 1668
1601 1669
1604 1670
1605 1671
1606 1672
1607 1673
1608 1674
1609 1675
1614 1676
1615 1677
1616 1678
1617 1679
1618 1680
1619 1681
1620 1683
1621 1684
1622 1685
1623 1686
1624 1687
1625 1688
1626 1690
1627 1691
1628 1692
1629 1693
1630 1694
1631 1695
1632 1696
1633 1697
1634 1698
1635 1699
1636 1700
1637 1701
1638 1702
1639 1703
1640 1704
1641 1705
1642 1706
1643 1707
1644 1708
1645 1710
1646 1711
1647 1712
1648 1713
1649 1714
1650 1715
1651 1716
1653 1717
1654 1718
1655 1719
1656 1720
1657 1721
1658 1722
1659 1723
1660 1724
1661 1725
1662 1726
1663 1727
1664 1728
1665 1729
1666 1730
1667 1731
1668 1732
1669 1733
1670 1734
1671 1735
1672 1736
1673 1737
1674 1738
1675 1739
1676 1740
1677 1741
1678 1742
1680 1743
1681 1744
1682 1745
1683 1746
1684 1747
1685 1748
1686 1750
1687 1751
1688 1752
1689 1753
1690 1754
1691 1755
1692 1757
1693 1758
1694 1759
1695 1760
1696 1761
1697 1762
1698 1763
1700 1764
1701 1765
1702 1766
1703 1767
1704 1768
1705 1771
1706 1772
1707 1773
1708 1774
1709 1775
1710 1776
1711 1777
1712 1778
1713 1779
1714 1780
1715 1781
1716 1782
1717 1783
1718 1784
1719 1785
1720 1786
1721 1787
1722 1788
1723 1789
1724 1792
1725 1793
1726 1794
1727 1795
1728 1796
1729 1797
1730 1798
1731 1799
1732 1800
1733 1801
1734 1803
1735 1804
1736 1805
1737 1806
1738 1807
1739 1808
1740 1809
1741 1810
1742 1811
1743 1812
1746 1813
1747 1814
1748 1815
1749 1816
1750 1817
1751 1818
1752 1819
1753 1820
1754 1824
1755 1825
1756 1826
1757 1827
1758 1828
1759 1829
1760 1830
1761 1831
1762 1832
1763 1833
1764 1834
1766 1835
1767 1836
1768 1837
1769 1838
1770 1839
1771 1840
1772 1841
1773 1842
1774 1843
1775 1844
1776 1847
1777 1848
1778 1849
1779 1850
1780 1851
1781 1852
1782 1853
1783 1854
1784 1855
1785 1856
1786 1857
1790 1858
1791 1859
1792 1860
1793 1861
1794 1868
1795 1869
1796 1870
1797 1871
1798 1872
1799 1873
1800 1874
1801 1875
1802 1876
1803 1879
1804 1880
1805 1881
1806 1882
1807 1883
1808 1884
1809 1885
1810 1886
1811 1887
1812 1888
1813 1889
1815 1890
1816 1891
1817 1892
1818 1893
1819 1894
1820 1895
1821 1896
1822 1897
1823 1898
1824 1899
1825 1900
1826 1901
1827 1902
1828 1903
1829 1904
1830 1905
1831 1906
1832 1907
1833 1908
1834 1909
1836 1910
1837 1911
1838 1912
1839 1913
1840 1914
1841 1915
1842 1916
1843 1917
1844 1918
1845 1919
1849 1920
1850 1921
1851 1922
1852 1923
1853 1924
1854 1925
1855 1926
1856 1927
1857 1928
1858 1930
1859 1931
1860 1932
1861 1933
1862 1934
1863 1935
1864 1942
1865 1943
1866 1944
1867 1945
1868 1946
1869 1947
1870 1948
1871 1949
1872 1950
1875 1951
1876 1952
1877 1953
1878 1954
1879 1955
1880 1956
1881 1957
1882 1958
1883 1959
1884 1960
1886 1961
1887 1962
1888 1963
1889 1964
1890 1965
1891 1966
1892 1967
1893 1968
1897 1969
1898 1970
1899 1971
1900 1972
1901 1973
1902 1974
1903 1975
1904 1976
1905 1977
1906 1978
1907 1979
1908 1980
1909 1981
1910 1982
1911 1983
1912 1984
1913 1985
1914 1986
1915 1987
1916 1988
1917 1989
1918 1990
1919 1991
1920 1992
1921 1993
1922 1994
1923 1995
1924 1996
1925 1997
1926 1998
1927 1999
1930 2000
1931 2001
1932 2002
1933 2003
1934 2004
1935 2005
1936 2006
1937 2007
1938 2008
1939 2011
1940 2012
1941 2013
1942 2014
1943 2015
1944 2016
1945 2017
1946 2018
1947 2019
1948 2021
1949 2022
1950 2023
1951 2024
1952 2025
1953 2026
1954 2027
1955 2028
1956 2029
1958 2030
1959 2031
1960 2032
1961 2033
1962 2034
1963 2035
1964 2036
1965 2037
1966 2038
1967 2041
1968 2042
1969 2043
1970 2044
1971 2045
1972 2046
1973 2047
1974 2048
1975 2049
1976 2050
1977 2051
1978 2052
1979 2053
1980 2054
1981 2055
1982 2056
1983 2059
1984 2060
1985 2061
1986 2062
1987 2063
1988 2064
1989 2065
1990 2066
1991 2067
1993 2068
1994 2069
1995 2070
1996 2071
1997 2072
1998 2073
1999 2074
2000 2075
2001 2076
2002 2077
2005 2078
2006 2079
2007 2080
2008 2081
2009 2082
2010 2086
2011 2087
2012 2088
2013 2089
2014 2090
2015 2091
2016 2092
2017 2093
2018 2094
2019 2095
2020 2096
2021 2097
2022 2098
2023 2099
2024 2100
2025 2101
2026 2102
2027 2104
2028 2105
2029 2106
2030 2107
2031 2108
2032 2109
2033 2110
2034 2111
2035 2112
2036 2113
2037 2114
2038 2115
2039 2116
2040 2117
2041 2118
2042 2119
2043 2120
2044 2121
2045 2122
2046 2123
2047 2124
2048 2125
2049 2126
2050 2127
2051 2128
2052 2129
2057 2130
2058 2131
2059 2132
2060 2133
2061 2134
2062 2135
2063 2136
2064 2137
2065 2139
2066 2140
2067 2141
2068 2142
2069 2143
2070 2144
2071 2145
2072 2146
2076 2147
2077 2148
2078 2149
2079 2150
2080 2151
2081 2152
2082 2153
2083 2154
2084 2155
2085 2156
2086 2157
2087 2158
2088 2159
2089 2160
2090 2161
2091 2162
2092 2163
2095 2164
2096 2165
2097 2166
2098 2167
2099 2168
2100 2169
2101 2172
2102 2173
2103 2174
2104 2175
2105 2176
2106 2179
2107 2180
2108 2181
2109 2182
2110 2183
2113 2184
2114 2185
2115 2186
2116 2187
2117 2191
2118 2192
2119 2193
2120 2194
2121 2195
2122 2196
2123 2197
2125 2198
2126 2199
2127 2200
2128 2201
2129 2202
2130 2203
2131 2204
2132 2205
2133 2206
2134 2207
2135 2208
2136 2209
2137 2210
2138 2211
2139 2212
2140 2213
2141 2214
2142 2215
2143 2216
2144 2217
2146 2218
2147 2219
2148 2220
2149 2221
2150 2222
2151 2224
2152 2225
2153 2226
2154 2227
2155 2228
2156 2229
2158 2230
2159 2231
2160 2232
2161 2233
2162 2234
2163 2235
2165 2236
2166 2237
2167 2238
2168 2239
2169 2240
2170 2242
2171 2243
2172 2244
2173 2245
2174 2246
2175 2247
2176 2248
2177 2249
2178 2250
2179 2251
2180 2252
2181 2253
2182 2254
2183 2255
2184 2256
2185 2257
2186 2258
2187 2259
2191 2260
2192 2261
2193 2262
2194 2263
2195 2264
2196 2266
2197 2267
2198 2268
2199 2269
2200 2270
2201 2271
2202 2272
2203 2273
2204 2274
2205 2275
2206 2276
2207 2277
2208 2278
2209 2279
2210 2280
2211 2281
2212 2283
2213 2284
2214 2285
2215 2286
2216 2288
2217 2289
2218 2290
2219 2291
2220 2294
2221 2295
2222 2296
2223 2297
2224 2298
2225 2299
2229 2300
2230 2301
2231 2302
2232 2303
2233 2305
2234 2306
2235 2307
2236 2308
2237 2309
2238 2311
2239 2312
2240 2313
2241 2314
2242 2315
2243 2316
2246 2317
2247 2318
2248 2319
2249 2320
2250 2321
2251 2322
2252 2323
2253 2324
2254 2325
2255 2326
2256 2328
2257 2329
2258 2330
2259 2331
2260 2332
2261 2333
2262 2334
2263 2335
2264 2336
2265 2337
2266 2338
2267 2339
2268 2340
2269 2341
2270 2342
2271 2343
2272 2344
2274 2345
2275 2346
2276 2347
2277 2348
2278 2349
2279 2350
2280 2351
2281 2352
2282 2353
2283 2354
2284 2357
2285 2358
2286 2359
2287 2360
2288 2361
2289 2362
2292 2363
2293 2364
2294 2365
2295 2366
2296 2369
2297 2370
2298 2371
2299 2372
2300 2373
2301 2374
2303 2375
2304 2376
2305 2377
2306 2378
2307 2379
2308 2380
2310 2381
2311 2382
2312 2383
2313 2384
2314 2385
2315 2386
2316 2387
2317 2388
2318 2389
2319 2390
2320 2391
2322 2392
2323 2393
2324 2394
2325 2398
2326 2399
2327 2400
2328 2401
2329 2402
2330 2403
2331 2404
2332 2405
2333 2406
2334 2407
2335 2408
2338 2409
2339 2410
2340 2411
2341 2412
2342 2413
2343 2414
2344 2415
2345 2416
2346 2417
2347 2418
2348 2419
2349 2420
2350 2421
2351 2422
2352 2423
2353 2426
2354 2427
2355 2428
2356 2429
2357 2430
2358 2431
2362 2432
2363 2433
2364 2434
2365 2435
2366 2436
2368 2437
2369 2438
2370 2439
2371 2440
2372 2443
2373 2444
2374 2445
2375 2446
2376 2447
2377 2448
2378 2449
2379 2452
2380 2453
2381 2454
2382 2455
2383 2456
2384 2457
2385 2458
2386 2459
2387 2460
2388 2461
2389 2462
2390 2463
2391 2464
2392 2465
2393 2466
2394 2467
2395 2468
2396 2469
2397 2470
2398 2471
2399 2472
2400 2473
2401 2474
2402 2475
2403 2476
2404 2477
2405 2478
2406 2479
2407 2480
2408 2481
2409 2482
2410 2483
2411 2484
2412 2485
2413 2486
2414 2487
2415 2488
2416 2489
2417 2490
2422 2491
2423 2492
2424 2493
2425 2494
2426 2495
2427 2496
2428 2500
2429 2501
2430 2502
2431 2503
2432 2504
2433 2505
2434 2506
2435 2507
2437 2508
2438 2509
2439 2510
2440 2511
2441 2512
2442 2513
2443 2514
2444 2515
2445 2517
2446 2518
2447 2519
2448 2520
2449 2521
2450 2522
2451 2523
2452 2526
2453 2527
2454 2528
2455 2529
2456 2530
2457 2531
2458 2532
2459 2533
2460 2534
2461 2535
2462 2536
2463 2537
2464 2538
2465 2539
2466 2540
2467 2541
2468 2542
2469 2543
2470 2544
2471 2545
2472 2546
2473 2547
2474 2548
2475 2549
2476 2550
2479 2551
2480 2552
2481 2553
2482 2554
2483 2555
2484 2556
2485 2557
2486 2558
2487 2559
2490 2560
2491 2561
2492 2562
2493 2563
2494 2564
2495 2565
2496 2569
2497 2570
2498 2571
2499 2572
2500 2573
2501 2574
2502 2575
2503 2576
2505 2577
2506 2578
2507 2579
2508 2580
2509 2581
2510 2582
2511 2583
2512 2584
2515 2585
2516 2586
2517 2587
2518 2588
2519 2589
2520 2590
2521 2591
2522 2592
2523 2593
2524 2594
2525 2595
2526 2596
2527 2597
2528 2598
2529 2599
2530 2600
2531 2601
2532 2602
2533 2603
2534 2604
2535 2605
2536 2606
2537 2607
2538 2608
2539 2609
2540 2610
2541 2611
2542 2612
2543 2613
2544 2614
2545 2615
2546 2616
2547 2617
2548 2618
2549 2619
2550 2620
2551 2621
2552 2622
2553 2625
2554 2626
2555 2627
2556 2628
2557 2629
2558 2630
2559 2631
2560 2632
2564 2633
2565 2634
2566 2635
2567 2636
2568 2637
2569 2640
2570 2641
2571 2642
2572 2643
2573 2644
2574 2645
2575 2646
2576 2648
2577 2649
2578 2650
2579 2651
2580 2652
2581 2653
2582 2654
2583 2655
2584 2656
2585 2657
2586 2658
2587 2659
2588 2660
2589 2661
2590 2662
2591 2663
2592 2665
2593 2666
2594 2667
2595 2668
2596 2669
2597 2670
2598 2671
2599 2672
2602 2673
2603 2674
2604 2675
2605 2676
2606 2677
2607 2678
2608 2679
2609 2680
2610 2681
2611 2682
2612 2683
2613 2684
2614 2685
2615 2686
2616 2687
2617 2688
2618 2689
2620 2690
2621 2691
2622 2692
2623 2693
2624 2694
2625 2695
2626 2696
2627 2697
2628 2698
2629 2699
2630 2700
2631 2701
2632 2702
2633 2703
2634 2704
2635 2707
2636 2708
2637 2709
2638 2710
2639 2711
2640 2712
2641 2715
2642 2716
2643 2717
2644 2718
2645 2719
2646 2720
2647 2721
2648 2722
2651 2723
2652 2724
2653 2725
2654 2726
2655 2727
2656 2728
2657 2729
2658 2730
2660 2731
2661 2732
2662 2733
2663 2734
2664 2735
2665 2736
2666 2737
2667 2739
2668 2740
2669 2741
2670 2742
2671 2743
2672 2744
2673 2745
2674 2746
2675 2747
2676 2748
2677 2749
2678 2750
2679 2751
2680 2752
2681 2753
2682 2755
2683 2756
2684 2757
2685 2758
2686 2759
2687 2760
2688 2761
2689 2762
2691 2763
2692 2764
2693 2765
2694 2766
2695 2767
2696 2768
2697 2769
2698 2770
2699 2771
2700 2772
2701 2773
2702 2774
2703 2776
2704 2777
2705 2778
2706 2779
2707 2780
2708 2781
2709 2782
2710 2783
2711 2784
2712 2785
2713 2786
2714 2787
2716 2788
2717 2789
2718 2790
2719 2791
2720 2792
2721 2793
2722 2794
2723 2795
2724 2797
2725 2798
2726 2799
2727 2800
2728 2801
2731 2802
2732 2803
2733 2804
2734 2806
2735 2807
2736 2808
2737 2809
2738 2810
2740 2811
2741 2812
2742 2813
2743 2814
2744 2815
2745 2817
2746 2818
2747 2819
2748 2820
2749 2821
2750 2823
2751 2824
2752 2825
2753 2826
2754 2827
2755 2828
2757 2829
2758 2830
2759 2831
2760 2832
2761 2833
2762 2834
2763 2835
2764 2836
2765 2837
2766 2838
2767 2839
2768 2840
2769 2841
2770 2842
2771 2843
2772 2844
2775 2845
2776 2846
2777 2847
2778 2848
2779 2849
2780 2850
2781 2851
2782 2852
2783 2853
2784 2854
2785 2855
2786 2856
2787 2857
2788 2858
2789 2859
2790 2860
2791 2861
2792 2862
2793 2865
2794 2866
2795 2867
2796 2868
2797 2869
2798 2870
2799 2871
2800 2872
2801 2873
2802 2874
2803 2875
2804 2876
2805 2877
2806 2878
2807 2879
2808 2880
2809 2881
2810 2882
2811 2883
2812 2884
2813 2885
2814 2886
2816 2887
2817 2888
2818 2889
2819 2890
2820 2891
2821 2892
2822 2893
2823 2894
2824 2895
2825 2896
2826 2897
2827 2898
2828 2899
2829 2900
2830 2901
2831 2902
2832 2903
2833 2904
2834 2905
2835 2906
2836 2907
2837 2908
2838 2909
2839 2910
2840 2911
2841 2912
2842 2913
2843 2914
2844 2915
2845 2916
2847 2917
2848 2918
2849 2919
2850 2920
2851 2921
2852 2922
2853 2923
2854 2927
2855 2928
2856 2929
2857 2930
2858 2931
2859 2932
2860 2933
2861 2934
2863 2935
2864 2936
2865 2937
2866 2938
2867 2939
2868 2940
2869 2941
2870 2942
2871 2944
2872 2945
2873 2946
2874 2947
2875 2948
2876 2949
2877 2950
2878 2951
2879 2953
2880 2954
2881 2955
2882 2956
2883 2957
2884 2958
2885 2959
2886 2960
2887 2961
2888 2962
2889 2963
2890 2964
2891 2965
2892 2966
2893 2967
2894 2968
2895 2969
2898 2970
2899 2971
2900 2972
2901 2973
2902 2974
2903 2975
2904 2976
2905 2977
2907 2978
2908 2979
2909 2980
2910 2981
2911 2982
2912 2983
2913 2986
2914 2987
2915 2988
2916 2989
2917 2990
2918 2991
2919 2992
2920 2993
2923 2994
2924 2995
2925 2996
2926 2997
2927 2998
2928 2999
2929 3000
2930 3002
2931 3003
2932 3004
2933 3005
2934 3006
2935 3007
2936 3008
2937 3009
2939 3010
2940 3011
2941 3012
2942 3013
2943 3014
2944 3015
2945 3016
2946 3017
2947 3018
2948 3019
2949 3020
2950 3021
2951 3022
2952 3023
2953 3024
2954 3026
2955 3027
2956 3028
2957 3029
2958 3030
2959 3031
2960 3032
2961 3033
2963 3034
2964 3035
2965 3036
2966 3037
2967 3038
2968 3039
2969 3040
2970 3042
2971 3043
2972 3044
2973 3045
2974 3046
2975 3047
2976 3048
2977 3049
2978 3050
2979 3051
2980 3052
2981 3053
2982 3054
2984 3055
2985 3056
2986 3057
2987 3058
2988 3059
2989 3060
2990 3061
2991 3062
2992 3063
2993 3066
2994 3067
2995 3068
2996 3069
2999 3070
3000 3071
3001 3072
3002 3075
3003 3076
3004 3077
3005 3078
3007 3079
3008 3080
3009 3081
3010 3082
3011 3085
3012 3086
3013 3087
3014 3088
3016 3089
3017 3090
3018 3091
3019 3092
3020 3093
3022 3094
3023 3095
3024 3096
3025 3097
3026 3098
3028 3099
3029 3100
3030 3101
3031 3104
3032 3105
3033 3106
3034 3107
3037 3108
3038 3109
3039 3110
3040 3112
3041 3113
3042 3114
3043 3115
3044 3116
3046 3117
3047 3118
3048 3119
3049 3122
3050 3123
3051 3124
3052 3125
3055 3126
3056 3127
3057 3128
3058 3129
3060 3130
3061 3131
3062 3134
3063 3135
3064 3136
3065 3137
3066 3138
3067 3139
3068 3140
3069 3141
3070 3143
3071 3144
3072 3145
3073 3146
3075 3147
3076 3148
3077 3149
3078 3150
3079 3151
3080 3152
3084 3153
3085 3154
3086 3155
3087 3156
3088 3160
3089 3161
3090 3162
3091 3163
3092 3164
3093 3165
3095 3166
3096 3167
3097 3168
3098 3169
3099 3170
3100 3171
3101 3172
3102 3173
3103 3174
3104 3175
3105 3176
3106 3177
3107 3178
3108 3179
3109 3180
3112 3181
3113 3182
3114 3183
3115 3184
3116 3185
3117 3188
3118 3189
3119 3190
3120 3191
3121 3192
3122 3193
3123 3194
3124 3195
3125 3197
3126 3198
3127 3199
3128 3200
3129 3201
3130 3202
3131 3203
3132 3204
3133 3205
3134 3206
3136 3207
3137 3208
3138 3209
3139 3210
3140 3211
3141 3212
3142 3213
3143 3214
3144 3215
3145 3216
3147 3217
3148 3218
3149 3219
3150 3220
3151 3221
3152 3222
3153 3227
3154 3228
3155 3229
3156 3230
3157 3231
3158 3232
3159 3233
3160 3234
3161 3235
3162 3236
3164 3237
3165 3238
3166 3239
3167 3240
3168 3241
3169 3242
3170 3243
3171 3244
3172 3245
3173 3246
3174 3247
3175 3248
3176 3249
3177 3250
3178 3251
3179 3252
3180 3253
3181 3254
3182 3259
3183 3260
3184 3261
3185 3262
3186 3263
3187 3264
3188 3265
3189 3266
3190 3267
3191 3270
3192 3271
3193 3272
3194 3273
3195 3274
3196 3275
3197 3276
3198 3277
3199 3282
3200 3283
3201 3284
3202 3285
3203 3286
3204 3287
3205 3288
3206 3289
3207 3290
3208 3291
3209 3292
3210 3296
3211 3297
3212 3298
3213 3299
3214 3300
3215 3301
3216 3302
3217 3303
3218 3304
3219 3305
3220 3306
3221 3307
3224 3308
3225 3309
3226 3310
3227 3311
3228 3312
3229 3313
3230 3314
3231 3315
3232 3321
3233 3322
3234 3323
3235 3324
3236 3325
3237 3326
3238 3327
3239 3328
3245 3329
3246 3330
3247 3331
3248 3332
3249 3333
3250 3334
3251 3336
3252 3337
3253 3338
3254 3339
3255 3340
3256 3341
3257 3342
3258 3343
3261 3344
3262 3345
3263 3346
3264 3347
3265 3348
3266 3349
3267 3350
3268 3352
3269 3353
3270 3354
3271 3355
3272 3356
3273 3357
3274 3358
3276 3359
3277 3360
3278 3361
3279 3362
3280 3363
3281 3364
3282 3365
3285 3366
3286 3367
3287 3368
3288 3369
3289 3370
3290 3371
3291 3372
3292 3373
3293 3374
3294 3375
3295 3376
3296 3377
3297 3380
3298 3381
3299 3382
3300 3383
3301 3384
3302 3385
3303 3386
3304 3387
3305 3388
3306 3389
3307 3390
3308 3391
3309 3392
3314 3393
3315 3394
3316 3395
3317 3396
3318 3397
3319 3400
3320 3401
3321 3402
3322 3403
3323 3404
3324 3408
3325 3409
3326 3410
3327 3411
3328 3412
3329 3413
3330 3414
3334 3415
3335 3416
3336 3417
3337 3418
3338 3419
3339 3421
3340 3422
3341 3423
3342 3424
3343 3425
3344 3426
3345 3427
3346 3432
3347 3433
3348 3434
3349 3435
3350 3436
3351 3437
3352 3438
3353 3439
3354 3440
3355 3442
3356 3443
3357 3444
3358 3445
3359 3446
3360 3447
3361 3448
3362 3449
3363 3450
3364 3451
3365 3452
3366 3453
3367 3454
3368 3455
3369 3456
3370 3457
3371 3458
3372 3459
3373 3460
3374 3461
3375 3462
3378 3463
3379 3464
3380 3465
3381 3466
3382 3467
3383 3468
3384 3469
3385 3470
3386 3473
3387 3474
3388 3475
3389 3476
3390 3477
3391 3478
3392 3479
3393 3480
3394 3481
3395 3482
3396 3483
3397 3484
3398 3485
3399 3486
3400 3487
3401 3488
3402 3489
3403 3490
3404 3491
3405 3492
3409 3493
3410 3494
3411 3495
3412 3496
3413 3497
3414 3498
3415 3499
3416 3500
3417 3502
3418 3503
3419 3504
3420 3505
3421 3506
3422 3507
3423 3508
3424 3509
3425 3510
3426 3511
3428 3512
3429 3513
3430 3514
3431 3515
3432 3516
3433 3517
3434 3518
3435 3519
3436 3520
3437 3521
3439 3522
3440 3523
3441 3524
3442 3525
3443 3526
3444 3527
3445 3528
3446 3529
3447 3530
3448 3532
3449 3533
3450 3534
3451 3535
3452 3536
3453 3537
3454 3538
3455 3539
3456 3540
3457 3541
3461 3542
3462 3543
3463 3544
3464 3545
3465 3546
3466 3547
3467 3548
3468 3549
3469 3553
3470 3554
3471 3555
3472 3556
3473 3557
3474 3558
3475 3559
3476 3560
3477 3561
3478 3563
3479 3564
3480 3565
3481 3566
3482 3567
3483 3568
3484 3569
3485 3570
3486 3571
3487 3573
3488 3574
3489 3575
3490 3576
3491 3577
3492 3578
3493 3579
3494 3580
3495 3583
3496 3584
3497 3585
3498 3586
3499 3587
3500 3588
3501 3589
3502 3593
3503 3594
3504 3595
3505 3596
3506 3597
3507 3598
3508 3599
3509 3600
3510 3601
3513 3602
3514 3603
3515 3604
3516 3605
3517 3606
3518 3607
3519 3608
3520 3609
3521 3610
3522 3611
3523 3612
3524 3613
3525 3614
3526 3615
3527 3616
3528 3617
3533 3618
3534 3619
3535 3620
3536 3621
3537 3622
3538 3623
3539 3624
3540 3626
3541 3627
3542 3628
3543 3629
3544 3630
3545 3631
3546 3632
3547 3633
3548 3634
3549 3635
3550 3636
3551 3637
3552 3638
3553 3639
3554 3640
3555 3641
3556 3642
3557 3643
3558 3644
3559 3645
3560 3646
3561 3647
3562 3648
3563 3649
3564 3650
3566 3651
3567 3652
3568 3653
3569 3654
3570 3655
3571 3656
3572 3657
3573 3658
3574 3660
3575 3661
3576 3662
3577 3663
3578 3664
3579 3665
3580 3666
3581 3668
3582 3669
3583 3670
3584 3671
3585 3672
3586 3673
3587 3674
3588 3675
3589 3676
3594 3677
3595 3678
3596 3679
3597 3680
3598 3681
3599 3682
3600 3683
3601 3684
3602 3686
3603 3687
3604 3688
3605 3689
3606 3690
3607 3691
3608 3692
3609 3695
3610 3696
3611 3697
3612 3698
3613 3699
3614 3700
3615 3701
3616 3702
3618 3703
3619 3704
3620 3705
3621 3706
3622 3707
3623 3708
3624 3709
3625 3712
3626 3713
3627 3714
3628 3715
3629 3716
3630 3717
3631 3718
3632 3719
3634 3720
3635 3721
3636 3722
3637 3723
3638 3724
3639 3725
3640 3726
3641 3727
3644 3728
3645 3729
3646 3730
3647 3731
3648 3732
3649 3733
3650 3734
3651 3735
3652 3736
3653 3738
3654 3739
3655 3740
3656 3741
3657 3742
3658 3743
3659 3747
3660 3748
3661 3749
3662 3750
3663 3751
3664 3752
3665 3753
3666 3754
3669 3755
3670 3756
3671 3757
3672 3758
3673 3759
3674 3760
3675 3761
3676 3762
3679 3763
3680 3764
3681 3765
3682 3766
3683 3767
3684 3768
3685 3769
3686 3771
3687 3772
3688 3773
3689 3774
3690 3775
3691 3778
3692 3779
3693 3780
3694 3781
3695 3782
3696 3783
3697 3784
3698 3785
3699 3786
3700 3787
3701 3788
3702 3789
3703 3790
3704 3791
3705 3792
3708 3793
3709 3794
3710 3795
3711 3796
3712 3797
3713 3798
3714 3799
3715 3800
3716 3801
3717 3802
3718 3803
3719 3804
3720 3806
3721 3807
3722 3808
3723 3809
3724 3810
3725 3811
3726 3813
3727 3814
3728 3815
3729 3816
3730 3817
3731 3818
3732 3819
3733 3820
3734 3821
3735 3822
3736 3823
3737 3824
3738 3825
3739 3826
3740 3827
3741 3828
3742 3829
3743 3830
3744 3831
3745 3832
3748 3833
3749 3834
3750 3835
3751 3836
3752 3839
3753 3840
3754 3841
3755 3842
3756 3843
3757 3844
3758 3845
3760 3846
3761 3847
3762 3848
3763 3849
3764 3850
3765 3851
3766 3852
3767 3853
3768 3854
3769 3855
3770 3856
3774 3857
3775 3858
3776 3859
3777 3860
3778 3861
3779 3862
