0 0
1 1
2 2
3 3
4 4
5 5
6 13
7 14
8 15
9 16
10 17
11 18
12 19
13 20
14 21
15 33
16 34
17 35
18 36
19 37
20 38
21 39
22 40
23 41
24 42
25 43
26 44
27 53
28 54
29 55
30 56
31 57
32 58
33 59
34 60
35 61
36 62
37 63
38 64
39 65
40 66
41 67
42 68
43 69
44 70
45 71
46 73
47 74
48 75
49 76
50 77
51 78
52 79
53 80
54 81
55 82
56 83
57 84
58 85
59 86
60 87
61 88
62 89
63 90
64 91
65 92
66 93
67 94
68 95
69 96
70 97
71 98
72 99
73 100
74 101
75 102
76 103
77 104
78 105
79 106
80 107
81 108
82 113
83 114
84 115
85 116
86 117
87 118
88 119
89 120
90 121
91 122
92 123
93 124
94 125
95 126
96 127
97 128
98 129
99 130
100 133
101 134
102 135
103 136
104 137
105 138
106 139
107 140
108 141
109 142
110 143
111 144
112 145
113 146
114 147
115 148
116 149
117 150
118 153
119 154
120 155
121 156
122 157
123 158
124 159
125 160
126 161
127 162
128 163
129 164
130 165
131 166
132 167
133 168
134 169
135 173
136 174
137 175
138 176
139 177
140 178
141 179
142 180
143 181
144 182
145 183
146 184
147 185
148 186
149 187
150 188
151 193
152 194
153 195
154 196
155 197
156 198
157 199
158 200
159 201
160 202
161 203
162 204
163 205
164 206
165 207
166 208
167 209
168 213
169 214
170 215
171 216
172 217
173 218
174 219
175 220
176 221
177 222
178 223
179 224
180 225
181 226
182 227
183 228
184 233
185 234
186 235
187 236
188 237
189 238
190 239
191 240
192 241
193 242
194 243
195 244
196 245
197 246
198 247
199 253
200 254
201 255
202 256
203 257
204 258
205 259
206 260
207 261
208 262
209 263
210 264
211 265
212 273
213 274
214 275
215 276
216 277
217 278
218 279
219 280
220 281
221 282
222 283
223 284
224 285
225 286
226 287
227 293
228 294
229 295
230 296
231 297
232 298
233 299
234 300
235 301
236 302
237 303
238 304
239 305
240 306
241 307
242 308
243 309
244 310
245 313
246 314
247 315
248 316
249 317
250 318
251 319
252 320
253 321
254 322
255 323
256 333
257 334
258 335
259 336
260 337
261 338
262 339
263 340
264 341
265 342
266 343
267 344
268 345
269 346
270 347
271 348
272 349
273 350
274 353
275 354
276 355
277 356
278 357
279 358
280 359
281 360
282 361
283 362
284 363
285 364
286 365
287 366
288 367
289 373
290 374
291 375
292 376
293 377
294 378
295 379
296 380
297 381
298 382
299 383
300 384
301 385
302 386
303 387
304 388
305 389
306 393
307 394
308 395
309 396
310 397
311 398
312 399
313 400
314 401
315 402
316 403
317 404
318 405
319 406
320 407
321 413
322 414
323 415
324 416
325 417
326 418
327 419
328 420
329 421
330 422
331 423
332 424
333 425
334 426
335 427
336 428
337 429
338 430
339 433
340 434
341 435
342 436
343 437
344 438
345 439
346 440
347 441
348 442
349 443
350 444
351 445
352 446
353 447
354 448
355 449
356 453
357 454
358 455
359 456
360 457
361 458
362 459
363 460
364 461
365 462
366 473
367 474
368 475
369 476
370 477
371 478
372 479
373 480
374 481
375 482
376 483
377 484
378 485
379 493
380 494
381 495
382 496
383 497
384 498
385 499
386 500
387 501
388 502
389 503
390 504
391 505
392 506
393 507
394 513
395 514
396 515
397 516
398 517
399 518
400 519
401 520
402 521
403 533
404 534
405 535
406 536
407 537
408 538
409 539
410 540
411 541
412 542
413 543
414 553
415 554
416 555
417 556
418 557
419 558
420 559
421 560
422 561
423 562
424 563
425 564
426 565
427 573
428 574
429 575
430 576
431 577
432 578
433 579
434 580
435 581
436 582
437 583
438 593
439 594
440 595
441 596
442 597
443 598
444 599
445 600
446 601
447 613
448 614
449 615
450 616
451 617
452 618
453 619
454 620
455 621
456 633
457 634
458 635
459 636
460 637
461 638
462 639
463 640
464 641
465 642
466 653
467 654
468 655
469 656
470 657
471 658
472 659
473 660
474 661
475 662
476 663
477 664
478 665
479 666
480 673
481 674
482 675
483 676
484 677
485 678
486 679
487 680
488 681
489 682
490 693
491 694
492 695
493 696
494 697
495 698
496 699
497 700
498 701
499 702
500 703
501 704
502 705
503 713
504 714
505 715
506 716
507 717
508 718
509 719
510 720
511 721
512 722
513 723
514 724
515 725
516 726
517 727
518 728
519 729
520 730
521 733
522 734
523 735
524 736
525 737
526 738
527 739
528 740
529 741
530 742
531 743
532 744
533 745
534 746
535 747
536 748
537 749
538 753
539 754
540 755
541 756
542 757
543 758
544 759
545 760
546 761
547 762
548 763
549 764
550 765
551 766
552 767
553 768
554 769
555 770
556 773
557 774
558 775
559 776
560 777
561 778
562 779
563 780
564 781
565 782
566 783
567 784
568 785
569 786
570 787
571 788
572 789
573 790
574 793
575 794
576 795
577 796
578 797
579 798
580 799
581 800
582 801
583 802
584 803
585 804
586 805
587 806
588 807
589 808
590 809
591 810
592 811
593 813
594 814
595 815
596 816
597 817
598 818
599 819
600 820
601 821
602 822
603 823
604 824
605 825
606 826
607 827
608 833
609 834
610 835
611 836
612 837
613 838
614 839
615 840
616 841
617 842
618 843
619 844
620 845
621 846
622 847
623 848
624 849
625 853
626 854
627 855
628 856
629 857
630 858
631 859
632 860
633 861
634 862
635 863
636 864
637 865
638 873
639 874
640 875
641 876
642 877
643 878
644 879
645 880
646 881
647 882
648 883
649 884
650 885
651 886
652 887
653 893
654 894
655 895
656 896
657 897
658 898
659 899
660 900
661 901
662 902
663 903
664 904
665 905
666 906
667 907
668 908
669 909
670 910
671 913
672 914
673 915
674 916
675 917
676 918
677 919
678 920
679 921
680 922
681 923
682 924
683 925
684 933
685 934
686 935
687 936
688 937
689 938
690 939
691 940
692 941
693 942
694 943
695 944
696 953
697 954
698 955
699 956
700 957
701 958
702 959
703 960
704 961
705 962
706 963
707 964
708 965
709 966
710 967
711 968
712 973
713 974
714 975
715 976
716 977
717 978
718 979
719 980
720 981
721 982
722 983
723 984
724 985
725 986
726 987
727 993
728 994
729 995
730 996
731 997
732 998
733 999
734 1000
735 1001
736 1002
737 1003
738 1004
739 1005
740 1006
741 1007
742 1008
743 1013
744 1014
745 1015
746 1016
747 1017
748 1018
749 1019
750 1020
751 1021
752 1022
753 1023
754 1024
755 1025
756 1033
757 1034
758 1035
759 1036
760 1037
761 1038
762 1039
763 1040
764 1041
765 1042
766 1043
767 1044
768 1045
769 1046
770 1047
771 1048
772 1053
773 1054
774 1055
775 1056
776 1057
777 1058
778 1059
779 1060
780 1061
781 1062
782 1063
783 1064
784 1065
785 1073
786 1074
787 1075
788 1076
789 1077
790 1078
791 1079
792 1080
793 1081
794 1082
795 1083
796 1084
797 1085
798 1086
799 1087
800 1088
801 1093
802 1094
803 1095
804 1096
805 1097
806 1098
807 1099
808 1100
809 1101
810 1102
811 1103
812 1113
813 1114
814 1115
815 1116
816 1117
817 1118
818 1119
819 1120
820 1121
821 1122
822 1123
823 1124
824 1125
825 1133
826 1134
827 1135
828 1136
829 1137
830 1138
831 1139
832 1140
833 1141
834 1142
835 1143
836 1144
837 1145
838 1153
839 1154
840 1155
841 1156
842 1157
843 1158
844 1159
845 1160
846 1161
847 1162
848 1163
849 1173
850 1174
851 1175
852 1176
853 1177
854 1178
855 1179
856 1180
857 1181
858 1182
859 1193
860 1194
861 1195
862 1196
863 1197
864 1198
865 1199
866 1200
867 1201
868 1202
869 1203
870 1204
871 1205
872 1206
873 1207
874 1213
875 1214
876 1215
877 1216
878 1217
879 1218
880 1219
881 1220
882 1221
883 1222
884 1223
885 1224
886 1225
887 1226
888 1233
889 1234
890 1235
891 1236
892 1237
893 1238
894 1239
895 1240
896 1253
897 1254
898 1255
899 1256
900 1257
901 1258
902 1259
903 1260
904 1261
905 1262
906 1263
907 1264
908 1273
909 1274
910 1275
911 1276
912 1277
913 1278
914 1279
915 1280
916 1281
917 1282
918 1283
919 1293
920 1294
921 1295
922 1296
923 1297
924 1298
925 1299
926 1300
927 1301
928 1302
929 1303
930 1313
931 1314
932 1315
933 1316
934 1317
935 1318
936 1319
937 1320
938 1321
939 1322
940 1333
941 1334
942 1335
943 1336
944 1337
945 1338
946 1339
947 1340
948 1341
949 1342
950 1343
951 1353
952 1354
953 1355
954 1356
955 1357
956 1358
957 1359
958 1360
959 1361
960 1362
961 1373
962 1374
963 1375
964 1376
965 1377
966 1378
967 1379
968 1380
969 1381
970 1382
971 1383
972 1384
973 1393
974 1394
975 1395
976 1396
977 1397
978 1398
979 1399
980 1400
981 1401
982 1402
983 1403
984 1404
985 1405
986 1406
987 1407
988 1413
989 1414
990 1415
991 1416
992 1417
993 1418
994 1419
995 1420
996 1421
997 1422
998 1423
999 1424
1000 1425
1001 1426
1002 1427
1003 1428
1004 1429
1005 1433
1006 1434
1007 1435
1008 1436
1009 1437
1010 1438
1011 1439
1012 1440
1013 1441
1014 1442
1015 1443
1016 1444
1017 1445
1018 1446
1019 1447
1020 1448
1021 1453
1022 1454
1023 1455
1024 1456
1025 1457
1026 1458
1027 1459
1028 1460
1029 1461
1030 1462
1031 1463
1032 1464
1033 1465
1034 1466
1035 1467
1036 1468
1037 1469
1038 1473
1039 1474
1040 1475
1041 1476
1042 1477
1043 1478
1044 1479
1045 1480
1046 1481
1047 1482
1048 1483
1049 1484
1050 1485
1051 1486
1052 1493
1053 1494
1054 1495
1055 1496
1056 1497
1057 1498
1058 1499
1059 1500
1060 1501
1061 1502
1062 1503
1063 1504
1064 1505
1065 1506
1066 1507
1067 1508
1068 1513
1069 1514
1070 1515
1071 1516
1072 1517
1073 1518
1074 1519
1075 1520
1076 1521
1077 1522
1078 1523
1079 1524
1080 1525
1081 1526
1082 1527
1083 1528
1084 1533
1085 1534
1086 1535
1087 1536
1088 1537
1089 1538
1090 1539
1091 1540
1092 1541
1093 1542
1094 1543
1095 1544
1096 1545
1097 1553
1098 1554
1099 1555
1100 1556
1101 1557
1102 1558
1103 1559
1104 1560
1105 1561
1106 1562
1107 1563
1108 1564
1109 1565
1110 1566
1111 1567
1112 1568
1113 1569
1114 1573
1115 1574
1116 1575
1117 1576
1118 1577
1119 1578
1120 1579
1121 1580
1122 1581
1123 1582
1124 1593
1125 1594
1126 1595
1127 1596
1128 1597
1129 1598
1130 1599
1131 1600
1132 1601
1133 1602
1134 1603
1135 1604
1136 1613
1137 1614
1138 1615
1139 1616
1140 1617
1141 1618
1142 1619
1143 1620
1144 1621
1145 1622
1146 1623
1147 1633
1148 1634
1149 1635
1150 1636
1151 1637
1152 1638
1153 1639
1154 1640
1155 1641
1156 1642
1157 1653
1158 1654
1159 1655
1160 1656
1161 1657
1162 1658
1163 1659
1164 1660
1165 1661
1166 1662
1167 1663
1168 1664
1169 1665
1170 1666
1171 1673
1172 1674
1173 1675
1174 1676
1175 1677
1176 1678
1177 1679
1178 1680
1179 1681
1180 1682
1181 1683
1182 1684
1183 1685
1184 1686
1185 1693
1186 1694
1187 1695
1188 1696
1189 1697
1190 1698
1191 1699
1192 1700
1193 1701
1194 1702
1195 1703
1196 1704
1197 1713
1198 1714
1199 1715
1200 1716
1201 1717
1202 1718
1203 1719
1204 1720
1205 1721
1206 1722
1207 1723
1208 1724
1209 1725
1210 1726
1211 1727
1212 1728
1213 1729
1214 1730
1215 1733
1216 1734
1217 1735
1218 1736
1219 1737
1220 1738
1221 1739
1222 1740
1223 1741
1224 1742
1225 1743
1226 1744
1227 1753
1228 1754
1229 1755
1230 1756
1231 1757
1232 1758
1233 1759
1234 1760
1235 1761
1236 1773
1237 1774
1238 1775
1239 1776
1240 1777
1241 1778
1242 1779
1243 1780
1244 1781
1245 1782
1246 1783
1247 1784
1248 1785
1249 1786
1250 1793
1251 1794
1252 1795
1253 1796
1254 1797
1255 1798
1256 1799
1257 1800
1258 1801
1259 1802
1260 1803
1261 1804
1262 1805
1263 1806
1264 1807
1265 1808
1266 1813
1267 1814
1268 1815
1269 1816
1270 1817
1271 1818
1272 1819
1273 1820
1274 1821
1275 1822
1276 1823
1277 1833
1278 1834
1279 1835
1280 1836
1281 1837
1282 1838
1283 1839
1284 1853
1285 1854
1286 1855
1287 1856
1288 1857
1289 1858
1290 1859
1291 1860
1292 1861
1293 1862
1294 1863
1295 1864
1296 1865
1297 1873
1298 1874
1299 1875
1300 1876
1301 1877
1302 1878
1303 1879
1304 1880
1305 1881
1306 1893
1307 1894
1308 1895
1309 1896
1310 1897
1311 1898
1312 1899
1313 1900
1314 1901
1315 1902
1316 1903
1317 1904
1318 1913
1319 1914
1320 1915
1321 1916
1322 1917
1323 1918
1324 1919
1325 1920
1326 1921
1327 1922
1328 1923
1329 1933
1330 1934
1331 1935
1332 1936
1333 1937
1334 1953
1335 1954
1336 1955
1337 1956
1338 1957
1339 1958
1340 1959
1341 1960
1342 1961
1343 1962
1344 1963
1345 1964
1346 1965
1347 1966
1348 1967
1349 1973
1350 1974
1351 1975
1352 1976
1353 1977
1354 1978
1355 1979
1356 1980
1357 1981
1358 1982
1359 1983
1360 1984
1361 1985
1362 1986
1363 1993
1364 1994
1365 1995
1366 1996
1367 1997
1368 1998
1369 1999
1370 2000
1371 2001
1372 2002
1373 2003
1374 2004
1375 2005
1376 2006
1377 2007
1378 2008
1379 2009
1380 2010
1381 2013
1382 2014
1383 2015
1384 2016
1385 2017
1386 2018
1387 2019
1388 2020
1389 2021
1390 2022
1391 2023
1392 2024
1393 2025
1394 2026
1395 2027
1396 2028
1397 2029
1398 2030
1399 2031
1400 2033
1401 2034
1402 2035
1403 2036
1404 2037
1405 2038
1406 2039
1407 2040
1408 2041
1409 2042
1410 2043
1411 2044
1412 2045
1413 2046
1414 2047
1415 2048
1416 2049
1417 2050
1418 2053
1419 2054
1420 2055
1421 2056
1422 2057
1423 2058
1424 2059
1425 2060
1426 2061
1427 2062
1428 2063
1429 2064
1430 2065
1431 2066
1432 2067
1433 2068
1434 2073
1435 2074
1436 2075
1437 2076
1438 2077
1439 2078
1440 2079
1441 2080
1442 2081
1443 2082
1444 2083
1445 2084
1446 2085
1447 2093
1448 2094
1449 2095
1450 2096
1451 2097
1452 2098
1453 2099
1454 2100
1455 2101
1456 2102
1457 2103
1458 2104
1459 2105
1460 2113
1461 2114
1462 2115
1463 2116
1464 2117
1465 2118
1466 2119
1467 2120
1468 2133
1469 2134
1470 2135
1471 2136
1472 2137
1473 2138
1474 2139
1475 2140
1476 2141
1477 2142
1478 2143
1479 2144
1480 2145
1481 2153
1482 2154
1483 2155
1484 2156
1485 2157
1486 2158
1487 2159
1488 2160
1489 2161
1490 2162
1491 2163
1492 2164
1493 2165
1494 2166
1495 2167
1496 2173
1497 2174
1498 2175
1499 2176
1500 2177
1501 2178
1502 2179
1503 2180
1504 2181
1505 2182
1506 2183
1507 2184
1508 2185
1509 2186
1510 2187
1511 2188
1512 2189
1513 2193
1514 2194
1515 2195
1516 2196
1517 2197
1518 2198
1519 2199
1520 2200
1521 2201
1522 2202
1523 2203
1524 2204
1525 2205
1526 2206
1527 2213
1528 2214
1529 2215
1530 2216
1531 2217
1532 2218
1533 2219
1534 2220
1535 2221
1536 2222
1537 2223
1538 2224
1539 2225
1540 2233
1541 2234
1542 2235
1543 2236
1544 2237
1545 2238
1546 2239
1547 2240
1548 2241
1549 2242
1550 2243
1551 2244
1552 2245
1553 2246
1554 2253
1555 2254
1556 2255
1557 2256
1558 2257
1559 2258
1560 2259
1561 2260
1562 2261
1563 2262
1564 2263
1565 2264
1566 2273
1567 2274
1568 2275
1569 2276
1570 2277
1571 2278
1572 2279
1573 2280
1574 2281
1575 2282
1576 2283
1577 2284
1578 2285
1579 2286
1580 2287
1581 2288
1582 2293
1583 2294
1584 2295
1585 2296
1586 2297
1587 2298
1588 2299
1589 2300
1590 2301
1591 2313
1592 2314
1593 2315
1594 2316
1595 2317
1596 2318
1597 2319
1598 2320
1599 2321
1600 2322
1601 2323
1602 2324
1603 2325
1604 2333
1605 2334
1606 2335
1607 2336
1608 2337
1609 2338
1610 2339
1611 2353
1612 2354
1613 2355
1614 2356
1615 2357
1616 2358
1617 2359
1618 2360
1619 2361
1620 2362
1621 2363
1622 2364
1623 2365
1624 2373
1625 2374
1626 2375
1627 2376
1628 2377
1629 2378
1630 2379
1631 2380
1632 2381
1633 2382
1634 2383
1635 2384
1636 2385
1637 2393
1638 2394
1639 2395
1640 2396
1641 2397
1642 2398
1643 2399
1644 2400
1645 2401
1646 2402
1647 2403
1648 2404
1649 2413
1650 2414
1651 2415
1652 2416
1653 2417
1654 2418
1655 2419
1656 2420
1657 2421
1658 2422
1659 2423
1660 2433
1661 2434
1662 2435
1663 2436
1664 2437
1665 2438
1666 2439
1667 2440
1668 2441
1669 2442
1670 2443
1671 2444
1672 2453
1673 2454
1674 2455
1675 2456
1676 2457
1677 2458
1678 2459
1679 2460
1680 2461
1681 2462
1682 2463
1683 2464
1684 2465
1685 2466
1686 2473
1687 2474
1688 2475
1689 2476
1690 2477
1691 2478
1692 2479
1693 2480
1694 2481
1695 2482
1696 2483
1697 2484
1698 2485
1699 2486
1700 2493
1701 2494
1702 2495
1703 2496
1704 2497
1705 2498
1706 2499
1707 2500
1708 2501
1709 2502
1710 2503
1711 2504
1712 2505
1713 2506
1714 2507
1715 2508
1716 2509
1717 2510
1718 2513
1719 2514
1720 2515
1721 2516
1722 2517
1723 2518
1724 2519
1725 2520
1726 2521
1727 2522
1728 2523
1729 2524
1730 2525
1731 2526
1732 2527
1733 2528
1734 2529
1735 2530
1736 2533
1737 2534
1738 2535
1739 2536
1740 2537
1741 2538
1742 2539
1743 2540
1744 2541
1745 2542
1746 2543
1747 2544
1748 2545
1749 2546
1750 2547
1751 2548
1752 2549
1753 2550
1754 2553
1755 2554
1756 2555
1757 2556
1758 2557
1759 2558
1760 2559
1761 2560
1762 2561
1763 2562
1764 2563
1765 2564
1766 2565
1767 2573
1768 2574
1769 2575
1770 2576
1771 2577
1772 2578
1773 2579
1774 2580
1775 2581
1776 2582
1777 2583
1778 2584
1779 2585
1780 2586
1781 2587
1782 2588
1783 2593
1784 2594
1785 2595
1786 2596
1787 2597
1788 2598
1789 2599
1790 2600
1791 2601
1792 2602
1793 2603
1794 2604
1795 2613
1796 2614
1797 2615
1798 2616
1799 2617
1800 2618
1801 2619
1802 2620
1803 2621
1804 2622
1805 2623
1806 2624
1807 2625
1808 2626
1809 2627
1810 2628
1811 2629
1812 2630
1813 2633
1814 2634
1815 2635
1816 2636
1817 2637
1818 2638
1819 2639
1820 2640
1821 2641
1822 2642
1823 2643
1824 2644
1825 2645
1826 2646
1827 2653
1828 2654
1829 2655
1830 2656
1831 2657
1832 2658
1833 2659
1834 2660
1835 2661
1836 2662
1837 2663
1838 2664
1839 2665
1840 2673
1841 2674
1842 2675
1843 2676
1844 2677
1845 2678
1846 2679
1847 2680
1848 2681
1849 2682
1850 2683
1851 2684
1852 2685
1853 2686
1854 2687
1855 2693
1856 2694
1857 2695
1858 2696
1859 2697
1860 2698
1861 2699
1862 2700
1863 2701
1864 2702
1865 2703
1866 2704
1867 2705
1868 2706
1869 2707
1870 2713
1871 2714
1872 2715
1873 2716
1874 2717
1875 2718
1876 2719
1877 2720
1878 2721
1879 2722
1880 2723
1881 2724
1882 2725
1883 2726
1884 2727
1885 2733
1886 2734
1887 2735
1888 2736
1889 2737
1890 2738
1891 2739
1892 2740
1893 2741
1894 2742
1895 2743
1896 2744
1897 2745
1898 2746
1899 2747
1900 2753
1901 2754
1902 2755
1903 2756
1904 2757
1905 2758
1906 2759
1907 2760
1908 2761
1909 2773
1910 2774
1911 2775
1912 2776
1913 2777
1914 2778
1915 2779
1916 2780
1917 2781
1918 2782
1919 2783
1920 2784
1921 2785
1922 2786
1923 2787
1924 2793
1925 2794
1926 2795
1927 2796
1928 2797
1929 2798
1930 2799
1931 2800
1932 2801
1933 2802
1934 2813
1935 2814
1936 2815
1937 2816
1938 2817
1939 2818
1940 2819
1941 2820
1942 2821
1943 2822
1944 2823
1945 2824
1946 2833
1947 2834
1948 2835
1949 2836
1950 2837
1951 2838
1952 2839
1953 2840
1954 2841
1955 2842
1956 2843
1957 2853
1958 2854
1959 2855
1960 2856
1961 2857
1962 2858
1963 2859
1964 2860
1965 2861
1966 2862
1967 2873
1968 2874
1969 2875
1970 2876
1971 2877
1972 2878
1973 2879
1974 2880
1975 2881
1976 2882
1977 2883
1978 2884
1979 2885
1980 2893
1981 2894
1982 2895
1983 2896
1984 2897
1985 2898
1986 2899
1987 2900
1988 2901
1989 2902
1990 2903
1991 2904
1992 2905
1993 2913
1994 2914
1995 2915
1996 2916
1997 2917
1998 2918
1999 2919
2000 2920
2001 2921
2002 2933
2003 2934
2004 2935
2005 2936
2006 2937
2007 2938
2008 2939
2009 2940
2010 2941
2011 2942
2012 2953
2013 2954
2014 2955
2015 2956
2016 2957
2017 2958
2018 2959
2019 2960
2020 2961
2021 2962
2022 2963
2023 2964
2024 2973
2025 2974
2026 2975
2027 2976
2028 2977
2029 2978
2030 2979
2031 2980
2032 2981
2033 2982
2034 2983
2035 2984
2036 2985
2037 2993
2038 2994
2039 2995
2040 2996
2041 2997
2042 2998
2043 2999
2044 3000
2045 3001
2046 3013
2047 3014
2048 3015
2049 3016
2050 3017
2051 3018
2052 3019
2053 3020
2054 3021
2055 3022
2056 3023
2057 3024
2058 3025
2059 3026
2060 3033
2061 3034
2062 3035
2063 3036
2064 3037
2065 3038
2066 3039
2067 3040
2068 3041
2069 3042
2070 3043
2071 3044
2072 3045
2073 3046
2074 3047
2075 3048
2076 3053
2077 3054
2078 3055
2079 3056
2080 3057
2081 3058
2082 3059
2083 3060
2084 3061
2085 3062
2086 3063
2087 3064
2088 3065
2089 3066
2090 3067
2091 3068
2092 3069
2093 3073
2094 3074
2095 3075
2096 3076
2097 3077
2098 3078
2099 3079
2100 3080
2101 3081
2102 3082
2103 3083
2104 3084
2105 3085
2106 3086
2107 3087
2108 3088
2109 3089
2110 3090
2111 3093
2112 3094
2113 3095
2114 3096
2115 3097
2116 3098
2117 3099
2118 3100
2119 3101
2120 3102
2121 3103
2122 3104
2123 3113
2124 3114
2125 3115
2126 3116
2127 3117
2128 3118
2129 3119
2130 3120
2131 3121
2132 3122
2133 3123
2134 3124
2135 3125
2136 3126
2137 3127
2138 3128
2139 3129
2140 3133
2141 3134
2142 3135
2143 3136
2144 3137
2145 3138
2146 3139
2147 3140
2148 3141
2149 3142
2150 3143
2151 3144
2152 3145
2153 3146
2154 3147
2155 3153
2156 3154
2157 3155
2158 3156
2159 3157
2160 3158
2161 3159
2162 3160
2163 3161
2164 3162
2165 3163
2166 3164
2167 3165
2168 3166
2169 3167
2170 3168
2171 3173
2172 3174
2173 3175
2174 3176
2175 3177
2176 3178
2177 3179
2178 3180
2179 3181
2180 3182
2181 3183
2182 3184
2183 3193
2184 3194
2185 3195
2186 3196
2187 3197
2188 3198
2189 3199
2190 3200
2191 3201
2192 3202
2193 3203
2194 3204
2195 3205
2196 3206
2197 3213
2198 3214
2199 3215
2200 3216
2201 3217
2202 3218
2203 3219
2204 3220
2205 3221
2206 3222
2207 3223
2208 3224
2209 3225
2210 3233
2211 3234
2212 3235
2213 3236
2214 3237
2215 3238
2216 3239
2217 3240
2218 3241
2219 3242
2220 3243
2221 3244
2222 3245
2223 3246
2224 3247
2225 3253
2226 3254
2227 3255
2228 3256
2229 3257
2230 3258
2231 3259
2232 3260
2233 3261
2234 3262
2235 3273
2236 3274
2237 3275
2238 3276
2239 3277
2240 3278
2241 3279
2242 3280
2243 3281
2244 3282
2245 3283
2246 3284
2247 3285
2248 3286
2249 3293
2250 3294
2251 3295
2252 3296
2253 3297
2254 3298
2255 3299
2256 3300
2257 3301
2258 3302
2259 3303
2260 3304
2261 3305
2262 3306
2263 3307
2264 3308
2265 3309
