0 4
1 5
2 24
3 25
4 26
5 27
6 28
7 29
8 30
9 31
10 32
11 33
12 44
13 45
14 46
15 47
16 48
17 49
18 50
19 51
20 52
21 53
22 54
23 55
24 56
25 64
26 65
27 66
28 67
29 68
30 69
31 70
32 71
33 72
34 73
35 74
36 75
37 76
38 77
39 78
40 79
41 80
42 84
43 85
44 86
45 87
46 88
47 89
48 90
49 91
50 92
51 93
52 94
53 95
54 104
55 105
56 106
57 107
58 108
59 109
60 110
61 111
62 112
63 113
64 114
65 115
66 116
67 117
68 118
69 124
70 125
71 126
72 127
73 128
74 129
75 130
76 131
77 132
78 133
79 134
80 135
81 136
82 137
83 138
84 139
85 144
86 145
87 146
88 147
89 148
90 149
91 150
92 151
93 152
94 153
95 154
96 155
97 164
98 165
99 166
100 167
101 168
102 169
103 170
104 171
105 172
106 173
107 174
108 175
109 176
110 177
111 184
112 185
113 186
114 187
115 188
116 189
117 190
118 191
119 192
120 193
121 194
122 195
123 196
124 197
125 204
126 205
127 206
128 207
129 208
130 209
131 210
132 211
133 212
134 213
135 214
136 215
137 216
138 217
139 218
140 224
141 225
142 226
143 227
144 228
145 229
146 230
147 231
148 232
149 233
150 234
151 235
152 236
153 237
154 238
155 239
156 240
157 241
158 244
159 245
160 246
161 247
162 248
163 249
164 250
165 251
166 252
167 253
168 254
169 255
170 256
171 257
172 264
173 265
174 266
175 267
176 268
177 269
178 270
179 271
180 272
181 273
182 274
183 275
184 276
185 277
186 278
187 279
188 284
189 285
190 286
191 287
192 288
193 289
194 290
195 291
196 292
197 293
198 294
199 304
200 305
201 306
202 307
203 308
204 309
205 310
206 311
207 312
208 313
209 314
210 315
211 316
212 317
213 324
214 325
215 326
216 327
217 328
218 329
219 330
220 331
221 332
222 333
223 334
224 335
225 336
226 344
227 345
228 346
229 347
230 348
231 349
232 350
233 351
234 352
235 353
236 354
237 364
238 365
239 366
240 367
241 368
242 369
243 370
244 371
245 372
246 373
247 374
248 375
249 376
250 377
251 378
252 384
253 385
254 386
255 387
256 388
257 389
258 390
259 391
260 392
261 393
262 394
263 395
264 396
265 397
266 398
267 404
268 405
269 406
270 407
271 408
272 409
273 410
274 411
275 412
276 413
277 424
278 425
279 426
280 427
281 428
282 429
283 430
284 431
285 432
286 433
287 434
288 435
289 436
290 437
291 438
292 444
293 445
294 446
295 447
296 448
297 449
298 450
299 451
300 452
301 453
302 454
303 455
304 456
305 457
306 458
307 459
308 460
309 464
310 465
311 466
312 467
313 468
314 469
315 470
316 471
317 472
318 473
319 474
320 475
321 476
322 477
323 478
324 479
325 480
326 484
327 485
328 486
329 487
330 488
331 489
332 490
333 491
334 492
335 493
336 494
337 495
338 496
339 497
340 498
341 504
342 505
343 506
344 507
345 508
346 509
347 510
348 511
349 512
350 513
351 514
352 515
353 516
354 517
355 518
356 519
357 524
358 525
359 526
360 527
361 528
362 529
363 530
364 531
365 532
366 533
367 534
368 535
369 536
370 537
371 538
372 539
373 540
374 544
375 545
376 546
377 547
378 548
379 549
380 550
381 551
382 552
383 553
384 554
385 555
386 556
387 557
388 558
389 564
390 565
391 566
392 567
393 568
394 569
395 570
396 571
397 572
398 573
399 574
400 575
401 576
402 577
403 578
404 579
405 584
406 585
407 586
408 587
409 588
410 589
411 590
412 591
413 592
414 593
415 594
416 595
417 596
418 597
419 604
420 605
421 606
422 607
423 608
424 609
425 610
426 611
427 612
428 613
429 614
430 615
431 616
432 617
433 618
434 619
435 624
436 625
437 626
438 627
439 628
440 629
441 630
442 631
443 632
444 633
445 634
446 635
447 636
448 637
449 644
450 645
451 646
452 647
453 648
454 649
455 650
456 651
457 652
458 653
459 654
460 655
461 656
462 657
463 658
464 659
465 664
466 665
467 666
468 667
469 668
470 669
471 670
472 671
473 672
474 673
475 674
476 675
477 676
478 677
479 678
480 679
481 684
482 685
483 686
484 687
485 688
486 689
487 690
488 691
489 692
490 693
491 694
492 695
493 696
494 697
495 698
496 699
497 700
498 704
499 705
500 706
501 707
502 708
503 709
504 710
505 711
506 712
507 713
508 714
509 715
510 716
511 724
512 725
513 726
514 727
515 728
516 729
517 730
518 731
519 732
520 733
521 734
522 735
523 736
524 737
525 744
526 745
527 746
528 747
529 748
530 749
531 750
532 751
533 752
534 753
535 754
536 755
537 756
538 757
539 764
540 765
541 766
542 767
543 768
544 769
545 770
546 771
547 772
548 773
549 774
550 775
551 776
552 777
553 784
554 785
555 786
556 787
557 788
558 789
559 790
560 791
561 792
562 793
563 794
564 804
565 805
566 806
567 807
568 808
569 809
570 810
571 811
572 812
573 813
574 814
575 824
576 825
577 826
578 827
579 828
580 829
581 830
582 831
583 832
584 833
585 834
586 844
587 845
588 846
589 847
590 848
591 849
592 850
593 851
594 852
595 864
596 865
597 866
598 867
599 868
600 869
601 870
602 871
603 872
604 873
605 874
606 875
607 884
608 885
609 886
610 887
611 888
612 889
613 890
614 891
615 892
616 893
617 894
618 895
619 904
620 905
621 906
622 907
623 908
624 909
625 910
626 911
627 912
628 913
629 914
630 915
631 916
632 917
633 918
634 924
635 925
636 926
637 927
638 928
639 929
640 930
641 931
642 932
643 933
644 934
645 935
646 936
647 937
648 938
649 944
650 945
651 946
652 947
653 948
654 949
655 950
656 951
657 952
658 953
659 954
660 955
661 956
662 957
663 958
664 959
665 964
666 965
667 966
668 967
669 968
670 969
671 970
672 971
673 972
674 973
675 974
676 975
677 976
678 977
679 978
680 979
681 980
682 984
683 985
684 986
685 987
686 988
687 989
688 990
689 991
690 992
691 993
692 994
693 995
694 996
695 997
696 998
697 1004
698 1005
699 1006
700 1007
701 1008
702 1009
703 1010
704 1011
705 1012
706 1013
707 1014
708 1015
709 1016
710 1017
711 1018
712 1019
713 1024
714 1025
715 1026
716 1027
717 1028
718 1029
719 1030
720 1031
721 1032
722 1033
723 1034
724 1035
725 1036
726 1037
727 1038
728 1044
729 1045
730 1046
731 1047
732 1048
733 1049
734 1050
735 1051
736 1052
737 1053
738 1054
739 1055
740 1056
741 1057
742 1058
743 1064
744 1065
745 1066
746 1067
747 1068
748 1069
749 1070
750 1071
751 1072
752 1073
753 1074
754 1075
755 1076
756 1077
757 1084
758 1085
759 1086
760 1087
761 1088
762 1089
763 1090
764 1091
765 1092
766 1093
767 1094
768 1095
769 1096
770 1097
771 1098
772 1104
773 1105
774 1106
775 1107
776 1108
777 1109
778 1110
779 1111
780 1112
781 1113
782 1114
783 1115
784 1116
785 1117
786 1118
787 1124
788 1125
789 1126
790 1127
791 1128
792 1129
793 1130
794 1131
795 1132
796 1133
797 1134
798 1135
799 1136
800 1137
801 1138
802 1144
803 1145
804 1146
805 1147
806 1148
807 1149
808 1150
809 1151
810 1152
811 1153
812 1154
813 1155
814 1156
815 1157
816 1158
817 1159
818 1164
819 1165
820 1166
821 1167
822 1168
823 1169
824 1170
825 1171
826 1172
827 1173
828 1174
829 1175
830 1176
831 1177
832 1184
833 1185
834 1186
835 1187
836 1188
837 1189
838 1190
839 1191
840 1192
841 1193
842 1194
843 1195
844 1196
845 1197
846 1198
847 1199
848 1200
849 1204
850 1205
851 1206
852 1207
853 1208
854 1209
855 1210
856 1211
857 1212
858 1213
859 1214
860 1215
861 1216
862 1217
863 1218
864 1219
865 1220
866 1224
867 1225
868 1226
869 1227
870 1228
871 1229
872 1230
873 1231
874 1232
875 1233
876 1234
877 1235
878 1236
879 1244
880 1245
881 1246
882 1247
883 1248
884 1249
885 1250
886 1251
887 1252
888 1253
889 1254
890 1255
891 1256
892 1257
893 1258
894 1259
895 1260
896 1261
897 1264
898 1265
899 1266
900 1267
901 1268
902 1269
903 1270
904 1271
905 1272
906 1273
907 1274
908 1275
909 1276
910 1277
911 1278
912 1284
913 1285
914 1286
915 1287
916 1288
917 1289
918 1290
919 1291
920 1292
921 1293
922 1294
923 1295
924 1296
925 1297
926 1298
927 1299
928 1304
929 1305
930 1306
931 1307
932 1308
933 1309
934 1310
935 1311
936 1312
937 1313
938 1314
939 1315
940 1316
941 1317
942 1318
943 1319
944 1320
945 1321
946 1324
947 1325
948 1326
949 1327
950 1328
951 1329
952 1330
953 1331
954 1332
955 1333
956 1334
957 1335
958 1336
959 1337
960 1338
961 1339
962 1344
963 1345
964 1346
965 1347
966 1348
967 1349
968 1350
969 1351
970 1352
971 1353
972 1354
973 1355
974 1356
975 1357
976 1364
977 1365
978 1366
979 1367
980 1368
981 1369
982 1370
983 1371
984 1372
985 1373
986 1374
987 1375
988 1376
989 1377
990 1384
991 1385
992 1386
993 1387
994 1388
995 1389
996 1390
997 1391
998 1392
999 1393
1000 1394
1001 1404
1002 1405
1003 1406
1004 1407
1005 1408
1006 1409
1007 1410
1008 1411
1009 1412
1010 1413
1011 1414
1012 1415
1013 1416
1014 1417
1015 1418
1016 1419
1017 1420
1018 1421
1019 1424
1020 1425
1021 1426
1022 1427
1023 1428
1024 1429
1025 1430
1026 1431
1027 1432
1028 1433
1029 1434
1030 1435
1031 1436
1032 1437
1033 1438
1034 1439
1035 1444
1036 1445
1037 1446
1038 1447
1039 1448
1040 1449
1041 1450
1042 1451
1043 1452
1044 1453
1045 1454
1046 1455
1047 1464
1048 1465
1049 1466
1050 1467
1051 1468
1052 1469
1053 1470
1054 1471
1055 1472
1056 1473
1057 1484
1058 1485
1059 1486
1060 1487
1061 1488
1062 1489
1063 1490
1064 1491
1065 1492
1066 1493
1067 1494
1068 1495
1069 1496
1070 1497
1071 1498
1072 1504
1073 1505
1074 1506
1075 1507
1076 1508
1077 1509
1078 1510
1079 1511
1080 1512
1081 1513
1082 1524
1083 1525
1084 1526
1085 1527
1086 1528
1087 1529
1088 1530
1089 1531
1090 1532
1091 1533
1092 1534
1093 1535
1094 1536
1095 1537
1096 1538
1097 1539
1098 1544
1099 1545
1100 1546
1101 1547
1102 1548
1103 1549
1104 1550
1105 1551
1106 1552
1107 1553
1108 1554
1109 1555
1110 1556
1111 1557
1112 1558
1113 1559
1114 1564
1115 1565
1116 1566
1117 1567
1118 1568
1119 1569
1120 1570
1121 1571
1122 1572
1123 1573
1124 1574
1125 1575
1126 1576
1127 1577
1128 1584
1129 1585
1130 1586
1131 1587
1132 1588
1133 1589
1134 1590
1135 1591
1136 1592
1137 1593
1138 1604
1139 1605
1140 1606
1141 1607
1142 1608
1143 1609
1144 1610
1145 1611
1146 1612
1147 1613
1148 1614
1149 1615
1150 1616
1151 1617
1152 1618
1153 1624
1154 1625
1155 1626
1156 1627
1157 1628
1158 1629
1159 1630
1160 1631
1161 1632
1162 1633
1163 1634
1164 1635
1165 1636
1166 1637
1167 1638
1168 1644
1169 1645
1170 1646
1171 1647
1172 1648
1173 1649
1174 1650
1175 1651
1176 1652
1177 1653
1178 1654
1179 1655
1180 1656
1181 1657
1182 1664
1183 1665
1184 1666
1185 1667
1186 1668
1187 1669
1188 1670
1189 1671
1190 1672
1191 1673
1192 1674
1193 1675
1194 1676
1195 1677
1196 1678
1197 1684
1198 1685
1199 1686
1200 1687
1201 1688
1202 1689
1203 1690
1204 1691
1205 1692
1206 1693
1207 1694
1208 1695
1209 1696
1210 1697
1211 1704
1212 1705
1213 1706
1214 1707
1215 1708
1216 1709
1217 1710
1218 1711
1219 1712
1220 1713
1221 1714
1222 1715
1223 1716
1224 1717
1225 1724
1226 1725
1227 1726
1228 1727
1229 1728
1230 1729
1231 1730
1232 1731
1233 1732
1234 1733
1235 1734
1236 1744
1237 1745
1238 1746
1239 1747
1240 1748
1241 1749
1242 1750
1243 1751
1244 1752
1245 1753
1246 1754
1247 1755
1248 1756
1249 1757
1250 1758
1251 1759
1252 1764
1253 1765
1254 1766
1255 1767
1256 1768
1257 1769
1258 1770
1259 1771
1260 1772
1261 1773
1262 1774
1263 1775
1264 1776
1265 1784
1266 1785
1267 1786
1268 1787
1269 1788
1270 1789
1271 1790
1272 1791
1273 1792
1274 1793
1275 1794
1276 1795
1277 1796
1278 1797
1279 1804
1280 1805
1281 1806
1282 1807
1283 1808
1284 1809
1285 1810
1286 1811
1287 1812
1288 1813
1289 1814
1290 1815
1291 1816
1292 1817
1293 1824
1294 1825
1295 1826
1296 1827
1297 1828
1298 1829
1299 1830
1300 1831
1301 1832
1302 1833
1303 1834
1304 1835
1305 1836
1306 1837
1307 1838
1308 1844
1309 1845
1310 1846
1311 1847
1312 1848
1313 1849
1314 1850
1315 1851
1316 1852
1317 1853
1318 1854
1319 1855
1320 1856
1321 1857
1322 1858
1323 1859
1324 1860
1325 1864
1326 1865
1327 1866
1328 1867
1329 1868
1330 1869
1331 1870
1332 1871
1333 1872
1334 1873
1335 1874
1336 1875
1337 1876
1338 1877
1339 1878
1340 1879
1341 1880
1342 1884
1343 1885
1344 1886
1345 1887
1346 1888
1347 1889
1348 1890
1349 1891
1350 1892
1351 1893
1352 1894
1353 1895
1354 1896
1355 1897
1356 1898
1357 1899
1358 1904
1359 1905
1360 1906
1361 1907
1362 1908
1363 1909
1364 1910
1365 1911
1366 1912
1367 1913
1368 1914
1369 1915
1370 1916
1371 1917
1372 1918
1373 1919
1374 1920
1375 1921
1376 1922
1377 1924
1378 1925
1379 1926
1380 1927
1381 1928
1382 1929
1383 1930
1384 1931
1385 1932
1386 1933
1387 1934
1388 1935
1389 1936
1390 1937
1391 1938
1392 1944
1393 1945
1394 1946
1395 1947
1396 1948
1397 1949
1398 1950
1399 1951
1400 1952
1401 1953
1402 1954
1403 1955
1404 1956
1405 1957
1406 1958
1407 1959
1408 1960
1409 1964
1410 1965
1411 1966
1412 1967
1413 1968
1414 1969
1415 1970
1416 1971
1417 1972
1418 1973
1419 1974
1420 1975
1421 1984
1422 1985
1423 1986
1424 1987
1425 1988
1426 1989
1427 1990
1428 1991
1429 1992
1430 1993
1431 1994
1432 1995
1433 1996
1434 1997
1435 1998
1436 2004
1437 2005
1438 2006
1439 2007
1440 2008
1441 2009
1442 2010
1443 2011
1444 2012
1445 2013
1446 2014
1447 2015
1448 2016
1449 2017
1450 2018
1451 2019
1452 2024
1453 2025
1454 2026
1455 2027
1456 2028
1457 2029
1458 2030
1459 2031
1460 2032
1461 2033
1462 2034
1463 2035
1464 2036
1465 2037
1466 2038
1467 2039
1468 2040
1469 2044
1470 2045
1471 2046
1472 2047
1473 2048
1474 2049
1475 2050
1476 2051
1477 2052
1478 2053
1479 2054
1480 2055
1481 2056
1482 2057
1483 2058
1484 2059
1485 2060
1486 2061
1487 2064
1488 2065
1489 2066
1490 2067
1491 2068
1492 2069
1493 2070
1494 2071
1495 2072
1496 2073
1497 2084
1498 2085
1499 2086
1500 2087
1501 2088
1502 2089
1503 2090
1504 2091
1505 2092
1506 2093
1507 2094
1508 2095
1509 2096
1510 2097
1511 2098
1512 2099
1513 2100
1514 2104
1515 2105
1516 2106
1517 2107
1518 2108
1519 2109
1520 2110
1521 2111
1522 2112
1523 2113
1524 2114
1525 2115
1526 2116
1527 2117
1528 2118
1529 2119
1530 2120
1531 2121
1532 2124
1533 2125
1534 2126
1535 2127
1536 2128
1537 2129
1538 2130
1539 2131
1540 2132
1541 2133
1542 2134
1543 2135
1544 2136
1545 2137
1546 2144
1547 2145
1548 2146
1549 2147
1550 2148
1551 2149
1552 2150
1553 2151
1554 2152
1555 2153
1556 2154
1557 2155
1558 2156
1559 2157
1560 2158
1561 2159
1562 2164
1563 2165
1564 2166
1565 2167
1566 2168
1567 2169
1568 2170
1569 2171
1570 2172
1571 2173
1572 2174
1573 2175
1574 2176
1575 2184
1576 2185
1577 2186
1578 2187
1579 2188
1580 2189
1581 2190
1582 2191
1583 2192
1584 2193
1585 2194
1586 2195
1587 2196
1588 2197
1589 2198
1590 2204
1591 2205
1592 2206
1593 2207
1594 2208
1595 2209
1596 2210
1597 2211
1598 2212
1599 2213
1600 2214
1601 2224
1602 2225
1603 2226
1604 2227
1605 2228
1606 2229
1607 2230
1608 2231
1609 2232
1610 2233
1611 2234
1612 2235
1613 2236
1614 2237
1615 2238
1616 2244
1617 2245
1618 2246
1619 2247
1620 2248
1621 2249
1622 2250
1623 2251
1624 2252
1625 2253
1626 2254
1627 2255
1628 2264
1629 2265
1630 2266
1631 2267
1632 2268
1633 2269
1634 2270
1635 2271
1636 2272
1637 2273
1638 2274
1639 2275
1640 2276
1641 2277
1642 2278
1643 2284
1644 2285
1645 2286
1646 2287
1647 2288
1648 2289
1649 2290
1650 2291
1651 2292
1652 2304
1653 2305
1654 2306
1655 2307
1656 2308
1657 2309
1658 2310
1659 2311
1660 2312
1661 2313
1662 2314
1663 2315
1664 2324
1665 2325
1666 2326
1667 2327
1668 2328
1669 2329
1670 2330
1671 2331
1672 2332
1673 2333
1674 2334
1675 2335
1676 2336
1677 2337
1678 2344
1679 2345
1680 2346
1681 2347
1682 2348
1683 2349
1684 2350
1685 2351
1686 2352
1687 2353
1688 2354
1689 2355
1690 2356
1691 2357
1692 2364
1693 2365
1694 2366
1695 2367
1696 2368
1697 2369
1698 2370
1699 2371
1700 2372
1701 2373
1702 2374
1703 2375
1704 2376
1705 2377
1706 2384
1707 2385
1708 2386
1709 2387
1710 2388
1711 2389
1712 2390
1713 2391
1714 2392
1715 2393
1716 2394
1717 2395
1718 2396
1719 2397
1720 2398
1721 2404
1722 2405
1723 2406
1724 2407
1725 2408
1726 2409
1727 2410
1728 2411
1729 2412
1730 2413
1731 2414
1732 2415
1733 2416
1734 2417
1735 2418
1736 2419
1737 2420
1738 2421
1739 2422
1740 2424
1741 2425
1742 2426
1743 2427
1744 2428
1745 2429
1746 2430
1747 2431
1748 2432
1749 2433
1750 2434
1751 2435
1752 2436
1753 2437
1754 2438
1755 2439
1756 2440
1757 2441
1758 2444
1759 2445
1760 2446
1761 2447
1762 2448
1763 2449
1764 2450
1765 2451
1766 2452
1767 2453
1768 2454
1769 2455
1770 2456
1771 2457
1772 2458
1773 2459
1774 2460
1775 2461
1776 2462
1777 2464
1778 2465
1779 2466
1780 2467
1781 2468
1782 2469
1783 2470
1784 2471
1785 2472
1786 2473
1787 2474
1788 2475
1789 2476
1790 2477
1791 2478
1792 2479
1793 2480
1794 2481
1795 2484
1796 2485
1797 2486
1798 2487
1799 2488
1800 2489
1801 2490
1802 2491
1803 2492
1804 2493
1805 2494
1806 2495
1807 2496
1808 2497
1809 2498
1810 2499
1811 2500
1812 2504
1813 2505
1814 2506
1815 2507
1816 2508
1817 2509
1818 2510
1819 2511
1820 2512
1821 2513
1822 2514
1823 2515
1824 2516
1825 2517
1826 2518
1827 2519
1828 2524
1829 2525
1830 2526
1831 2527
1832 2528
1833 2529
1834 2530
1835 2531
1836 2532
1837 2533
1838 2534
1839 2535
1840 2536
1841 2537
1842 2538
1843 2539
1844 2544
1845 2545
1846 2546
1847 2547
1848 2548
1849 2549
1850 2550
1851 2551
1852 2552
1853 2553
1854 2554
1855 2555
1856 2556
1857 2557
1858 2558
1859 2559
1860 2560
1861 2561
1862 2564
1863 2565
1864 2566
1865 2567
1866 2568
1867 2569
1868 2570
1869 2571
1870 2572
1871 2573
1872 2574
1873 2575
1874 2576
1875 2577
1876 2578
1877 2579
1878 2580
1879 2584
1880 2585
1881 2586
1882 2587
1883 2588
1884 2589
1885 2590
1886 2591
1887 2592
1888 2593
1889 2594
1890 2595
1891 2596
1892 2604
1893 2605
1894 2606
1895 2607
1896 2608
1897 2609
1898 2610
1899 2611
1900 2612
1901 2613
1902 2614
1903 2624
1904 2625
1905 2626
1906 2627
1907 2628
1908 2629
1909 2630
1910 2631
1911 2632
1912 2633
1913 2634
1914 2635
1915 2636
1916 2637
1917 2638
1918 2644
1919 2645
1920 2646
1921 2647
1922 2648
1923 2649
1924 2650
1925 2651
1926 2652
1927 2653
1928 2654
1929 2655
1930 2656
1931 2657
1932 2658
1933 2659
1934 2660
1935 2664
1936 2665
1937 2666
1938 2667
1939 2668
1940 2669
1941 2670
1942 2671
1943 2672
1944 2673
1945 2674
1946 2675
1947 2676
1948 2684
1949 2685
1950 2686
1951 2687
1952 2688
1953 2689
1954 2690
1955 2691
1956 2692
1957 2693
1958 2694
1959 2695
1960 2696
1961 2697
1962 2698
1963 2704
1964 2705
1965 2706
1966 2707
1967 2708
1968 2709
1969 2710
1970 2711
1971 2712
1972 2713
1973 2714
1974 2715
1975 2716
1976 2717
1977 2718
1978 2719
1979 2724
1980 2725
1981 2726
1982 2727
1983 2728
1984 2729
1985 2730
1986 2731
1987 2732
1988 2733
1989 2734
1990 2735
1991 2736
1992 2737
1993 2738
1994 2739
1995 2740
1996 2744
1997 2745
1998 2746
1999 2747
2000 2748
2001 2749
2002 2750
2003 2751
2004 2752
2005 2753
2006 2754
2007 2755
2008 2756
2009 2757
2010 2758
2011 2759
2012 2764
2013 2765
2014 2766
2015 2767
2016 2768
2017 2769
2018 2770
2019 2771
2020 2772
2021 2773
2022 2774
2023 2775
2024 2784
2025 2785
2026 2786
2027 2787
2028 2788
2029 2789
2030 2790
2031 2791
2032 2792
2033 2793
2034 2794
2035 2795
2036 2804
2037 2805
2038 2806
2039 2807
2040 2808
2041 2809
2042 2810
2043 2811
2044 2812
2045 2813
2046 2814
2047 2815
2048 2816
2049 2817
2050 2818
2051 2819
2052 2820
2053 2824
2054 2825
2055 2826
2056 2827
2057 2828
2058 2829
2059 2830
2060 2831
2061 2832
2062 2833
2063 2834
2064 2835
2065 2844
2066 2845
2067 2846
2068 2847
2069 2848
2070 2849
2071 2850
2072 2851
2073 2852
2074 2853
2075 2854
2076 2855
2077 2856
2078 2857
2079 2864
2080 2865
2081 2866
2082 2867
2083 2868
2084 2869
2085 2870
2086 2871
2087 2872
2088 2873
2089 2874
2090 2875
2091 2876
2092 2884
2093 2885
2094 2886
2095 2887
2096 2888
2097 2889
2098 2890
2099 2891
2100 2892
2101 2893
2102 2894
2103 2895
2104 2896
2105 2897
2106 2898
2107 2899
2108 2900
2109 2904
2110 2905
2111 2906
2112 2907
2113 2908
2114 2909
2115 2910
2116 2911
2117 2912
2118 2913
2119 2914
2120 2915
2121 2924
2122 2925
2123 2926
2124 2927
2125 2928
2126 2929
2127 2930
2128 2931
2129 2932
2130 2933
2131 2934
2132 2935
2133 2936
2134 2937
2135 2938
2136 2939
2137 2944
2138 2945
2139 2946
2140 2947
2141 2948
2142 2949
2143 2950
2144 2951
2145 2952
2146 2953
2147 2954
2148 2955
2149 2956
2150 2957
2151 2958
2152 2964
2153 2965
2154 2966
2155 2967
2156 2968
2157 2969
2158 2970
2159 2971
2160 2972
2161 2973
2162 2984
2163 2985
2164 2986
2165 2987
2166 2988
2167 2989
2168 2990
2169 2991
2170 2992
2171 2993
2172 2994
2173 2995
2174 2996
2175 2997
2176 2998
2177 2999
2178 3004
2179 3005
2180 3006
2181 3007
2182 3008
2183 3009
2184 3010
2185 3011
2186 3012
2187 3013
2188 3014
2189 3015
2190 3016
2191 3017
2192 3018
2193 3019
2194 3020
2195 3024
2196 3025
2197 3026
2198 3027
2199 3028
2200 3029
2201 3030
2202 3031
2203 3032
2204 3033
2205 3034
2206 3035
2207 3036
2208 3037
2209 3038
2210 3039
2211 3040
2212 3041
2213 3042
2214 3044
2215 3045
2216 3046
2217 3047
2218 3048
2219 3049
2220 3050
2221 3051
2222 3052
2223 3053
2224 3054
2225 3055
2226 3056
2227 3057
2228 3058
2229 3059
2230 3060
2231 3064
2232 3065
2233 3066
2234 3067
2235 3068
2236 3069
2237 3070
2238 3071
2239 3072
2240 3073
2241 3074
2242 3075
2243 3076
2244 3077
2245 3078
2246 3079
2247 3080
2248 3081
2249 3082
2250 3084
2251 3085
2252 3086
2253 3087
2254 3088
2255 3089
2256 3090
2257 3091
2258 3092
2259 3093
2260 3094
2261 3095
2262 3096
2263 3097
2264 3098
2265 3099
2266 3104
2267 3105
2268 3106
2269 3107
2270 3108
2271 3109
2272 3110
2273 3111
2274 3112
2275 3113
2276 3114
2277 3115
2278 3116
2279 3117
2280 3118
2281 3119
2282 3124
2283 3125
2284 3126
2285 3127
2286 3128
2287 3129
2288 3130
2289 3131
2290 3132
2291 3133
2292 3134
2293 3135
2294 3136
2295 3137
2296 3138
2297 3139
2298 3140
2299 3141
2300 3144
2301 3145
2302 3146
2303 3147
2304 3148
2305 3149
2306 3150
2307 3151
2308 3152
2309 3153
2310 3154
2311 3155
2312 3156
2313 3157
2314 3158
2315 3159
2316 3164
2317 3165
2318 3166
2319 3167
2320 3168
2321 3169
2322 3170
2323 3171
2324 3172
2325 3173
2326 3174
2327 3175
2328 3176
2329 3177
2330 3184
2331 3185
2332 3186
2333 3187
2334 3188
2335 3189
2336 3190
2337 3191
2338 3192
2339 3193
2340 3194
2341 3195
2342 3196
2343 3197
2344 3198
2345 3204
2346 3205
2347 3206
2348 3207
2349 3208
2350 3209
2351 3210
2352 3211
2353 3212
2354 3213
2355 3214
2356 3215
2357 3216
2358 3217
2359 3218
2360 3224
2361 3225
2362 3226
2363 3227
2364 3228
2365 3229
2366 3230
2367 3231
2368 3232
2369 3233
2370 3234
2371 3235
2372 3236
2373 3237
2374 3238
2375 3244
2376 3245
2377 3246
2378 3247
2379 3248
2380 3249
2381 3250
2382 3251
2383 3252
2384 3253
2385 3254
2386 3255
2387 3256
2388 3257
2389 3258
2390 3259
2391 3260
2392 3261
2393 3262
2394 3264
2395 3265
2396 3266
2397 3267
2398 3268
2399 3269
2400 3270
2401 3271
2402 3272
2403 3273
2404 3274
2405 3275
2406 3276
2407 3277
2408 3278
2409 3279
2410 3284
2411 3285
2412 3286
2413 3287
2414 3288
2415 3289
2416 3290
2417 3291
2418 3292
2419 3293
2420 3294
2421 3295
2422 3296
2423 3297
2424 3298
2425 3299
2426 3304
2427 3305
2428 3306
2429 3307
2430 3308
2431 3309
2432 3310
2433 3311
2434 3312
2435 3313
2436 3314
2437 3315
2438 3316
2439 3317
2440 3318
2441 3319
2442 3324
2443 3325
2444 3326
2445 3327
2446 3328
2447 3329
2448 3330
2449 3331
2450 3332
2451 3333
2452 3334
2453 3335
2454 3336
2455 3337
2456 3338
2457 3344
2458 3345
2459 3346
2460 3347
2461 3348
2462 3349
2463 3350
2464 3351
2465 3352
2466 3353
2467 3354
2468 3355
2469 3356
2470 3357
2471 3364
2472 3365
2473 3366
2474 3367
2475 3368
2476 3369
2477 3370
2478 3371
2479 3372
2480 3373
2481 3374
2482 3375
2483 3376
2484 3377
2485 3384
2486 3385
2487 3386
2488 3387
2489 3388
2490 3389
2491 3390
2492 3391
2493 3392
2494 3393
2495 3394
2496 3395
2497 3396
2498 3397
2499 3398
2500 3404
2501 3405
2502 3406
2503 3407
2504 3408
2505 3409
2506 3410
2507 3411
2508 3412
2509 3413
2510 3414
2511 3415
2512 3416
2513 3417
2514 3418
2515 3424
2516 3425
2517 3426
2518 3427
2519 3428
2520 3429
2521 3430
2522 3431
2523 3432
2524 3433
2525 3434
2526 3435
2527 3436
2528 3437
2529 3438
2530 3444
2531 3445
2532 3446
2533 3447
2534 3448
2535 3449
2536 3450
2537 3451
2538 3452
2539 3453
2540 3454
2541 3455
2542 3456
2543 3457
2544 3458
2545 3459
2546 3464
2547 3465
2548 3466
2549 3467
2550 3468
2551 3469
2552 3470
2553 3471
2554 3472
2555 3473
2556 3474
2557 3475
2558 3476
2559 3477
2560 3484
2561 3485
2562 3486
2563 3487
2564 3488
2565 3489
2566 3490
2567 3491
2568 3492
2569 3493
2570 3494
2571 3504
2572 3505
2573 3506
2574 3507
2575 3508
2576 3509
2577 3510
2578 3511
2579 3512
2580 3513
2581 3514
2582 3515
2583 3516
2584 3517
2585 3524
2586 3525
2587 3526
2588 3527
2589 3528
2590 3529
2591 3530
2592 3531
2593 3532
2594 3533
2595 3534
2596 3535
2597 3536
2598 3544
2599 3545
2600 3546
2601 3547
2602 3548
2603 3549
2604 3550
2605 3551
2606 3552
2607 3553
2608 3554
2609 3555
2610 3556
2611 3557
2612 3558
2613 3559
2614 3560
2615 3561
2616 3564
2617 3565
2618 3566
2619 3567
2620 3568
2621 3569
2622 3570
2623 3571
2624 3572
2625 3573
2626 3574
2627 3575
2628 3576
2629 3577
2630 3578
2631 3579
2632 3580
2633 3581
2634 3584
2635 3585
2636 3586
2637 3587
2638 3588
2639 3589
2640 3590
2641 3591
2642 3592
2643 3593
2644 3594
2645 3595
2646 3596
2647 3597
2648 3598
2649 3599
2650 3600
2651 3604
2652 3605
2653 3606
2654 3607
2655 3608
2656 3609
2657 3610
2658 3611
2659 3612
2660 3613
2661 3614
2662 3615
2663 3616
2664 3624
2665 3625
2666 3626
2667 3627
2668 3628
2669 3629
2670 3630
2671 3631
2672 3632
2673 3633
2674 3634
2675 3635
2676 3636
2677 3637
2678 3638
2679 3639
2680 3640
2681 3644
2682 3645
2683 3646
2684 3647
2685 3648
2686 3649
2687 3650
2688 3651
2689 3652
2690 3653
2691 3654
2692 3655
2693 3656
2694 3657
2695 3658
2696 3659
2697 3660
2698 3664
2699 3665
2700 3666
2701 3667
2702 3668
2703 3669
2704 3670
2705 3671
2706 3672
2707 3673
2708 3674
2709 3675
2710 3676
2711 3677
2712 3678
2713 3679
2714 3680
2715 3681
2716 3684
2717 3685
2718 3686
2719 3687
2720 3688
2721 3689
2722 3690
2723 3691
2724 3692
2725 3693
2726 3694
2727 3695
2728 3696
2729 3697
2730 3698
2731 3704
2732 3705
2733 3706
2734 3707
2735 3708
2736 3709
2737 3710
2738 3711
2739 3712
2740 3713
2741 3714
2742 3715
2743 3716
2744 3717
2745 3718
2746 3719
2747 3720
2748 3724
2749 3725
2750 3726
2751 3727
2752 3728
2753 3729
2754 3730
2755 3731
2756 3732
2757 3733
2758 3734
2759 3735
2760 3736
2761 3737
2762 3738
2763 3739
2764 3740
2765 3741
2766 3742
2767 3744
2768 3745
2769 3746
2770 3747
2771 3748
2772 3749
2773 3750
2774 3751
2775 3752
2776 3753
2777 3754
2778 3755
2779 3756
2780 3757
2781 3758
2782 3759
2783 3764
2784 3765
2785 3766
2786 3767
2787 3768
2788 3769
2789 3770
2790 3771
2791 3772
2792 3773
2793 3774
2794 3775
2795 3776
2796 3777
2797 3778
2798 3779
2799 3780
2800 3784
2801 3785
2802 3786
2803 3787
2804 3788
2805 3789
2806 3790
2807 3791
2808 3792
2809 3793
2810 3794
2811 3795
2812 3796
2813 3797
2814 3798
2815 3804
2816 3805
2817 3806
2818 3807
2819 3808
2820 3809
2821 3810
2822 3811
2823 3812
2824 3813
2825 3814
2826 3815
2827 3816
2828 3824
2829 3825
2830 3826
2831 3827
2832 3828
2833 3829
2834 3830
2835 3831
2836 3832
2837 3833
2838 3834
2839 3835
2840 3836
2841 3837
2842 3844
2843 3845
2844 3846
2845 3847
2846 3848
2847 3849
2848 3850
2849 3851
2850 3852
2851 3853
2852 3854
2853 3855
2854 3856
2855 3857
2856 3858
2857 3859
2858 3860
2859 3861
2860 3864
2861 3865
2862 3866
2863 3867
2864 3868
2865 3869
2866 3870
2867 3871
2868 3872
2869 3873
2870 3874
2871 3875
2872 3876
2873 3884
2874 3885
2875 3886
2876 3887
2877 3888
2878 3889
2879 3890
2880 3891
2881 3892
2882 3893
2883 3894
2884 3895
2885 3896
2886 3904
2887 3905
2888 3906
2889 3907
2890 3908
2891 3909
2892 3910
2893 3911
2894 3912
2895 3913
2896 3914
2897 3915
2898 3916
2899 3917
2900 3918
2901 3919
2902 3920
2903 3921
2904 3922
2905 3924
2906 3925
2907 3926
2908 3927
2909 3928
2910 3929
2911 3930
2912 3931
2913 3932
2914 3933
2915 3934
2916 3935
2917 3936
2918 3944
2919 3945
2920 3946
2921 3947
2922 3948
2923 3949
2924 3950
2925 3951
2926 3952
2927 3953
2928 3954
2929 3955
2930 3956
2931 3964
2932 3965
2933 3966
2934 3967
2935 3968
2936 3969
2937 3970
2938 3971
2939 3972
2940 3973
2941 3974
2942 3984
2943 3985
2944 3986
2945 3987
2946 3988
2947 3989
2948 3990
2949 3991
2950 3992
2951 3993
2952 3994
2953 4004
2954 4005
2955 4006
2956 4007
2957 4008
2958 4009
2959 4010
2960 4011
2961 4012
2962 4013
2963 4014
2964 4015
2965 4016
2966 4024
2967 4025
2968 4026
2969 4027
2970 4028
2971 4029
2972 4030
2973 4031
2974 4032
2975 4033
2976 4034
2977 4035
2978 4036
2979 4037
2980 4038
2981 4039
2982 4040
2983 4041
2984 4044
2985 4045
2986 4046
2987 4047
2988 4048
2989 4049
2990 4050
2991 4051
2992 4052
2993 4053
2994 4054
2995 4055
2996 4056
2997 4057
2998 4058
2999 4059
3000 4064
3001 4065
3002 4066
3003 4067
3004 4068
3005 4069
3006 4070
3007 4071
3008 4072
3009 4073
3010 4074
3011 4075
3012 4076
3013 4084
3014 4085
3015 4086
3016 4087
3017 4088
3018 4089
3019 4090
3020 4091
3021 4092
3022 4093
3023 4094
3024 4095
3025 4096
3026 4097
3027 4098
3028 4099
3029 4100
3030 4104
3031 4105
3032 4106
3033 4107
