0 0
1 1
2 2
3 3
4 4
5 5
6 6
7 13
8 14
9 15
10 16
11 17
12 18
13 19
14 20
15 21
16 22
17 23
18 24
19 25
20 33
21 34
22 35
23 36
24 37
25 38
26 39
27 40
28 41
29 42
30 43
31 44
32 45
33 46
34 53
35 54
36 55
37 56
38 57
39 58
40 59
41 73
42 74
43 75
44 76
45 77
46 78
47 79
48 80
49 81
50 82
51 93
52 94
53 95
54 96
55 97
56 98
57 99
58 100
59 101
60 102
61 103
62 104
63 105
64 113
65 114
66 115
67 116
68 117
69 118
70 119
71 120
72 121
73 122
74 123
75 124
76 125
77 126
78 127
79 133
80 134
81 135
82 136
83 137
84 138
85 139
86 140
87 141
88 142
89 143
90 144
91 145
92 146
93 153
94 154
95 155
96 156
97 157
98 158
99 159
100 160
101 161
102 162
103 163
104 164
105 165
106 166
107 167
108 173
109 174
110 175
111 176
112 177
113 178
114 179
115 180
116 181
117 182
118 183
119 184
120 185
121 186
122 193
123 194
124 195
125 196
126 197
127 198
128 199
129 200
130 201
131 202
132 203
133 204
134 205
135 206
136 207
137 208
138 213
139 214
140 215
141 216
142 217
143 218
144 219
145 220
146 221
147 222
148 223
149 224
150 225
151 226
152 227
153 228
154 233
155 234
156 235
157 236
158 237
159 238
160 239
161 253
162 254
163 255
164 256
165 257
166 258
167 259
168 260
169 261
170 262
171 263
172 264
173 265
174 266
175 267
176 273
177 274
178 275
179 276
180 277
181 278
182 279
183 280
184 281
185 282
186 293
187 294
188 295
189 296
190 297
191 298
192 299
193 300
194 301
195 302
196 303
197 304
198 305
199 306
200 307
201 308
202 309
203 313
204 314
205 315
206 316
207 317
208 318
209 319
210 320
211 321
212 322
213 323
214 324
215 325
216 326
217 327
218 328
219 329
220 333
221 334
222 335
223 336
224 337
225 338
226 339
227 340
228 341
229 342
230 343
231 344
232 345
233 346
234 347
235 353
236 354
237 355
238 356
239 357
240 358
241 359
242 360
243 361
244 362
245 363
246 364
247 365
248 373
249 374
250 375
251 376
252 377
253 378
254 379
255 380
256 381
257 382
258 383
259 384
260 393
261 394
262 395
263 396
264 397
265 398
266 399
267 400
268 401
269 402
270 403
271 404
272 405
273 406
274 407
275 408
276 409
277 413
278 414
279 415
280 416
281 417
282 418
283 419
284 420
285 421
286 422
287 423
288 424
289 425
290 426
291 427
292 433
293 434
294 435
295 436
296 437
297 438
298 439
299 440
300 441
301 442
302 443
303 444
304 445
305 446
306 447
307 448
308 453
309 454
310 455
311 456
312 457
313 458
314 459
315 460
316 461
317 462
318 463
319 464
320 465
321 473
322 474
323 475
324 476
325 477
326 478
327 479
328 480
329 481
330 482
331 483
332 484
333 485
334 486
335 487
336 493
337 494
338 495
339 496
340 497
341 498
342 499
343 500
344 501
345 502
346 503
347 504
348 505
349 506
350 507
351 513
352 514
353 515
354 516
355 517
356 518
357 519
358 520
359 521
360 522
361 523
362 524
363 525
364 526
365 533
366 534
367 535
368 536
369 537
370 538
371 539
372 540
373 541
374 542
375 543
376 544
377 545
378 546
379 547
380 548
381 553
382 554
383 555
384 556
385 557
386 558
387 559
388 560
389 561
390 562
391 563
392 564
393 573
394 574
395 575
396 576
397 577
398 578
399 579
400 580
401 581
402 582
403 583
404 584
405 585
406 586
407 593
408 594
409 595
410 596
411 597
412 598
413 599
414 600
415 601
416 602
417 603
418 604
419 605
420 613
421 614
422 615
423 616
424 617
425 618
426 619
427 620
428 621
429 622
430 623
431 624
432 625
433 633
434 634
435 635
436 636
437 637
438 638
439 639
440 640
441 641
442 642
443 643
444 644
445 645
446 646
447 647
448 648
449 653
450 654
451 655
452 656
453 657
454 658
455 659
456 660
457 661
458 662
459 663
460 664
461 665
462 666
463 673
464 674
465 675
466 676
467 677
468 678
469 679
470 680
471 693
472 694
473 695
474 696
475 697
476 698
477 699
478 700
479 701
480 702
481 703
482 704
483 705
484 706
485 713
486 714
487 715
488 716
489 717
490 718
491 719
492 720
493 721
494 722
495 723
496 724
497 725
498 726
499 727
500 728
501 733
502 734
503 735
504 736
505 737
506 738
507 739
508 740
509 741
510 742
511 743
512 744
513 745
514 746
515 747
516 748
517 749
518 753
519 754
520 755
521 756
522 757
523 758
524 759
525 760
526 761
527 762
528 763
529 764
530 765
531 766
532 767
533 773
534 774
535 775
536 776
537 777
538 778
539 779
540 780
541 781
542 782
543 783
544 784
545 785
546 786
547 787
548 788
549 789
550 790
551 793
552 794
553 795
554 796
555 797
556 798
557 799
558 800
559 801
560 802
561 803
562 804
563 805
564 806
565 813
566 814
567 815
568 816
569 817
570 818
571 819
572 820
573 821
574 822
575 823
576 824
577 825
578 826
579 827
580 828
581 829
582 830
583 833
584 834
585 835
586 836
587 837
588 838
589 839
590 840
591 841
592 842
593 843
594 844
595 845
596 846
597 847
598 848
599 849
600 850
601 851
602 853
603 854
604 855
605 856
606 857
607 858
608 859
609 860
610 861
611 862
612 863
613 864
614 865
615 866
616 867
617 868
618 869
619 870
620 871
621 873
622 874
623 875
624 876
625 877
626 878
627 879
628 880
629 881
630 882
631 883
632 884
633 885
634 886
635 887
636 888
637 889
638 890
639 893
640 894
641 895
642 896
643 897
644 898
645 899
646 900
647 901
648 902
649 903
650 904
651 905
652 906
653 907
654 908
655 909
656 910
657 911
658 913
659 914
660 915
661 916
662 917
663 918
664 919
665 920
666 921
667 922
668 923
669 924
670 933
671 934
672 935
673 936
674 937
675 938
676 939
677 940
678 941
679 942
680 943
681 944
682 945
683 946
684 953
685 954
686 955
687 956
688 957
689 958
690 959
691 960
692 961
693 962
694 963
695 964
696 965
697 966
698 967
699 973
700 974
701 975
702 976
703 977
704 978
705 979
706 980
707 981
708 982
709 983
710 984
711 985
712 986
713 987
714 988
715 993
716 994
717 995
718 996
719 997
720 998
721 999
722 1000
723 1001
724 1002
725 1003
726 1004
727 1005
728 1006
729 1007
730 1008
731 1013
732 1014
733 1015
734 1016
735 1017
736 1018
737 1019
738 1020
739 1021
740 1022
741 1023
742 1024
743 1025
744 1026
745 1027
746 1028
747 1033
748 1034
749 1035
750 1036
751 1037
752 1038
753 1039
754 1040
755 1041
756 1042
757 1043
758 1044
759 1045
760 1046
761 1047
762 1048
763 1049
764 1053
765 1054
766 1055
767 1056
768 1057
769 1058
770 1059
771 1060
772 1061
773 1062
774 1063
775 1064
776 1065
777 1066
778 1067
779 1073
780 1074
781 1075
782 1076
783 1077
784 1078
785 1079
786 1080
787 1081
788 1082
789 1083
790 1084
791 1085
792 1086
793 1087
794 1093
795 1094
796 1095
797 1096
798 1097
799 1098
800 1099
801 1100
802 1101
803 1102
804 1103
805 1104
806 1105
807 1106
808 1113
809 1114
810 1115
811 1116
812 1117
813 1118
814 1119
815 1120
816 1121
817 1122
818 1123
819 1124
820 1125
821 1126
822 1127
823 1128
824 1129
825 1130
826 1133
827 1134
828 1135
829 1136
830 1137
831 1138
832 1139
833 1140
834 1141
835 1142
836 1143
837 1144
838 1145
839 1146
840 1147
841 1148
842 1153
843 1154
844 1155
845 1156
846 1157
847 1158
848 1159
849 1160
850 1161
851 1162
852 1163
853 1164
854 1165
855 1166
856 1167
857 1173
858 1174
859 1175
860 1176
861 1177
862 1178
863 1179
864 1180
865 1181
866 1182
867 1183
868 1184
869 1185
870 1186
871 1187
872 1193
873 1194
874 1195
875 1196
876 1197
877 1198
878 1199
879 1200
880 1201
881 1202
882 1203
883 1204
884 1213
885 1214
886 1215
887 1216
888 1217
889 1218
890 1219
891 1220
892 1221
893 1222
894 1223
895 1224
896 1225
897 1226
898 1233
899 1234
900 1235
901 1236
902 1237
903 1238
904 1239
905 1240
906 1241
907 1242
908 1243
909 1244
910 1253
911 1254
912 1255
913 1256
914 1257
915 1258
916 1259
917 1260
918 1261
919 1262
920 1263
921 1264
922 1265
923 1266
924 1267
925 1268
926 1273
927 1274
928 1275
929 1276
930 1277
931 1278
932 1279
933 1280
934 1281
935 1282
936 1283
937 1284
938 1285
939 1286
940 1287
941 1293
942 1294
943 1295
944 1296
945 1297
946 1298
947 1299
948 1300
949 1301
950 1302
951 1303
952 1304
953 1305
954 1306
955 1307
956 1313
957 1314
958 1315
959 1316
960 1317
961 1318
962 1319
963 1320
964 1321
965 1322
966 1323
967 1324
968 1325
969 1326
970 1333
971 1334
972 1335
973 1336
974 1337
975 1338
976 1339
977 1340
978 1341
979 1342
980 1343
981 1344
982 1353
983 1354
984 1355
985 1356
986 1357
987 1358
988 1359
989 1360
990 1361
991 1362
992 1363
993 1364
994 1373
995 1374
996 1375
997 1376
998 1377
999 1378
1000 1379
1001 1380
1002 1381
1003 1382
1004 1383
1005 1384
1006 1385
1007 1393
1008 1394
1009 1395
1010 1396
1011 1397
1012 1398
1013 1399
1014 1400
1015 1401
1016 1402
1017 1403
1018 1404
1019 1405
1020 1406
1021 1407
1022 1408
1023 1409
1024 1410
1025 1413
1026 1414
1027 1415
1028 1416
1029 1417
1030 1418
1031 1419
1032 1420
1033 1421
1034 1422
1035 1423
1036 1424
1037 1425
1038 1426
1039 1427
1040 1428
1041 1429
1042 1433
1043 1434
1044 1435
1045 1436
1046 1437
1047 1438
1048 1439
1049 1440
1050 1441
1051 1442
1052 1443
1053 1444
1054 1445
1055 1446
1056 1447
1057 1448
1058 1449
1059 1453
1060 1454
1061 1455
1062 1456
1063 1457
1064 1458
1065 1459
1066 1460
1067 1461
1068 1462
1069 1463
1070 1464
1071 1465
1072 1466
1073 1467
1074 1473
1075 1474
1076 1475
1077 1476
1078 1477
1079 1478
1080 1479
1081 1480
1082 1481
1083 1482
1084 1483
1085 1484
1086 1485
1087 1486
1088 1487
1089 1488
1090 1489
1091 1490
1092 1493
1093 1494
1094 1495
1095 1496
1096 1497
1097 1498
1098 1499
1099 1500
1100 1501
1101 1502
1102 1503
1103 1504
1104 1505
1105 1506
1106 1507
1107 1508
1108 1509
1109 1510
1110 1513
1111 1514
1112 1515
1113 1516
1114 1517
1115 1518
1116 1519
1117 1520
1118 1521
1119 1522
1120 1523
1121 1524
1122 1525
1123 1526
1124 1527
1125 1528
1126 1529
1127 1530
1128 1533
1129 1534
1130 1535
1131 1536
1132 1537
1133 1538
1134 1539
1135 1540
1136 1541
1137 1542
1138 1543
1139 1544
1140 1545
1141 1546
1142 1547
1143 1548
1144 1549
1145 1553
1146 1554
1147 1555
1148 1556
1149 1557
1150 1558
1151 1559
1152 1560
1153 1561
1154 1562
1155 1563
1156 1564
1157 1565
1158 1566
1159 1567
1160 1573
1161 1574
1162 1575
1163 1576
1164 1577
1165 1578
1166 1579
1167 1580
1168 1581
1169 1582
1170 1583
1171 1584
1172 1585
1173 1586
1174 1587
1175 1588
1176 1593
1177 1594
1178 1595
1179 1596
1180 1597
1181 1598
1182 1599
1183 1600
1184 1601
1185 1602
1186 1603
1187 1604
1188 1605
1189 1606
1190 1607
1191 1608
1192 1609
1193 1613
1194 1614
1195 1615
1196 1616
1197 1617
1198 1618
1199 1619
1200 1620
1201 1621
1202 1622
1203 1623
1204 1624
1205 1625
1206 1626
1207 1627
1208 1633
1209 1634
1210 1635
1211 1636
1212 1637
1213 1638
1214 1639
1215 1640
1216 1641
1217 1642
1218 1643
1219 1644
1220 1645
1221 1646
1222 1647
1223 1648
1224 1649
1225 1653
1226 1654
1227 1655
1228 1656
1229 1657
1230 1658
1231 1659
1232 1660
1233 1661
1234 1662
1235 1663
1236 1664
1237 1665
1238 1666
1239 1667
1240 1668
1241 1669
1242 1673
1243 1674
1244 1675
1245 1676
1246 1677
1247 1678
1248 1679
1249 1680
1250 1681
1251 1682
1252 1683
1253 1684
1254 1685
1255 1686
1256 1687
1257 1693
1258 1694
1259 1695
1260 1696
1261 1697
1262 1698
1263 1699
1264 1700
1265 1701
1266 1702
1267 1703
1268 1704
1269 1705
1270 1706
1271 1713
1272 1714
1273 1715
1274 1716
1275 1717
1276 1718
1277 1719
1278 1720
1279 1721
1280 1722
1281 1723
1282 1724
1283 1725
1284 1726
1285 1727
1286 1728
1287 1729
1288 1733
1289 1734
1290 1735
1291 1736
1292 1737
1293 1738
1294 1739
1295 1740
1296 1741
1297 1742
1298 1743
1299 1744
1300 1745
1301 1746
1302 1747
1303 1748
1304 1749
1305 1753
1306 1754
1307 1755
1308 1756
1309 1757
1310 1758
1311 1759
1312 1760
1313 1761
1314 1762
1315 1763
1316 1764
1317 1765
1318 1766
1319 1767
1320 1768
1321 1773
1322 1774
1323 1775
1324 1776
1325 1777
1326 1778
1327 1779
1328 1780
1329 1781
1330 1782
1331 1783
1332 1784
1333 1785
1334 1786
1335 1787
1336 1793
1337 1794
1338 1795
1339 1796
1340 1797
1341 1798
1342 1799
1343 1800
1344 1801
1345 1802
1346 1803
1347 1804
1348 1805
1349 1806
1350 1807
1351 1808
1352 1813
1353 1814
1354 1815
1355 1816
1356 1817
1357 1818
1358 1819
1359 1820
1360 1821
1361 1822
1362 1823
1363 1824
1364 1833
1365 1834
1366 1835
1367 1836
1368 1837
1369 1838
1370 1839
1371 1840
1372 1841
1373 1842
1374 1843
1375 1844
1376 1845
