0 0
1 1
2 2
3 3
4 4
5 5
6 6
7 7
8 8
9 9
10 10
11 18
12 19
13 20
14 21
15 22
16 23
17 24
18 25
19 26
20 27
21 28
22 29
23 30
24 31
25 32
26 33
27 38
28 39
29 40
30 41
31 42
32 43
33 44
34 45
35 46
36 47
37 48
38 49
39 50
40 51
41 52
42 53
43 58
44 59
45 60
46 61
47 62
48 63
49 64
50 65
51 66
52 67
53 78
54 79
55 80
56 81
57 82
58 83
59 84
60 85
61 86
62 87
63 98
64 99
65 100
66 101
67 102
68 103
69 104
70 105
71 106
72 118
73 119
74 120
75 121
76 122
77 123
78 124
79 125
80 126
81 127
82 128
83 129
84 130
85 138
86 139
87 140
88 141
89 142
90 143
91 144
92 145
93 146
94 147
95 148
96 149
97 158
98 159
99 160
100 161
101 162
102 163
103 164
104 165
105 166
106 167
107 168
108 169
109 170
110 178
111 179
112 180
113 181
114 182
115 183
116 184
117 185
118 186
119 187
120 188
121 189
122 198
123 199
124 200
125 201
126 202
127 203
128 204
129 205
130 206
131 218
132 219
133 220
134 221
135 222
136 223
137 224
138 225
139 226
140 227
141 238
142 239
143 240
144 241
145 242
146 243
147 244
148 245
149 246
150 258
151 259
152 260
153 261
154 262
155 263
156 264
157 278
158 279
159 280
160 281
161 282
162 283
163 284
164 285
165 286
166 298
167 299
168 300
169 301
170 302
171 303
172 304
173 305
174 306
175 307
176 318
177 319
178 320
179 321
180 322
181 323
182 338
183 339
184 340
185 341
186 342
187 343
188 344
189 345
190 346
191 347
192 358
193 359
194 360
195 361
196 362
197 363
198 378
199 379
200 380
201 381
202 382
203 383
204 384
205 385
206 386
207 398
208 399
209 400
210 401
211 402
212 403
213 404
214 405
215 406
216 407
217 408
218 409
219 410
220 411
221 412
222 418
223 419
224 420
225 421
226 422
227 423
228 424
229 425
230 438
231 439
232 440
233 441
234 442
235 443
236 444
237 445
238 446
239 447
240 448
241 449
242 458
243 459
244 460
245 461
246 462
247 463
248 464
249 465
250 478
251 479
252 480
253 481
254 482
255 483
256 484
257 485
258 486
259 498
260 499
261 500
262 501
263 502
264 503
265 504
266 505
267 506
268 507
269 508
270 509
271 510
272 511
273 512
274 518
275 519
276 520
277 521
278 522
279 523
280 524
281 525
282 526
283 527
284 528
285 529
286 538
287 539
288 540
289 541
290 542
291 543
292 544
293 545
294 546
295 547
296 558
297 559
298 560
299 561
300 562
301 563
302 564
303 565
304 566
305 567
306 568
307 578
308 579
309 580
310 581
311 582
312 583
313 584
314 585
315 586
316 598
317 599
318 600
319 601
320 602
321 618
322 619
323 620
324 621
325 622
326 623
327 624
328 625
329 626
330 627
331 628
332 638
333 639
334 640
335 641
336 642
337 643
338 644
339 645
340 646
341 658
342 659
343 660
344 661
345 662
346 663
347 664
348 665
349 666
350 667
351 668
352 669
353 670
354 671
355 678
356 679
357 680
358 681
359 682
360 683
361 684
362 685
363 686
364 687
365 688
366 698
367 699
368 700
369 701
370 702
371 703
372 704
373 705
374 706
375 718
376 719
377 720
378 721
379 722
380 723
381 724
382 725
383 726
384 727
385 728
386 729
387 738
388 739
389 740
390 741
391 742
392 743
393 744
394 745
395 746
396 747
397 748
398 749
399 750
400 751
401 752
402 753
403 758
404 759
405 760
406 761
407 762
408 763
409 764
410 765
411 766
412 767
413 768
414 769
415 778
416 779
417 780
418 781
419 782
420 783
421 784
422 785
423 786
424 798
425 799
426 800
427 801
428 802
429 803
430 804
431 818
432 819
433 820
434 821
435 822
436 823
437 824
438 825
439 826
440 827
441 828
442 829
443 830
444 838
445 839
446 840
447 841
448 842
449 843
450 844
451 845
452 858
453 859
454 860
455 861
456 862
457 863
458 864
459 865
460 866
461 867
462 868
463 869
464 878
465 879
466 880
467 881
468 882
469 883
470 884
471 885
472 898
473 899
474 900
475 901
476 902
477 903
478 904
479 905
480 918
481 919
482 920
483 921
484 922
485 923
486 924
487 925
488 926
489 938
490 939
491 940
492 941
493 942
494 943
495 944
496 945
497 946
498 947
499 948
500 958
501 959
502 960
503 961
504 962
505 963
506 964
507 965
508 966
509 967
510 968
511 969
512 970
513 971
514 978
515 979
516 980
517 981
518 982
519 983
520 984
521 985
522 998
523 999
524 1000
525 1001
526 1002
527 1003
528 1004
529 1018
530 1019
531 1020
532 1021
533 1022
534 1023
535 1024
536 1025
537 1026
538 1027
539 1038
540 1039
541 1040
542 1041
543 1042
544 1043
545 1044
546 1045
547 1046
548 1047
549 1058
550 1059
551 1060
552 1061
553 1062
554 1063
555 1064
556 1065
557 1066
558 1078
559 1079
560 1080
561 1081
562 1082
563 1083
564 1084
565 1085
566 1098
567 1099
568 1100
569 1101
570 1102
571 1103
572 1104
573 1105
574 1106
575 1107
576 1108
577 1118
578 1119
579 1120
580 1121
581 1122
582 1123
583 1124
584 1125
585 1138
586 1139
587 1140
588 1141
589 1142
590 1143
591 1144
592 1145
593 1146
594 1147
595 1148
596 1149
597 1150
598 1151
599 1152
600 1158
601 1159
602 1160
603 1161
604 1162
605 1163
606 1164
607 1165
608 1166
609 1167
610 1168
611 1169
612 1170
613 1178
614 1179
615 1180
616 1181
617 1182
618 1183
619 1184
620 1185
621 1198
622 1199
623 1200
624 1201
625 1202
626 1203
627 1218
628 1219
629 1220
630 1221
631 1222
632 1223
633 1224
634 1225
635 1226
636 1227
637 1228
638 1229
639 1230
640 1238
641 1239
642 1240
643 1241
644 1242
645 1243
646 1244
647 1258
648 1259
649 1260
650 1261
651 1262
652 1263
653 1264
654 1265
655 1266
656 1267
657 1268
658 1269
659 1278
660 1279
661 1280
662 1281
663 1282
664 1283
665 1284
666 1285
667 1286
668 1287
669 1298
670 1299
671 1300
672 1301
673 1302
674 1303
675 1304
676 1305
677 1306
678 1318
679 1319
680 1320
681 1321
682 1322
683 1338
684 1339
685 1340
686 1341
687 1342
688 1343
689 1344
690 1345
691 1346
692 1347
693 1358
694 1359
695 1360
696 1361
697 1362
698 1378
699 1379
700 1380
701 1381
702 1382
703 1383
704 1384
705 1385
706 1398
707 1399
708 1400
709 1401
710 1402
711 1403
712 1404
713 1405
714 1406
715 1407
716 1418
717 1419
718 1420
719 1421
720 1422
721 1423
722 1424
723 1425
724 1438
725 1439
726 1440
727 1441
728 1442
729 1458
730 1459
731 1460
732 1461
733 1462
734 1463
735 1464
736 1465
737 1466
738 1478
739 1479
740 1480
741 1481
742 1482
743 1483
744 1484
745 1485
746 1486
747 1487
748 1488
749 1489
750 1490
751 1491
752 1498
753 1499
754 1500
755 1501
756 1502
757 1503
758 1504
759 1518
760 1519
761 1520
762 1521
763 1522
764 1523
765 1524
766 1525
767 1526
768 1538
769 1539
770 1540
771 1541
772 1542
773 1543
774 1544
775 1545
776 1546
777 1547
778 1548
779 1558
780 1559
781 1560
782 1561
783 1562
784 1563
785 1564
786 1565
787 1566
788 1567
789 1578
790 1579
791 1580
792 1581
793 1582
794 1583
795 1584
796 1585
797 1586
798 1587
799 1588
800 1589
801 1598
802 1599
803 1600
804 1601
805 1602
806 1603
807 1604
808 1605
809 1606
810 1607
811 1608
812 1618
813 1619
814 1620
815 1621
816 1622
817 1623
818 1624
819 1625
820 1638
821 1639
822 1640
823 1641
824 1642
825 1643
826 1644
827 1645
828 1646
829 1647
830 1648
831 1649
832 1658
833 1659
834 1660
835 1661
836 1662
837 1663
838 1664
839 1665
840 1666
841 1667
842 1668
843 1669
844 1670
845 1671
846 1678
847 1679
848 1680
849 1681
850 1682
851 1683
852 1684
853 1685
854 1686
855 1687
856 1688
857 1698
858 1699
859 1700
860 1701
861 1702
862 1703
863 1704
864 1705
865 1706
866 1707
867 1708
868 1709
869 1710
870 1711
871 1712
872 1718
873 1719
874 1720
875 1721
876 1722
877 1723
878 1724
879 1725
880 1726
881 1727
882 1728
883 1729
884 1738
885 1739
886 1740
887 1741
888 1742
889 1743
890 1744
891 1745
892 1746
893 1747
894 1748
895 1758
896 1759
897 1760
898 1761
899 1762
900 1763
901 1764
902 1765
903 1766
904 1767
905 1768
906 1769
907 1770
908 1778
909 1779
910 1780
911 1781
912 1782
913 1783
914 1784
915 1785
916 1786
917 1787
918 1788
919 1789
920 1790
921 1798
922 1799
923 1800
924 1801
925 1802
926 1803
927 1804
928 1805
929 1806
930 1807
931 1808
932 1809
933 1810
934 1811
935 1818
936 1819
937 1820
938 1821
939 1822
940 1823
941 1824
942 1825
943 1826
944 1827
945 1828
946 1838
947 1839
948 1840
949 1841
950 1842
951 1843
952 1844
953 1845
954 1846
955 1847
956 1848
957 1858
958 1859
959 1860
960 1861
961 1862
962 1863
963 1864
964 1878
965 1879
966 1880
967 1881
968 1882
969 1883
970 1884
971 1885
972 1886
973 1887
974 1888
975 1898
976 1899
977 1900
978 1901
979 1902
980 1903
981 1904
982 1905
983 1906
984 1907
985 1908
986 1909
987 1910
988 1911
989 1912
990 1918
991 1919
992 1920
993 1921
994 1922
995 1923
996 1924
997 1925
998 1926
999 1927
1000 1938
1001 1939
1002 1940
1003 1941
1004 1942
1005 1943
1006 1944
1007 1945
1008 1946
1009 1958
1010 1959
1011 1960
1012 1961
1013 1962
1014 1963
1015 1964
1016 1965
1017 1978
1018 1979
1019 1980
1020 1981
1021 1982
1022 1983
1023 1984
1024 1985
1025 1986
1026 1987
1027 1988
1028 1989
1029 1990
1030 1998
1031 1999
1032 2000
1033 2001
1034 2002
1035 2003
1036 2004
1037 2005
1038 2006
1039 2007
1040 2008
1041 2009
1042 2018
1043 2019
1044 2020
1045 2021
1046 2022
1047 2023
1048 2024
1049 2025
1050 2026
1051 2027
1052 2038
1053 2039
1054 2040
1055 2041
1056 2042
1057 2043
1058 2044
1059 2045
1060 2046
1061 2047
1062 2058
1063 2059
1064 2060
1065 2061
1066 2062
1067 2063
1068 2064
1069 2065
1070 2066
1071 2067
1072 2068
1073 2069
1074 2070
1075 2071
1076 2072
1077 2073
1078 2078
1079 2079
1080 2080
1081 2081
1082 2082
1083 2083
1084 2084
1085 2085
1086 2086
1087 2087
1088 2088
1089 2089
1090 2098
1091 2099
1092 2100
1093 2101
1094 2102
1095 2103
1096 2104
1097 2105
1098 2106
1099 2107
1100 2108
1101 2118
1102 2119
1103 2120
1104 2121
1105 2122
1106 2123
1107 2124
1108 2125
1109 2126
1110 2127
1111 2138
1112 2139
1113 2140
1114 2141
1115 2142
1116 2143
1117 2144
1118 2145
1119 2158
1120 2159
1121 2160
1122 2161
1123 2162
1124 2163
1125 2164
1126 2165
1127 2166
1128 2167
