0 0
1 1
2 2
3 3
4 4
5 5
6 6
7 7
8 8
9 9
10 10
11 11
12 12
13 17
14 18
15 19
16 20
17 21
18 22
19 23
20 24
21 25
22 26
23 27
24 28
25 29
26 30
27 31
28 32
29 33
30 34
31 37
32 38
33 39
34 40
35 41
36 42
37 43
38 44
39 45
40 46
41 47
42 48
43 49
44 50
45 51
46 52
47 53
48 57
49 58
50 59
51 60
52 61
53 62
54 63
55 64
56 65
57 66
58 67
59 77
60 78
61 79
62 80
63 81
64 82
65 83
66 84
67 85
68 86
69 87
70 88
71 89
72 90
73 91
74 92
75 97
76 98
77 99
78 100
79 101
80 102
81 103
82 104
83 105
84 106
85 107
86 108
87 109
88 110
89 111
90 117
91 118
92 119
93 120
94 121
95 122
96 123
97 124
98 125
99 126
100 127
101 128
102 129
103 130
104 137
105 138
106 139
107 140
108 141
109 142
110 143
111 144
112 145
113 146
114 147
115 148
116 149
117 150
118 151
119 152
120 153
121 157
122 158
123 159
124 160
125 161
126 162
127 163
128 164
129 165
130 166
131 167
132 168
133 169
134 170
135 171
136 172
137 177
138 178
139 179
140 180
141 181
142 182
143 183
144 184
145 185
146 186
147 187
148 188
149 189
150 190
151 191
152 192
153 193
154 197
155 198
156 199
157 200
158 201
159 202
160 203
161 204
162 205
163 206
164 207
165 208
166 209
167 210
168 211
169 212
170 213
171 217
172 218
173 219
174 220
175 221
176 222
177 223
178 224
179 225
180 226
181 227
182 228
183 229
184 230
185 231
186 237
187 238
188 239
189 240
190 241
191 242
192 243
193 244
194 245
195 246
196 247
197 257
198 258
199 259
200 260
201 261
202 262
203 263
204 264
205 265
206 266
207 267
208 268
209 269
210 270
211 277
212 278
213 279
214 280
215 281
216 282
217 283
218 284
219 285
220 286
221 287
222 288
223 297
224 298
225 299
226 300
227 301
228 302
229 303
230 304
231 305
232 306
233 307
234 308
235 309
236 310
237 311
238 312
239 317
240 318
241 319
242 320
243 321
244 322
245 323
246 324
247 325
248 326
249 327
250 328
251 329
252 330
253 331
254 332
255 333
256 337
257 338
258 339
259 340
260 341
261 342
262 343
263 344
264 345
265 346
266 347
267 348
268 349
269 350
270 351
271 352
272 353
273 354
274 357
275 358
276 359
277 360
278 361
279 362
280 363
281 364
282 365
283 366
284 367
285 368
286 369
287 370
288 371
289 372
290 373
291 374
292 377
293 378
294 379
295 380
296 381
297 382
298 383
299 384
300 385
301 386
302 387
303 388
304 389
305 390
306 391
307 397
308 398
309 399
310 400
311 401
312 402
313 403
314 404
315 405
316 406
317 407
318 408
319 409
320 410
321 411
322 412
323 413
324 414
325 417
326 418
327 419
328 420
329 421
330 422
331 423
332 424
333 425
334 426
335 427
336 437
337 438
338 439
339 440
340 441
341 442
342 443
343 444
344 445
345 446
346 447
347 448
348 449
349 450
350 451
351 457
352 458
353 459
354 460
355 461
356 462
357 463
358 464
359 465
360 466
361 467
362 468
363 469
364 470
365 471
366 472
367 477
368 478
369 479
370 480
371 481
372 482
373 483
374 484
375 485
376 486
377 487
378 488
379 489
380 490
381 491
382 492
383 493
384 497
385 498
386 499
387 500
388 501
389 502
390 503
391 504
392 505
393 506
394 507
395 508
396 509
397 510
398 511
399 512
400 517
401 518
402 519
403 520
404 521
405 522
406 523
407 524
408 525
409 526
410 527
411 528
412 529
413 530
414 531
415 532
416 533
417 534
418 537
419 538
420 539
421 540
422 541
423 542
424 543
425 544
426 545
427 546
428 547
429 548
430 549
431 550
432 557
433 558
434 559
435 560
436 561
437 562
438 563
439 564
440 565
441 566
442 567
443 568
444 569
445 570
446 577
447 578
448 579
449 580
450 581
451 582
452 583
453 584
454 585
455 586
456 587
457 588
458 589
459 590
460 591
461 592
462 593
463 597
464 598
465 599
466 600
467 601
468 602
469 603
470 604
471 605
472 606
473 607
474 608
475 609
476 610
477 611
478 612
479 613
480 614
481 617
482 618
483 619
484 620
485 621
486 622
487 623
488 624
489 625
490 626
491 627
492 628
493 629
494 630
495 631
496 632
497 633
498 637
499 638
500 639
501 640
502 641
503 642
504 643
505 644
506 645
507 646
508 657
509 658
510 659
511 660
512 661
513 662
514 663
515 664
516 665
517 666
518 667
519 668
520 669
521 670
522 671
523 672
524 673
525 677
526 678
527 679
528 680
529 681
530 682
531 683
532 684
533 685
534 686
535 687
536 688
537 689
538 697
539 698
540 699
541 700
542 701
543 702
544 703
545 704
546 705
547 706
548 707
549 708
550 709
551 710
552 711
553 712
554 713
555 717
556 718
557 719
558 720
559 721
560 722
561 723
562 724
563 725
564 726
565 727
566 728
567 729
568 730
569 731
570 732
571 733
572 734
573 735
574 736
575 737
576 738
577 739
578 740
579 741
580 742
581 743
582 744
583 745
584 746
585 747
586 748
587 749
588 750
589 751
590 757
591 758
592 759
593 760
594 761
595 762
596 763
597 764
598 765
599 766
600 767
601 768
602 769
603 770
604 771
605 772
606 777
607 778
608 779
609 780
610 781
611 782
612 783
613 784
614 785
615 786
616 787
617 788
618 789
619 790
620 791
621 792
622 793
623 794
624 795
625 797
626 798
627 799
628 800
629 801
630 802
631 803
632 804
633 805
634 806
635 807
636 808
637 809
638 810
639 811
640 812
641 813
642 814
643 817
644 818
645 819
646 820
647 821
648 822
649 823
650 824
651 825
652 826
653 827
654 828
655 829
656 830
657 831
658 832
659 833
660 837
661 838
662 839
663 840
664 841
665 842
666 843
667 844
668 845
669 846
670 847
671 848
672 849
673 850
674 851
675 852
676 853
677 857
678 858
679 859
680 860
681 861
682 862
683 863
684 864
685 865
686 866
687 867
688 868
689 869
690 870
691 871
692 877
693 878
694 879
695 880
