0 0
1 1
2 2
3 3
5 4
6 5
7 6
8 7
9 8
10 9
11 10
12 11
13 12
14 13
15 14
16 15
17 16
18 17
19 24
20 25
21 26
22 27
23 28
24 29
25 30
26 31
27 32
28 33
29 34
30 35
31 36
32 37
33 38
34 44
35 45
36 46
37 47
38 48
39 49
40 50
41 51
42 52
43 53
44 54
45 55
46 56
47 57
48 64
49 65
50 66
51 67
52 68
53 69
54 70
55 71
56 72
57 73
58 74
59 75
60 84
61 85
62 86
63 87
64 88
65 89
66 90
67 91
68 92
69 93
70 94
71 95
72 96
73 104
74 105
75 106
76 107
77 108
78 109
79 110
80 111
81 112
82 113
83 114
84 115
85 116
86 117
87 124
88 125
89 126
90 127
91 128
92 129
93 130
94 131
95 132
96 133
97 134
98 135
99 136
100 144
101 145
102 146
103 147
104 148
105 149
106 150
107 151
108 152
109 153
110 154
111 155
112 156
113 157
114 158
115 159
116 160
117 161
118 162
119 164
120 165
121 166
122 167
123 168
124 169
125 170
126 171
127 172
128 173
129 174
130 175
131 176
132 177
133 178
134 179
135 180
136 181
137 184
138 185
139 186
140 187
141 188
142 189
143 190
144 191
145 192
146 193
147 194
148 195
149 196
150 197
151 198
152 199
153 200
154 204
155 205
156 206
157 207
158 208
159 209
160 210
161 211
162 212
163 213
164 214
165 215
166 216
167 217
168 218
169 219
170 220
171 224
172 225
173 226
174 227
175 228
176 229
177 230
178 231
179 232
180 233
181 234
182 235
183 236
184 237
185 244
186 245
187 246
188 247
189 248
190 249
191 250
192 251
193 252
194 253
195 254
196 255
197 256
198 257
199 258
200 259
201 260
202 261
203 262
204 264
205 265
206 266
207 267
208 268
209 269
210 270
211 271
212 272
213 273
214 274
215 275
216 276
217 277
218 278
219 284
220 285
221 286
222 287
223 288
224 289
225 290
226 291
227 292
228 293
229 294
230 295
231 296
232 297
233 298
234 299
235 300
236 304
237 305
238 306
239 307
240 308
241 309
242 310
243 311
244 312
245 313
246 314
247 315
248 316
249 317
250 318
251 324
252 325
253 326
254 327
255 328
256 329
257 330
258 331
259 332
260 333
261 334
262 335
263 336
264 337
265 338
266 344
267 345
268 346
269 347
270 348
271 349
272 350
273 351
274 352
275 353
276 354
277 355
278 356
279 364
280 365
281 366
282 367
283 368
284 369
285 370
286 371
287 372
288 373
289 374
290 375
291 376
292 377
293 378
294 379
295 384
296 385
297 386
298 387
299 388
300 389
301 390
302 391
303 392
304 393
305 394
306 395
307 396
308 397
309 404
310 405
311 406
312 407
313 408
314 409
315 410
316 411
317 412
318 413
319 414
320 415
321 416
322 424
323 425
324 426
325 427
326 428
327 429
328 430
329 431
330 432
331 433
332 434
333 435
334 436
335 437
336 438
337 444
338 445
339 446
340 447
341 448
342 449
343 450
344 451
345 452
346 453
347 454
348 455
349 456
350 464
351 465
352 466
353 467
354 468
355 469
356 470
357 471
358 472
359 473
360 474
361 475
362 484
363 485
364 486
365 487
366 488
367 489
368 490
369 491
370 492
371 493
372 494
373 495
374 504
375 505
376 506
377 507
378 508
379 509
380 510
381 511
382 512
383 513
384 514
385 515
386 516
387 524
388 525
389 526
390 527
391 528
392 529
393 530
394 531
395 532
396 533
397 534
398 535
399 536
400 544
401 545
402 546
403 547
404 548
405 549
406 550
407 551
408 552
409 553
410 554
411 555
412 556
413 564
414 565
415 566
416 567
417 568
418 569
419 570
420 571
421 572
422 573
423 574
424 575
425 584
426 585
427 586
428 587
429 588
430 589
431 590
432 591
433 592
434 593
435 594
436 595
437 596
438 597
439 598
440 599
441 600
442 601
443 604
444 605
445 606
446 607
447 608
448 609
449 610
450 611
451 612
452 613
453 614
454 615
455 616
456 617
457 618
458 619
459 624
460 625
461 626
462 627
463 628
464 629
465 630
466 631
467 632
468 633
469 634
470 635
471 636
472 637
473 638
474 639
475 640
476 644
477 645
478 646
479 647
480 648
481 649
482 650
483 651
484 652
485 653
486 654
487 655
488 656
489 657
490 658
491 659
492 660
493 661
494 664
495 665
496 666
497 667
498 668
499 669
500 670
501 671
502 672
503 673
504 674
505 675
506 676
507 677
508 678
509 679
510 680
511 684
512 685
513 686
514 687
515 688
516 689
517 690
518 691
519 692
520 693
521 694
522 695
523 696
524 697
525 698
526 699
527 704
528 705
529 706
530 707
531 708
532 709
533 710
534 711
535 712
536 713
537 714
538 715
539 716
540 717
541 718
542 719
543 720
544 721
545 724
546 725
547 726
548 727
549 728
550 729
551 730
552 731
553 732
554 733
555 734
556 735
557 736
558 737
559 738
560 744
561 745
562 746
563 747
564 748
565 749
566 750
567 751
568 752
569 753
570 754
571 755
572 756
573 757
574 764
575 765
576 766
577 767
578 768
579 769
580 770
581 771
582 772
583 773
584 774
585 775
586 776
587 777
588 778
589 779
590 784
591 785
592 786
593 787
594 788
595 789
596 790
597 791
598 792
599 793
600 794
601 795
602 796
603 797
604 798
605 799
606 800
607 801
608 804
609 805
610 806
611 807
612 808
613 809
614 810
615 811
616 812
617 813
618 814
619 815
620 816
621 817
622 818
623 819
624 824
625 825
626 826
627 827
628 828
629 829
630 830
631 831
632 832
633 833
634 834
635 835
636 836
637 837
638 838
639 839
640 844
641 845
642 846
643 847
644 848
645 849
646 850
647 851
648 852
649 853
650 854
651 855
652 856
653 857
654 858
655 859
656 864
657 865
658 866
659 867
660 868
661 869
662 870
663 871
664 872
665 873
666 874
667 875
668 876
669 877
670 878
671 879
672 884
673 885
674 886
675 887
676 888
677 889
678 890
679 891
680 892
681 893
682 894
683 895
684 896
685 897
686 898
687 904
688 905
689 906
690 907
691 908
692 909
693 910
694 911
695 912
696 913
697 914
698 915
699 916
700 917
701 918
702 919
703 920
704 924
705 925
706 926
707 927
708 928
709 929
710 930
711 931
712 932
713 933
714 934
715 935
716 936
717 944
718 945
719 946
720 947
721 948
722 949
723 950
724 951
725 952
726 953
727 954
728 955
729 956
730 957
731 958
732 959
733 960
734 964
735 965
736 966
737 967
738 968
739 969
740 970
741 971
742 972
743 973
744 974
745 975
746 976
747 977
748 978
749 979
750 984
751 985
752 986
753 987
754 988
755 989
756 990
757 991
758 992
759 993
760 994
761 1004
762 1005
763 1006
764 1007
765 1008
766 1009
767 1010
768 1011
769 1012
770 1013
771 1014
772 1015
773 1016
774 1017
775 1018
776 1024
777 1025
778 1026
779 1027
780 1028
781 1029
782 1030
783 1031
784 1032
785 1033
786 1034
787 1035
788 1036
789 1037
790 1038
791 1039
792 1040
793 1044
794 1045
795 1046
796 1047
797 1048
798 1049
799 1050
800 1051
801 1052
802 1053
803 1054
804 1055
805 1064
806 1065
807 1066
808 1067
809 1068
810 1069
811 1070
812 1071
813 1072
814 1073
815 1074
816 1075
817 1076
818 1077
819 1078
820 1084
821 1085
822 1086
823 1087
824 1088
825 1089
826 1090
827 1091
828 1092
829 1093
830 1104
831 1105
832 1106
833 1107
834 1108
835 1109
836 1110
837 1111
838 1112
839 1113
840 1114
841 1115
842 1116
843 1117
844 1118
845 1124
846 1125
847 1126
848 1127
849 1128
850 1129
851 1130
852 1131
853 1132
854 1133
855 1134
856 1144
857 1145
858 1146
859 1147
860 1148
861 1149
862 1150
863 1151
864 1152
865 1153
866 1154
867 1155
868 1156
869 1157
870 1158
871 1159
872 1164
873 1165
874 1166
875 1167
876 1168
877 1169
878 1170
879 1171
880 1172
881 1173
882 1174
883 1175
884 1184
885 1185
886 1186
887 1187
888 1188
889 1189
890 1190
891 1191
892 1192
893 1193
894 1194
895 1204
896 1205
897 1206
898 1207
899 1208
900 1209
901 1210
902 1211
903 1212
904 1213
905 1214
906 1215
907 1216
908 1217
909 1224
910 1225
911 1226
912 1227
913 1228
914 1229
915 1230
916 1231
917 1232
918 1233
919 1234
920 1235
921 1236
922 1237
923 1244
924 1245
925 1246
926 1247
927 1248
928 1249
929 1250
930 1251
931 1252
932 1253
933 1254
934 1255
935 1256
936 1257
937 1264
938 1265
939 1266
940 1267
941 1268
942 1269
943 1270
944 1271
945 1272
946 1273
947 1274
948 1275
949 1276
950 1277
951 1278
952 1284
953 1285
954 1286
955 1287
956 1288
957 1289
958 1290
959 1291
960 1292
961 1293
962 1294
963 1295
964 1296
965 1297
966 1304
967 1305
968 1306
969 1307
970 1308
971 1309
972 1310
973 1311
974 1312
975 1313
976 1314
977 1315
978 1316
979 1317
980 1318
981 1324
982 1325
983 1326
984 1327
985 1328
986 1329
987 1330
988 1331
989 1332
990 1333
991 1334
992 1335
993 1336
994 1337
995 1344
996 1345
997 1346
998 1347
999 1348
1000 1349
1001 1350
1002 1351
1003 1352
1004 1353
1005 1354
1006 1355
1007 1356
1008 1357
1009 1358
1010 1359
1011 1364
1012 1365
1013 1366
1014 1367
1015 1368
1016 1369
1017 1370
1018 1371
1019 1372
1020 1373
1021 1374
1022 1375
1023 1384
1024 1385
1025 1386
1026 1387
1027 1388
1028 1389
1029 1390
1030 1391
1031 1392
1032 1393
1033 1394
1034 1395
1035 1396
1036 1404
1037 1405
1038 1406
1039 1407
1040 1408
1041 1409
1042 1410
1043 1411
1044 1412
1045 1413
1046 1414
1047 1415
1048 1416
1049 1424
1050 1425
1051 1426
1052 1427
1053 1428
1054 1429
1055 1430
1056 1431
1057 1432
1058 1433
1059 1434
1060 1444
1061 1445
1062 1446
1063 1447
1064 1448
1065 1449
1066 1450
1067 1451
1068 1452
1069 1453
1070 1454
1071 1455
1072 1456
1073 1457
1074 1464
1075 1465
1076 1466
1077 1467
1078 1468
1079 1469
1080 1470
1081 1471
1082 1472
1083 1473
1084 1474
1085 1475
1086 1476
1087 1477
1088 1478
1089 1484
1090 1485
1091 1486
1092 1487
1093 1488
1094 1489
1095 1490
1096 1491
1097 1492
1098 1493
1099 1494
1100 1495
1101 1496
1102 1504
1103 1505
1104 1506
1105 1507
1106 1508
1107 1509
1108 1510
1109 1511
1110 1512
1111 1513
1112 1514
1113 1515
1114 1516
1115 1517
1116 1524
1117 1525
1118 1526
1119 1527
1120 1528
1121 1529
1122 1530
1123 1531
1124 1532
1125 1533
1126 1534
1127 1535
1128 1536
1129 1537
1130 1538
1131 1539
1132 1544
1133 1545
1134 1546
1135 1547
1136 1548
1137 1549
1138 1550
1139 1551
1140 1552
1141 1553
1142 1554
1143 1555
1144 1564
1145 1565
1146 1566
1147 1567
1148 1568
1149 1569
1150 1570
1151 1571
1152 1572
1153 1573
1154 1574
1155 1575
1156 1576
1157 1577
1158 1578
1159 1584
1160 1585
1161 1586
1162 1587
1163 1588
1164 1589
1165 1590
1166 1591
1167 1592
1168 1593
1169 1594
1170 1595
1171 1596
1172 1604
1173 1605
1174 1606
1175 1607
1176 1608
1177 1609
1178 1610
1179 1611
1180 1612
1181 1613
1182 1614
1183 1615
1184 1616
1185 1617
1186 1618
1187 1619
1188 1620
1189 1621
1190 1624
1191 1625
1192 1626
1193 1627
1194 1628
1195 1629
1196 1630
1197 1631
1198 1632
1199 1633
1200 1634
1201 1635
1202 1636
1203 1637
1204 1638
1205 1644
1206 1645
1207 1646
1208 1647
1209 1648
1210 1649
1211 1650
1212 1651
1213 1652
1214 1653
1215 1654
1216 1664
1217 1665
1218 1666
1219 1667
1220 1668
1221 1669
1222 1670
1223 1671
1224 1672
1225 1673
1226 1674
1227 1675
1228 1676
1229 1684
1230 1685
1231 1686
1232 1687
1233 1688
1234 1689
1235 1690
1236 1691
1237 1692
1238 1693
1239 1694
1240 1695
1241 1696
1242 1697
1243 1698
1244 1699
1245 1704
1246 1705
1247 1706
1248 1707
1249 1708
1250 1709
1251 1710
1252 1711
1253 1712
1254 1713
1255 1714
1256 1715
1257 1716
1258 1717
1259 1718
1260 1719
1261 1720
1262 1724
1263 1725
1264 1726
1265 1727
1266 1728
1267 1729
1268 1730
1269 1731
1270 1732
1271 1733
1272 1734
1273 1735
1274 1736
1275 1737
1276 1738
1277 1739
1278 1744
1279 1745
1280 1746
1281 1747
1282 1748
1283 1749
1284 1750
1285 1751
1286 1752
1287 1753
1288 1754
1289 1755
1290 1756
1291 1757
1292 1758
1293 1759
1294 1760
1295 1761
1296 1762
1297 1764
1298 1765
1299 1766
1300 1767
1301 1768
1302 1769
1303 1770
1304 1771
1305 1772
1306 1773
1307 1774
1308 1775
1309 1776
1310 1777
1311 1778
1312 1779
1313 1780
1314 1784
1315 1785
1316 1786
1317 1787
1318 1788
1319 1789
1320 1790
1321 1791
1322 1792
1323 1793
1324 1794
1325 1795
1326 1796
1327 1797
1328 1798
1329 1799
1330 1800
1331 1801
1332 1804
1333 1805
1334 1806
1335 1807
1336 1808
1337 1809
1338 1810
1339 1811
1340 1812
1341 1813
1342 1814
1343 1815
1344 1816
1345 1817
1346 1818
1347 1819
1348 1824
1349 1825
1350 1826
1351 1827
1352 1828
1353 1829
1354 1830
1355 1831
1356 1832
1357 1833
1358 1834
1359 1835
1360 1836
1361 1844
1362 1845
1363 1846
1364 1847
1365 1848
1366 1849
1367 1850
1368 1851
1369 1852
1370 1853
1371 1854
1372 1855
1373 1856
1374 1857
1375 1858
1376 1859
1377 1864
1378 1865
1379 1866
1380 1867
1381 1868
1382 1869
1383 1870
1384 1871
1385 1872
1386 1873
1387 1874
1388 1875
1389 1876
1390 1877
1391 1878
1392 1879
1393 1880
1394 1881
1395 1884
1396 1885
1397 1886
1398 1887
1399 1888
1400 1889
1401 1890
1402 1891
1403 1892
1404 1893
1405 1894
1406 1895
1407 1904
1408 1905
1409 1906
1410 1907
1411 1908
1412 1909
1413 1910
1414 1911
1415 1912
1416 1913
1417 1914
1418 1915
1419 1916
1420 1924
1421 1925
1422 1926
1423 1927
1424 1928
1425 1929
1426 1930
1427 1931
1428 1932
1429 1933
1430 1934
1431 1935
1432 1936
1433 1937
1434 1944
1435 1945
1436 1946
1437 1947
1438 1948
1439 1949
1440 1950
1441 1951
1442 1952
1443 1953
1444 1954
1445 1955
1446 1956
1447 1957
1448 1958
1449 1964
1450 1965
1451 1966
1452 1967
1453 1968
1454 1969
1455 1970
1456 1971
1457 1972
1458 1973
1459 1974
1460 1975
1461 1976
1462 1977
1463 1978
1464 1984
1465 1985
1466 1986
1467 1987
1468 1988
1469 1989
1470 1990
1471 1991
1472 1992
1473 1993
1474 1994
1475 1995
1476 1996
1477 1997
1478 2004
1479 2005
1480 2006
1481 2007
1482 2008
1483 2009
1484 2024
1485 2025
1486 2026
1487 2027
1488 2028
1489 2029
1490 2030
1491 2031
1492 2032
1493 2044
1494 2045
1495 2046
1496 2047
1497 2048
1498 2049
1499 2050
1500 2051
1501 2064
1502 2065
1503 2066
1504 2067
1505 2068
1506 2069
1507 2070
1508 2071
1509 2072
1510 2073
1511 2084
1512 2085
1513 2086
1514 2087
1515 2088
1516 2089
1517 2090
1518 2091
1519 2092
1520 2093
1521 2094
1522 2095
1523 2096
1524 2097
1525 2098
1526 2099
1527 2100
1528 2101
1529 2104
1530 2105
1531 2106
1532 2107
1533 2108
1534 2109
1535 2110
1536 2111
1537 2112
1538 2113
1539 2114
1540 2115
1541 2116
1542 2117
1543 2124
1544 2125
1545 2126
1546 2127
1547 2128
1548 2129
1549 2130
1550 2131
1551 2132
1552 2133
1553 2134
1554 2135
1555 2136
1556 2144
1557 2145
1558 2146
1559 2147
1560 2148
1561 2149
1562 2150
1563 2151
1564 2152
1565 2153
1566 2154
1567 2155
1568 2156
1569 2157
1570 2164
1571 2165
1572 2166
1573 2167
1574 2168
1575 2169
1576 2170
1577 2171
1578 2172
1579 2173
1580 2174
1581 2175
1582 2176
1583 2177
1584 2178
1585 2179
1586 2184
1587 2185
1588 2186
1589 2187
1590 2188
1591 2189
1592 2190
1593 2191
1594 2192
1595 2193
1596 2194
1597 2195
1598 2196
1599 2204
1600 2205
1601 2206
1602 2207
1603 2208
1604 2209
1605 2210
1606 2211
1607 2212
1608 2213
1609 2214
1610 2215
1611 2224
1612 2225
1613 2226
1614 2227
1615 2228
1616 2229
1617 2230
1618 2231
1619 2232
1620 2233
1621 2234
1622 2235
1623 2236
1624 2237
1625 2238
1626 2244
1627 2245
1628 2246
1629 2247
1630 2248
1631 2249
1632 2250
1633 2251
1634 2252
1635 2253
1636 2254
1637 2255
1638 2264
1639 2265
1640 2266
1641 2267
1642 2268
1643 2269
1644 2270
1645 2271
1646 2272
1647 2273
1648 2274
1649 2275
1650 2276
1651 2277
1652 2278
1653 2279
1654 2284
1655 2285
1656 2286
1657 2287
1658 2288
1659 2289
1660 2290
1661 2291
1662 2292
1663 2293
1664 2294
1665 2295
1666 2296
1667 2297
1668 2298
1669 2304
1670 2305
1671 2306
1672 2307
1673 2308
1674 2309
1675 2310
1676 2311
1677 2312
1678 2313
1679 2314
1680 2315
1681 2324
1682 2325
1683 2326
1684 2327
1685 2328
1686 2329
1687 2330
1688 2331
1689 2332
1690 2333
1691 2334
1692 2335
1693 2336
1694 2337
1695 2338
1696 2344
1697 2345
1698 2346
1699 2347
1700 2348
1701 2349
1702 2350
1703 2351
1704 2352
1705 2353
1706 2354
1707 2355
1708 2356
1709 2357
1710 2358
1711 2364
1712 2365
1713 2366
1714 2367
1715 2368
1716 2369
1717 2370
1718 2371
1719 2372
1720 2373
1721 2374
1722 2375
1723 2376
1724 2384
1725 2385
1726 2386
1727 2387
1728 2388
1729 2389
1730 2390
1731 2391
1732 2392
1733 2393
1734 2394
1735 2395
1736 2396
1737 2397
1738 2398
1739 2399
1740 2404
1741 2405
1742 2406
1743 2407
1744 2408
1745 2409
1746 2410
1747 2411
1748 2412
1749 2413
1750 2414
1751 2415
1752 2416
1753 2417
1754 2418
1755 2419
1756 2420
1757 2421
1758 2424
1759 2425
1760 2426
1761 2427
1762 2428
1763 2429
1764 2430
1765 2431
1766 2432
1767 2433
1768 2434
1769 2435
1770 2436
1771 2437
1772 2438
1773 2439
1774 2444
1775 2445
1776 2446
