0 0
1 1
2 2
3 3
4 4
5 5
6 16
7 17
8 18
9 19
10 20
11 21
12 22
13 23
14 24
15 25
16 26
17 27
18 28
19 36
20 37
21 38
22 39
23 40
24 41
25 42
26 43
27 44
28 45
29 46
30 47
31 48
32 56
33 57
34 58
35 59
36 60
37 61
38 62
39 63
40 64
41 65
42 76
43 77
44 78
45 79
46 80
47 81
48 82
49 83
50 84
51 85
52 86
53 87
54 88
55 89
56 90
57 96
58 97
59 98
60 99
61 100
62 101
63 102
64 103
65 104
66 105
67 106
68 107
69 108
70 116
71 117
72 118
73 119
74 120
75 121
76 122
77 123
78 124
79 125
80 126
81 127
82 128
83 129
84 136
85 137
86 138
87 139
88 140
89 141
90 142
91 143
92 144
93 156
94 157
95 158
96 159
97 160
98 161
99 162
100 163
101 164
102 165
103 176
104 177
105 178
106 179
107 180
108 181
109 182
110 183
111 184
112 196
113 197
114 198
115 199
116 200
117 201
118 202
119 203
120 204
121 216
122 217
123 218
124 219
125 220
126 221
127 222
128 223
129 224
130 225
131 226
132 236
133 237
134 238
135 239
136 240
137 241
138 242
139 243
140 244
141 245
142 246
143 247
144 248
145 249
146 256
147 257
148 258
149 259
150 260
151 261
152 262
153 263
154 276
155 277
156 278
157 279
158 280
159 281
160 282
161 283
162 284
163 296
164 297
165 298
166 299
167 300
168 301
169 302
170 303
171 304
172 305
173 306
174 307
175 316
176 317
177 318
178 319
179 320
180 321
181 322
182 323
183 324
184 325
185 326
186 327
187 328
188 329
189 330
190 331
191 336
192 337
193 338
194 339
195 340
196 341
197 342
198 343
199 356
200 357
201 358
202 359
203 360
204 361
205 362
206 363
207 364
208 365
209 366
210 367
211 368
212 369
213 376
214 377
215 378
216 379
217 380
218 381
219 382
220 383
221 384
222 385
223 396
224 397
225 398
226 399
227 400
228 401
229 402
230 403
231 404
232 405
233 406
234 407
235 408
236 409
237 410
238 416
239 417
240 418
241 419
242 420
243 421
244 436
245 437
246 438
247 439
248 440
249 441
250 442
251 456
252 457
253 458
254 459
255 460
256 461
257 476
258 477
259 478
260 479
261 480
262 481
263 482
264 483
265 484
266 485
267 496
268 497
269 498
270 499
271 500
272 501
273 502
274 503
275 504
276 505
277 516
278 517
279 518
280 519
281 520
282 521
283 522
284 523
285 524
286 525
287 526
288 527
289 528
290 529
291 536
292 537
293 538
294 539
295 540
296 541
297 542
298 543
299 544
300 545
301 546
302 556
303 557
304 558
305 559
306 560
307 561
308 562
309 563
310 564
311 565
312 576
313 577
314 578
315 579
316 580
317 596
318 597
319 598
320 599
321 600
322 601
323 602
324 603
325 604
326 605
327 606
328 616
329 617
330 618
331 619
332 636
333 637
334 638
335 639
336 640
337 656
338 657
339 658
340 659
341 660
342 661
343 676
344 677
345 678
346 679
347 680
348 681
349 682
350 683
351 684
352 696
353 697
354 698
355 699
356 700
357 701
358 702
359 703
360 716
361 717
362 718
363 719
364 720
365 721
366 722
367 723
368 724
369 725
370 726
371 736
372 737
373 738
374 739
375 740
376 741
377 742
378 743
379 744
380 745
381 746
382 747
383 756
384 757
385 758
386 759
387 760
388 761
389 762
390 763
391 764
392 765
393 766
394 776
395 777
396 778
397 779
398 780
399 781
400 782
401 783
402 784
403 785
404 786
405 796
406 797
407 798
408 799
409 800
410 801
411 802
412 803
413 804
414 816
415 817
416 818
417 819
418 820
419 821
420 822
421 823
422 824
423 825
424 826
425 836
426 837
427 838
428 839
429 840
430 841
431 842
432 843
433 844
434 845
435 846
436 847
437 848
438 849
439 850
440 856
441 857
442 858
443 859
444 860
445 861
446 862
447 863
448 864
449 865
450 866
451 867
452 868
453 869
454 876
455 877
456 878
457 879
458 880
459 881
460 882
461 883
462 884
463 885
464 886
465 896
466 897
467 898
468 899
469 900
470 901
471 902
472 903
473 904
474 905
475 906
476 907
477 908
478 909
479 916
480 917
481 918
482 919
483 920
484 921
485 922
486 923
487 924
488 925
489 926
490 927
491 936
492 937
493 938
494 939
495 940
496 941
497 942
498 943
499 944
500 945
501 946
502 956
503 957
504 958
505 959
506 960
507 961
508 962
509 963
510 964
511 965
512 966
513 967
514 968
515 969
516 976
517 977
518 978
519 979
520 980
521 981
522 982
523 983
524 984
525 985
526 986
527 996
528 997
529 998
530 999
531 1000
532 1001
533 1002
534 1003
535 1004
536 1005
537 1006
538 1016
539 1017
540 1018
541 1019
542 1020
543 1021
544 1022
545 1023
546 1024
547 1025
548 1026
549 1027
550 1028
551 1029
552 1030
553 1036
554 1037
555 1038
556 1039
557 1040
558 1041
559 1042
560 1043
561 1044
562 1045
563 1046
564 1047
565 1056
566 1057
567 1058
568 1059
569 1060
570 1061
571 1062
572 1063
573 1064
574 1065
575 1066
576 1067
577 1068
578 1069
579 1076
580 1077
581 1078
582 1079
583 1080
584 1081
585 1082
586 1083
587 1084
588 1085
589 1086
590 1087
591 1096
592 1097
593 1098
594 1099
595 1100
596 1101
597 1102
598 1103
599 1104
600 1105
601 1116
602 1117
603 1118
604 1119
605 1120
606 1121
607 1122
608 1123
609 1124
610 1125
611 1136
612 1137
613 1138
614 1139
615 1140
616 1141
617 1142
618 1143
619 1144
620 1145
621 1146
622 1147
623 1148
624 1156
625 1157
626 1158
627 1159
628 1160
629 1161
630 1162
631 1163
632 1164
633 1165
634 1166
635 1167
636 1168
637 1169
638 1170
639 1176
640 1177
641 1178
642 1179
643 1180
644 1181
645 1182
646 1183
647 1184
648 1185
649 1186
650 1187
651 1188
652 1189
653 1196
654 1197
655 1198
656 1199
657 1200
658 1201
659 1202
660 1203
661 1204
662 1216
663 1217
664 1218
665 1219
666 1220
667 1221
668 1222
669 1223
670 1224
671 1225
672 1236
673 1237
674 1238
675 1239
676 1240
677 1241
678 1242
679 1243
680 1244
681 1245
682 1246
683 1247
684 1248
685 1249
686 1256
687 1257
688 1258
689 1259
690 1260
691 1261
692 1262
693 1263
694 1264
695 1265
696 1276
697 1277
698 1278
699 1279
700 1280
701 1281
702 1282
703 1283
704 1284
705 1285
706 1286
707 1287
708 1296
709 1297
710 1298
711 1299
712 1300
713 1301
714 1302
715 1303
716 1304
717 1316
718 1317
719 1318
720 1319
721 1320
722 1321
723 1322
724 1323
725 1324
726 1325
727 1326
728 1327
729 1336
730 1337
731 1338
732 1339
733 1340
734 1341
735 1342
736 1343
737 1344
738 1345
739 1346
740 1347
741 1348
742 1349
743 1350
744 1356
745 1357
746 1358
747 1359
748 1360
749 1361
750 1362
751 1363
