0 0
1 1
2 2
3 3
4 4
5 5
6 6
7 7
8 8
9 9
10 10
11 11
12 12
13 13
14 14
15 15
16 16
17 17
19 18
20 19
21 20
22 21
23 22
24 23
25 24
26 25
27 26
28 27
29 28
30 29
31 30
32 31
33 32
34 33
35 34
36 35
37 36
38 37
39 38
40 39
41 40
42 41
43 42
44 43
45 44
46 45
47 46
48 47
49 48
50 49
51 50
52 51
53 52
54 53
55 54
56 55
57 56
59 57
60 58
61 59
62 60
63 61
64 62
65 63
66 64
67 65
68 67
69 68
70 69
71 70
72 71
73 72
74 73
75 74
76 75
77 76
78 77
79 78
80 79
81 80
82 81
83 82
84 83
85 84
86 85
87 86
88 87
89 88
90 89
91 90
92 91
93 92
94 93
95 94
97 95
98 96
99 97
100 98
101 99
102 100
103 101
104 102
105 103
106 104
107 105
108 106
109 107
110 108
111 109
112 110
113 111
114 112
115 113
116 114
118 115
119 116
120 117
121 118
122 119
123 120
124 121
125 122
126 124
127 125
128 126
129 127
130 128
131 129
132 130
133 131
134 132
135 133
136 134
137 135
138 136
139 137
140 138
141 141
142 142
143 143
144 144
145 145
146 146
147 147
148 148
149 149
150 150
151 151
152 152
153 153
154 154
155 155
156 156
157 157
158 158
159 159
160 160
161 161
162 162
163 163
164 164
165 165
168 166
169 167
170 168
171 169
172 170
173 171
174 174
175 175
176 176
177 177
178 178
179 179
180 180
181 181
182 182
183 183
184 184
185 185
186 186
187 187
188 188
189 189
190 190
191 191
192 192
193 193
194 194
195 195
196 196
197 197
199 198
200 199
201 200
202 201
203 202
204 203
205 204
206 205
208 206
209 207
210 208
211 209
212 210
213 211
214 212
215 214
216 215
217 216
218 217
219 218
220 219
221 220
222 221
223 222
224 223
225 224
226 225
227 226
228 227
229 228
230 229
232 230
233 231
234 232
235 233
236 234
237 235
238 236
239 237
240 238
241 239
242 240
243 241
244 242
245 243
246 246
247 247
248 248
249 249
250 250
251 251
252 252
253 253
254 254
255 255
256 256
257 257
258 258
261 259
262 260
263 261
264 264
265 265
266 266
267 267
268 268
269 269
271 270
272 271
273 272
274 273
275 274
276 275
277 276
278 277
279 278
280 279
281 281
282 282
283 283
284 284
285 285
286 286
288 287
289 288
290 289
291 290
292 292
293 293
294 294
295 295
296 296
298 297
299 298
300 299
301 300
302 301
303 303
304 304
305 305
306 306
307 307
308 308
309 309
310 310
311 311
312 312
313 313
314 314
316 315
317 316
318 317
319 318
320 319
321 320
322 322
323 323
324 324
325 325
326 326
327 327
328 328
329 329
330 330
331 331
332 332
333 333
334 334
335 335
336 336
337 337
338 338
339 339
340 340
343 341
344 342
345 343
346 344
347 345
348 346
349 347
350 348
351 349
352 350
353 351
354 352
355 353
356 355
357 356
358 357
359 358
360 359
361 360
362 361
363 362
364 363
365 364
366 365
367 366
368 367
369 368
372 369
373 370
374 371
375 372
376 373
377 374
378 375
379 376
380 377
381 378
382 379
383 382
384 383
385 384
386 385
387 386
388 387
389 388
390 389
391 390
392 391
393 392
394 393
395 394
396 395
397 396
398 397
399 398
400 399
401 400
402 401
403 402
404 403
405 404
406 405
407 406
408 407
409 409
410 410
411 411
412 412
413 413
414 414
415 415
416 416
417 417
418 418
419 419
420 420
421 421
422 422
423 423
424 424
425 425
426 426
427 427
428 428
429 429
430 430
431 431
432 432
433 433
437 434
438 435
439 436
440 437
441 438
442 439
443 440
444 441
445 442
446 443
447 447
448 448
449 449
450 450
451 451
452 452
453 453
454 454
455 455
456 456
457 457
458 458
460 459
461 460
462 461
463 462
464 463
465 464
466 465
467 466
468 467
469 468
470 469
471 470
472 471
473 472
474 473
475 474
476 475
477 476
478 477
479 478
480 479
481 480
482 481
483 483
484 484
485 485
486 486
487 487
488 488
489 489
490 490
491 491
492 492
493 493
495 494
496 495
497 496
498 497
499 498
500 499
501 500
502 501
503 502
504 503
505 504
506 506
507 507
508 508
509 509
510 510
511 511
512 512
513 513
514 514
515 515
516 516
517 517
518 518
519 519
520 520
521 521
522 522
523 523
524 524
525 525
527 526
528 527
529 528
530 529
531 530
532 531
533 532
534 533
536 534
537 535
538 536
539 537
540 538
541 539
542 540
543 541
544 542
545 543
547 544
548 545
549 546
550 547
551 548
552 549
553 553
554 554
555 555
556 556
557 557
558 558
559 559
560 560
561 561
562 562
563 563
564 564
565 565
566 566
567 567
568 568
569 569
571 570
572 571
573 572
574 573
575 574
576 575
577 576
578 577
579 578
580 579
581 580
582 581
583 582
584 583
585 585
586 586
587 587
588 588
589 589
590 590
593 591
594 592
595 593
596 594
597 595
598 596
599 598
600 599
601 600
602 601
603 602
604 603
605 605
606 606
607 607
608 608
609 609
610 610
611 611
613 612
614 613
615 614
616 615
617 616
618 618
619 619
620 620
621 621
622 622
623 623
624 624
626 625
627 626
628 627
629 628
630 629
631 630
632 631
633 632
634 633
635 634
636 635
637 636
638 637
639 638
640 639
641 640
642 641
643 642
644 643
645 644
646 646
647 647
648 648
649 649
650 650
651 651
652 652
655 653
656 654
657 655
658 656
659 657
660 658
661 660
662 661
663 662
664 663
665 664
666 665
668 666
669 667
670 668
671 669
672 670
673 671
674 672
675 673
676 674
677 675
678 676
679 677
680 678
681 679
682 680
683 682
684 683
685 684
686 685
687 686
688 687
689 688
690 689
691 690
695 691
696 692
697 693
698 694
699 695
700 696
701 697
702 698
703 699
704 700
705 701
706 702
707 703
708 704
709 705
710 706
711 710
712 711
713 712
714 713
715 714
716 715
717 716
718 717
719 718
720 719
721 720
722 721
723 722
724 723
725 724
726 725
727 726
728 727
729 728
730 729
731 730
732 731
733 732
734 733
735 734
736 735
737 736
738 737
739 738
740 739
741 740
742 741
743 742
744 743
745 744
746 745
747 746
748 747
749 749
750 750
751 751
752 752
753 753
754 754
755 755
756 756
757 757
759 758
760 759
761 760
762 761
763 762
764 763
765 764
766 765
767 766
768 767
769 768
770 769
771 770
772 771
773 772
774 773
775 774
776 775
777 776
779 777
780 778
781 779
782 780
783 781
784 782
785 783
786 786
787 787
788 788
789 789
790 790
791 791
792 792
793 793
795 794
796 795
797 796
798 797
799 798
800 799
801 800
802 801
803 802
804 803
805 804
806 805
807 806
808 807
809 808
810 809
811 810
812 811
813 812
814 813
815 814
816 815
817 816
818 817
819 818
821 819
822 820
823 821
824 822
825 823
826 824
827 825
828 826
829 828
830 829
831 830
832 831
833 832
834 833
835 834
837 835
838 836
839 837
840 838
841 839
842 840
843 842
844 843
845 844
846 845
847 846
848 847
849 848
850 850
851 851
852 852
853 853
854 854
857 855
858 856
859 857
860 858
861 859
862 861
863 862
864 863
865 864
866 865
867 866
868 867
869 868
870 869
871 870
872 871
873 872
874 873
875 874
876 875
877 876
878 878
879 879
880 880
881 881
882 882
883 883
886 884
887 885
888 886
889 887
890 888
891 890
892 891
893 892
894 893
895 894
897 895
898 896
899 897
900 898
901 901
902 902
903 903
904 904
905 905
907 906
908 907
909 908
910 909
911 910
912 912
913 913
914 914
915 915
916 916
918 917
919 918
920 919
921 920
922 921
924 922
925 923
926 924
927 925
928 928
929 929
930 930
931 931
932 932
933 933
934 934
935 935
936 936
937 937
938 938
939 939
940 940
941 941
942 942
943 943
945 944
946 945
947 946
948 947
949 948
950 950
951 951
952 952
953 953
954 954
957 955
958 956
959 957
960 958
961 959
962 961
963 962
964 963
965 964
966 965
968 966
969 967
970 968
971 969
972 970
973 972
974 973
975 974
976 975
977 976
978 977
979 978
980 979
981 980
982 982
983 983
984 984
985 985
986 986
987 987
988 988
989 989
990 990
993 991
994 992
995 993
996 995
997 996
998 997
999 998
1000 999
1001 1000
1002 1001
1003 1002
1004 1003
1005 1004
1006 1005
1007 1006
1008 1007
1009 1008
1010 1009
1011 1010
1012 1011
1013 1012
1014 1013
1015 1015
1016 1016
1017 1017
1020 1018
1021 1019
1022 1020
1023 1023
1024 1024
1025 1025
1026 1026
1028 1027
1029 1028
1030 1029
1031 1030
1032 1031
1033 1032
1034 1033
1035 1034
1036 1035
1037 1036
1038 1037
1039 1038
1041 1039
1042 1040
1043 1041
1044 1042
1045 1043
1046 1044
1047 1045
1048 1046
1049 1047
1050 1048
1051 1049
1052 1050
1053 1052
1054 1053
1055 1054
1056 1055
1057 1056
1058 1057
1059 1058
1060 1059
1061 1060
1062 1061
1063 1062
1064 1063
1065 1064
1066 1065
1067 1066
1068 1067
1069 1068
1070 1069
1071 1070
1072 1072
1073 1073
1074 1074
1075 1075
1076 1076
1077 1077
1080 1078
1081 1079
1082 1080
1083 1081
1084 1082
1085 1083
1087 1084
1088 1085
1089 1086
1090 1087
1091 1091
1092 1092
1093 1093
1094 1094
1095 1095
1096 1096
1097 1097
1098 1098
1099 1099
1100 1100
1101 1101
1102 1102
1103 1103
1105 1104
1106 1105
1107 1106
1108 1107
1109 1108
1110 1109
1111 1110
1112 1111
1113 1112
1114 1113
1115 1114
1116 1115
1117 1116
1118 1117
1119 1118
1120 1119
1121 1120
1122 1121
1123 1122
1124 1123
1125 1124
1126 1125
1127 1126
1128 1127
1129 1128
1130 1129
1131 1130
1132 1131
1133 1132
1134 1133
1135 1134
1136 1136
1137 1137
1138 1138
1139 1139
1140 1140
1141 1141
1142 1142
1143 1143
1144 1144
1145 1145
1146 1146
1149 1147
1150 1148
1151 1149
1152 1150
1153 1151
1154 1153
1155 1154
1156 1155
1157 1156
1158 1157
1159 1158
1160 1159
1161 1160
1162 1161
1163 1162
1164 1163
1165 1164
1166 1165
1167 1166
1168 1167
1169 1168
1170 1169
1171 1170
1172 1171
1173 1172
1174 1173
1175 1174
1176 1175
1177 1176
1178 1177
1179 1178
1180 1179
1181 1180
1182 1181
1183 1182
1184 1183
1185 1184
1186 1185
1187 1186
1188 1187
1189 1189
1190 1190
1191 1191
1192 1192
1193 1193
1194 1194
1196 1195
1197 1196
1198 1197
1199 1198
1200 1199
1201 1200
1203 1201
1204 1202
1205 1203
1206 1204
1207 1205
1208 1207
1209 1208
1210 1209
1211 1210
1212 1211
1213 1212
1214 1213
1215 1214
1216 1215
1217 1216
1218 1217
1219 1218
1220 1219
1221 1220
1222 1221
1223 1223
1224 1224
1225 1225
1226 1226
1227 1227
1228 1228
1229 1229
1230 1230
1231 1231
1232 1232
1234 1233
1235 1234
1236 1235
1237 1236
1238 1237
1239 1238
1240 1239
1241 1240
1242 1241
1243 1242
1244 1243
1245 1244
1246 1245
1247 1246
1248 1247
1249 1248
1250 1249
1251 1250
1252 1251
1253 1252
1254 1253
1255 1254
1256 1255
1257 1257
1258 1258
1259 1259
1260 1260
1261 1261
1263 1262
1264 1263
1265 1264
1266 1265
1268 1266
1269 1267
1270 1268
1271 1269
1272 1271
1273 1272
1274 1273
1275 1274
1276 1275
1277 1276
1278 1277
1279 1278
1280 1279
1281 1281
1282 1282
1283 1283
1284 1284
1285 1285
1287 1286
1288 1287
1289 1288
1290 1289
1292 1290
1293 1291
1294 1292
1295 1293
1296 1294
1297 1296
1298 1297
1299 1298
1300 1299
1301 1300
1302 1301
1303 1302
1304 1303
1305 1304
1306 1305
1307 1306
1308 1307
1309 1308
1310 1309
1313 1310
1314 1311
1315 1312
1316 1315
1317 1316
1318 1317
1319 1318
1320 1320
1321 1321
1322 1322
1323 1323
1324 1324
1326 1325
1327 1326
1328 1327
1329 1328
1330 1329
1331 1330
1332 1331
1333 1332
1334 1333
1335 1334
1336 1335
1337 1336
1338 1337
1339 1338
1340 1340
1341 1341
1342 1342
1343 1343
1344 1344
1347 1345
1348 1346
1349 1347
1350 1348
1351 1350
1352 1351
1353 1352
1354 1353
1355 1354
1357 1355
1358 1356
1359 1357
1360 1358
1361 1359
1362 1361
1363 1362
1364 1363
1365 1364
1367 1365
1368 1366
1369 1367
1370 1368
1371 1370
1372 1371
1373 1372
1374 1373
1375 1374
1376 1375
1377 1376
1378 1377
1379 1378
1380 1379
1382 1380
1383 1381
1384 1382
1385 1383
1386 1384
1387 1386
1388 1387
1389 1388
1390 1389
1391 1390
1392 1391
1394 1392
1395 1393
1396 1394
1397 1395
1398 1396
1399 1398
1400 1399
1401 1400
1402 1401
1403 1402
1404 1404
1405 1405
1406 1406
1407 1407
1408 1408
1409 1409
1410 1410
1411 1411
1412 1412
1413 1413
1414 1414
1415 1415
1416 1416
1418 1417
1419 1418
1420 1419
1421 1420
1422 1421
1423 1422
1424 1423
1425 1424
1426 1425
1427 1426
1428 1427
1429 1428
1430 1429
1431 1430
1432 1431
1434 1432
1435 1433
1436 1434
1437 1435
1438 1436
1439 1437
1440 1438
1441 1439
1442 1440
1443 1441
1444 1442
1445 1443
1446 1444
1447 1445
1448 1446
1449 1447
1450 1448
1451 1449
1452 1450
1453 1451
1454 1452
1455 1453
1456 1456
1457 1457
1458 1458
1459 1459
1460 1460
1461 1461
1462 1462
1463 1463
1465 1464
1466 1465
1467 1466
1468 1467
1469 1468
1470 1469
1471 1470
1472 1471
1473 1472
1474 1473
1475 1474
1476 1475
1477 1476
1478 1477
1479 1478
1480 1479
1481 1480
1482 1481
1483 1482
1484 1483
1485 1484
1486 1485
1487 1486
1488 1487
1489 1488
1490 1489
1491 1490
1492 1491
1493 1492
1494 1493
1496 1494
1497 1495
1498 1496
1499 1497
1500 1498
1501 1499
1502 1500
1503 1501
1504 1502
1505 1503
1506 1504
1507 1505
1508 1506
1509 1507
1510 1508
1511 1509
1512 1510
1513 1511
1514 1512
1515 1513
1516 1514
1517 1515
1518 1516
1519 1517
1520 1520
1521 1521
1522 1522
1523 1523
1524 1524
1525 1525
1526 1526
1527 1527
1528 1528
1529 1529
1530 1530
1531 1531
1532 1532
1533 1533
1534 1534
1535 1535
1536 1536
1537 1537
1538 1538
1539 1539
1540 1540
1541 1541
1542 1542
1543 1543
1544 1544
1545 1545
1546 1546
1547 1547
1548 1548
1549 1549
1550 1550
1551 1551
1552 1552
1553 1553
1554 1554
1555 1555
1556 1556
1557 1557
1558 1558
1559 1559
1561 1560
1562 1561
1563 1562
1564 1563
1565 1564
1566 1565
1567 1566
1568 1567
1569 1568
1570 1569
1571 1570
1572 1571
1573 1572
1574 1574
1575 1575
1576 1576
1577 1577
1578 1578
1579 1579
1580 1580
1581 1581
1582 1582
1583 1583
1584 1584
1585 1585
1586 1586
1587 1587
1588 1588
1589 1589
1590 1590
1591 1591
1592 1592
1593 1593
1594 1594
1595 1595
1596 1596
1597 1597
1598 1598
1599 1599
1600 1600
1601 1601
1602 1602
1603 1603
1604 1604
1605 1605
1606 1606
1607 1607
1608 1608
1609 1609
1610 1610
1611 1611
1612 1612
1613 1613
1614 1614
1615 1615
1616 1616
1617 1617
1618 1618
1619 1619
1620 1620
1621 1621
1622 1622
1626 1623
1627 1624
1628 1625
1629 1626
1630 1627
1631 1628
1632 1629
1633 1630
1634 1631
1635 1632
1636 1633
1637 1634
1638 1636
1639 1637
1640 1638
1641 1639
1642 1640
1643 1641
1644 1642
1645 1643
1646 1644
1647 1645
1648 1646
1649 1647
1650 1648
1651 1649
1652 1650
1653 1651
1654 1652
1655 1653
1656 1654
1657 1655
1658 1656
1659 1657
1660 1658
1661 1660
1662 1661
1663 1662
1664 1663
1665 1664
1666 1665
1667 1666
1668 1667
1669 1668
1670 1670
1671 1671
1672 1672
1673 1673
1674 1674
1675 1675
1676 1676
1677 1677
1678 1678
1679 1679
1680 1680
1681 1681
1682 1682
1684 1683
1685 1684
1686 1685
1687 1686
1688 1687
1689 1688
1690 1689
1691 1690
1692 1691
1693 1692
1694 1693
1695 1694
1696 1695
1697 1697
1698 1698
1699 1699
1700 1700
1701 1701
1702 1702
1703 1703
1705 1704
1706 1705
1707 1706
1708 1707
1709 1708
1710 1709
1711 1710
1712 1711
1713 1712
1714 1713
1715 1714
1716 1715
1717 1717
1718 1718
1719 1719
1720 1720
1721 1721
1722 1722
1723 1723
1724 1724
1725 1725
1726 1726
1727 1727
1728 1728
1730 1729
1731 1730
1732 1731
1733 1732
1734 1733
1735 1734
1736 1735
1737 1736
1738 1737
1739 1738
1740 1739
1741 1740
1742 1741
1743 1742
1744 1743
1745 1744
1746 1745
1747 1746
1748 1747
1749 1748
1750 1749
1751 1750
1752 1751
1753 1752
1754 1753
1755 1754
1756 1755
1757 1757
1758 1758
1759 1759
1760 1760
1761 1761
1762 1762
1763 1763
1764 1764
1765 1765
1766 1766
1767 1767
1768 1768
1769 1769
1770 1770
1772 1771
1773 1772
1774 1773
1775 1774
1776 1775
1777 1776
1778 1777
1779 1778
1780 1779
1781 1780
1782 1781
1783 1782
1784 1783
1785 1784
1786 1785
1787 1786
1788 1787
1789 1788
1790 1789
1791 1790
1792 1791
1794 1792
1795 1793
1796 1794
1797 1795
1798 1796
1799 1797
1800 1798
1801 1799
1802 1800
1803 1801
1804 1803
1805 1804
1806 1805
1807 1806
1808 1807
1809 1808
1810 1809
1811 1810
1812 1811
1813 1812
1814 1813
1815 1814
1816 1815
1817 1816
1818 1817
1819 1818
1820 1819
1821 1820
1822 1821
1823 1822
1824 1823
1826 1824
1827 1825
1828 1826
1829 1827
1830 1828
1831 1829
1832 1830
1833 1831
1834 1832
1835 1833
1836 1835
1837 1836
1838 1837
1839 1838
1840 1839
1841 1840
1842 1841
1843 1842
1844 1843
1845 1844
1846 1845
1847 1846
1848 1847
1849 1848
1850 1849
1851 1850
1852 1851
1853 1852
1854 1853
1855 1854
1856 1855
1857 1856
1858 1857
1859 1858
1860 1859
1861 1860
1862 1861
1863 1862
1864 1863
1865 1864
1866 1865
1867 1866
1868 1867
1869 1868
1870 1869
1871 1870
1872 1871
1873 1872
1874 1873
1875 1874
1876 1875
1877 1876
1878 1877
1879 1878
1880 1879
1881 1880
1882 1881
1883 1882
1884 1883
1885 1884
1886 1885
1887 1886
1888 1887
1889 1888
1890 1890
1891 1891
1892 1892
1893 1893
1894 1894
1895 1895
1896 1896
1897 1897
1898 1898
1899 1899
1901 1900
1902 1901
1903 1902
1904 1903
1905 1904
1906 1905
1907 1906
1908 1907
1909 1908
1910 1910
1911 1911
1912 1912
1913 1913
1914 1914
1915 1915
1916 1916
1917 1917
1918 1918
1919 1919
1921 1920
1922 1921
1923 1922
1924 1923
1925 1924
1926 1925
1927 1926
1928 1927
1929 1928
1930 1929
1931 1930
1932 1931
1933 1932
1934 1933
1935 1934
1936 1935
1937 1936
1938 1937
1939 1938
1940 1939
1941 1940
1942 1942
1943 1943
1944 1944
1945 1945
1946 1946
1947 1947
1948 1948
1949 1949
1950 1950
1952 1951
1953 1952
1954 1953
1955 1954
1956 1955
1957 1956
1958 1957
1959 1958
1960 1959
1961 1961
1962 1962
1963 1963
1964 1964
1965 1965
1966 1966
1967 1967
1968 1968
1970 1969
1971 1970
1972 1971
1973 1972
1974 1973
1975 1974
1976 1975
1977 1976
1978 1977
1979 1978
1981 1979
1982 1980
1983 1981
1984 1982
1985 1983
1986 1984
1987 1985
1988 1986
1989 1987
1990 1989
1991 1990
1992 1991
1993 1992
1994 1993
1995 1994
1996 1995
1997 1996
1998 1997
1999 1998
2000 1999
2003 2000
2004 2001
2005 2002
2006 2003
2007 2004
2008 2005
2009 2006
2010 2007
2011 2008
2012 2011
2013 2012
2014 2013
2015 2014
2016 2015
2017 2016
2018 2017
2019 2018
2020 2019
2021 2021
2022 2022
2023 2023
2024 2024
2025 2025
2026 2026
2027 2027
2028 2028
2029 2029
2031 2030
2032 2031
2033 2032
2034 2033
2035 2034
2036 2035
2037 2036
2038 2037
2039 2038
2040 2039
2041 2041
2042 2042
2043 2043
2044 2044
2045 2045
2046 2046
2047 2047
2048 2048
2050 2049
2051 2050
2052 2051
2053 2052
2054 2053
2055 2054
2056 2055
2057 2056
2058 2057
2059 2058
2060 2059
2061 2060
2062 2061
2063 2062
2064 2063
2065 2064
2066 2065
2067 2066
2068 2067
2069 2068
2070 2069
2071 2070
2072 2071
2073 2072
2074 2073
2075 2074
2076 2075
2077 2076
2078 2078
2079 2079
2080 2080
2081 2081
2082 2082
2083 2083
2084 2084
2085 2085
2087 2086
2088 2087
2089 2088
2090 2089
2091 2090
2092 2091
2093 2092
2094 2093
2095 2094
2096 2096
2097 2097
2098 2098
2099 2099
2100 2100
2101 2101
2102 2102
2103 2103
2106 2104
2107 2105
2108 2106
2109 2107
2110 2108
2111 2109
2112 2110
2113 2113
2114 2114
2115 2115
2116 2116
2117 2117
2118 2118
2119 2119
2120 2120
2121 2121
2123 2122
2124 2123
2125 2124
2126 2125
2127 2126
2128 2127
2129 2128
2130 2129
2131 2130
2132 2131
2133 2132
2134 2133
2135 2134
2136 2135
2137 2136
2138 2137
2139 2138
2140 2139
2141 2140
2142 2141
2143 2142
2144 2143
2145 2144
2146 2145
2147 2147
2148 2148
2149 2149
2150 2150
2151 2151
2152 2152
2153 2153
2154 2154
2156 2155
2157 2156
2158 2157
2159 2158
2160 2159
2161 2160
2162 2161
2163 2162
2164 2163
2166 2164
2167 2165
2168 2166
2169 2167
2170 2168
2171 2169
2172 2172
2173 2173
2174 2174
2175 2175
2176 2176
2177 2177
2178 2178
2179 2179
2180 2180
2181 2181
2182 2182
2183 2183
2186 2184
2187 2185
2188 2186
2189 2187
2190 2188
2191 2189
2192 2191
2193 2192
2194 2193
2195 2194
2196 2195
2197 2196
2198 2198
2199 2199
2200 2200
2201 2201
2202 2202
2203 2203
2204 2204
2205 2205
2206 2206
2207 2207
2208 2208
2209 2209
2210 2210
2211 2211
2213 2212
2214 2213
2215 2214
2216 2215
2217 2216
2218 2218
2219 2219
2220 2220
2221 2221
2222 2222
2223 2223
2225 2224
2226 2225
2227 2226
2228 2227
2229 2228
2230 2229
2231 2230
2232 2231
2233 2232
2234 2233
2235 2234
2236 2235
2237 2236
2238 2237
2239 2238
2240 2239
2241 2240
2242 2242
2243 2243
2244 2244
2245 2245
2246 2246
2247 2247
2250 2248
2251 2249
2252 2250
2253 2251
2254 2252
2255 2254
2256 2255
2257 2256
2258 2257
2259 2258
2260 2259
2261 2260
2262 2261
2263 2262
2264 2263
2265 2264
2266 2265
2267 2266
2268 2267
2269 2268
2270 2269
2271 2270
2272 2271
2273 2272
2274 2273
2275 2274
2276 2275
2277 2277
2278 2278
2279 2279
2280 2280
2281 2281
2282 2282
2284 2283
2285 2284
2286 2285
2287 2286
2288 2287
2290 2288
2291 2289
2292 2290
2293 2291
2294 2294
2295 2295
2296 2296
2297 2297
2298 2298
2299 2299
2301 2300
2302 2301
2303 2302
2304 2303
2305 2304
2307 2305
2308 2306
2309 2307
2310 2308
2311 2309
2312 2311
2313 2312
2314 2313
2315 2314
2316 2315
2317 2317
2318 2318
2319 2319
2320 2320
2321 2321
2324 2322
2325 2323
2326 2324
2327 2325
2328 2326
2329 2328
2330 2329
2331 2330
2332 2331
2333 2332
2334 2333
2336 2334
2337 2335
2338 2336
2339 2337
2340 2338
2341 2340
2342 2341
2343 2342
2344 2343
2345 2344
2347 2345
2348 2346
2349 2347
2350 2348
2351 2349
2352 2351
2353 2352
2354 2353
2355 2354
2356 2355
2357 2356
2358 2357
2359 2358
2360 2359
2361 2360
2362 2361
2363 2362
2365 2363
2366 2364
2367 2365
2368 2366
2369 2367
2370 2369
2371 2370
2372 2371
2373 2372
2374 2373
2375 2374
2376 2375
2377 2376
2378 2377
2379 2378
2380 2379
2381 2381
2382 2382
2383 2383
2384 2384
2385 2385
2387 2386
2388 2387
2389 2388
2390 2389
2391 2390
2392 2392
2393 2393
2394 2394
2395 2395
2396 2396
2397 2397
2399 2398
2400 2399
2401 2400
2402 2401
2403 2402
2404 2404
2405 2405
2406 2406
2407 2407
2408 2408
2410 2409
2411 2410
2412 2411
2413 2412
2414 2413
2415 2414
2416 2415
2417 2416
2418 2417
2419 2418
2420 2419
2422 2420
2423 2421
2424 2422
2425 2423
2426 2424
2427 2426
2428 2427
2429 2428
2430 2429
2431 2430
2432 2432
2433 2433
2434 2434
2435 2435
2436 2436
2438 2437
2439 2438
2440 2439
2441 2440
2442 2441
2443 2442
2444 2443
2445 2444
2446 2445
2447 2446
2448 2447
2449 2448
2450 2449
2451 2450
2452 2451
2453 2452
2454 2453
2455 2454
2456 2455
2457 2456
2458 2457
2459 2458
2460 2460
2461 2461
2462 2462
2464 2463
2465 2464
2466 2465
2467 2466
2468 2467
2469 2468
2470 2469
2471 2470
2472 2471
2473 2472
2474 2473
2475 2475
2476 2476
2477 2477
2478 2478
2479 2479
2481 2480
2482 2481
2483 2482
2484 2483
2485 2485
2486 2486
2487 2487
2488 2488
2489 2489
2490 2490
2494 2491
2495 2492
2496 2493
2497 2494
2498 2495
2499 2496
2500 2497
2501 2498
2502 2500
2503 2501
2504 2502
2505 2503
2506 2504
2507 2505
2508 2506
2509 2507
2511 2508
2512 2509
2513 2510
2514 2511
2515 2512
2516 2513
2517 2514
2518 2517
2519 2518
2520 2519
2521 2520
2522 2521
2523 2522
2524 2523
2525 2524
2526 2526
2527 2527
2528 2528
2529 2529
2530 2530
2531 2531
2532 2532
2533 2533
2535 2534
2536 2535
2537 2536
2538 2537
2539 2538
2540 2539
2541 2540
2542 2541
2543 2542
2544 2543
2545 2544
2546 2545
2547 2546
2548 2547
2549 2548
2550 2549
2551 2550
2552 2551
2553 2552
2554 2553
2555 2554
2556 2555
2557 2556
2558 2557
2559 2558
2560 2559
2561 2560
2562 2561
2563 2562
2564 2563
2565 2564
2566 2565
2567 2566
2568 2567
2569 2568
2570 2569
2571 2570
2572 2571
2573 2572
2574 2573
2575 2574
2576 2575
2577 2577
2578 2578
2579 2579
2580 2580
2581 2581
2582 2582
2583 2583
2584 2584
2586 2585
2587 2586
2588 2587
2589 2588
2590 2589
2591 2590
2592 2591
2593 2593
2594 2594
2595 2595
2596 2596
2597 2597
2598 2598
2599 2599
2600 2600
2601 2601
2603 2602
2604 2603
2605 2604
2606 2605
2607 2606
2608 2607
2609 2608
2611 2609
2612 2610
2613 2611
2614 2612
2615 2613
2616 2614
2617 2615
2618 2617
2619 2618
2620 2619
2621 2620
2622 2621
2623 2622
2624 2623
2625 2625
2626 2626
2627 2627
2628 2628
2629 2629
2630 2630
2631 2631
2632 2632
2633 2633
2634 2634
2635 2635
2636 2636
2637 2637
2638 2638
2639 2639
2641 2640
2642 2641
2643 2642
2644 2643
2645 2644
2646 2645
2647 2646
2648 2647
2649 2648
2650 2649
2651 2650
2652 2651
2653 2652
2654 2653
2655 2654
2656 2655
2658 2656
2659 2657
2660 2658
2661 2659
2662 2660
2663 2661
2664 2662
2665 2663
2666 2664
2667 2665
2668 2666
2669 2667
2670 2668
2671 2669
2672 2670
2673 2671
2674 2672
2675 2673
2676 2674
2677 2675
2678 2676
2679 2677
2680 2678
2681 2679
2682 2680
2683 2682
2684 2683
2685 2684
2686 2685
2687 2686
2688 2687
2689 2688
2690 2690
2691 2691
2692 2692
2693 2693
2694 2694
2695 2695
2696 2696
2697 2697
2700 2698
2701 2699
2702 2700
2703 2701
2704 2702
2705 2703
2706 2704
2707 2707
2708 2708
2709 2709
2710 2710
2711 2711
2712 2712
2713 2713
2714 2714
2717 2715
2718 2716
2719 2717
2720 2718
2721 2719
2722 2720
2723 2721
2724 2723
2725 2724
2726 2725
2727 2726
2728 2727
2729 2728
2730 2729
2731 2730
2732 2731
2733 2732
2734 2733
2735 2734
2736 2735
2737 2736
2738 2737
2739 2738
2740 2739
2741 2740
2742 2741
2743 2742
2744 2743
2745 2744
2746 2745
2748 2746
2749 2747
2750 2748
2751 2749
2752 2750
2753 2751
2754 2752
2755 2755
2756 2756
2757 2757
2758 2758
2759 2759
2760 2760
2761 2761
2762 2762
2767 2763
2768 2764
2769 2765
2770 2766
2771 2767
2772 2768
2773 2771
2774 2772
2775 2773
2776 2774
2777 2776
2778 2777
2779 2778
2780 2779
2781 2780
2782 2781
2783 2782
2784 2783
2785 2784
2786 2785
2787 2786
2788 2787
2789 2788
2790 2789
2791 2790
2792 2791
2793 2792
2794 2793
2795 2794
2796 2795
2797 2797
2798 2798
2799 2799
2800 2800
2801 2801
2802 2802
2803 2803
2804 2804
2805 2805
2807 2806
2808 2807
2809 2808
2810 2809
2811 2810
2812 2811
2813 2812
2814 2813
2815 2814
2816 2815
2817 2817
2818 2818
2819 2819
2820 2820
2821 2821
2822 2822
2823 2823
2824 2824
2825 2825
2826 2826
2827 2827
2828 2828
2830 2829
2831 2830
2832 2831
2833 2832
2834 2833
2835 2834
2836 2835
2837 2836
2839 2837
2840 2838
2841 2839
2842 2840
2843 2841
2844 2842
2845 2843
2846 2845
2847 2846
2848 2847
2849 2848
2850 2849
2851 2851
2852 2852
2853 2853
2854 2854
2855 2855
2856 2856
2857 2857
2858 2858
2859 2859
2860 2860
2861 2861
2862 2862
2863 2863
2864 2864
2866 2865
2867 2866
2868 2867
2869 2868
2870 2869
2871 2870
2872 2871
2873 2872
2874 2873
2875 2874
2876 2875
2877 2876
2878 2877
2879 2878
2880 2879
2881 2880
2882 2881
2883 2882
2884 2883
2885 2884
2886 2885
2887 2886
2888 2887
2889 2888
2890 2889
2891 2890
2892 2891
2893 2892
2894 2893
2895 2894
2896 2895
2897 2896
2898 2897
2899 2898
2900 2899
2901 2900
2902 2901
2903 2902
2904 2903
2905 2904
2906 2905
2907 2906
2908 2907
2909 2908
2910 2909
2911 2910
2912 2911
2913 2912
2914 2913
2915 2914
2916 2915
2917 2916
2920 2917
2921 2918
2922 2919
2923 2920
2924 2921
2925 2922
2926 2923
2927 2924
2928 2927
2929 2928
2930 2929
2931 2930
2932 2931
2933 2932
2934 2933
2935 2934
2936 2935
2937 2936
2938 2937
2939 2938
2940 2939
2941 2940
2942 2941
2943 2942
2944 2943
2945 2944
2946 2945
2947 2946
2948 2947
2949 2948
2950 2949
2951 2950
2952 2951
2953 2952
2954 2953
2955 2954
2956 2955
2957 2956
2958 2957
2959 2958
2960 2959
2961 2960
2962 2962
2963 2963
2964 2964
2965 2965
2966 2966
2967 2967
2968 2968
2969 2969
2970 2970
2971 2971
2972 2972
2973 2973
2974 2974
2975 2975
2976 2976
2977 2977
2979 2978
2980 2979
2981 2980
2982 2981
2983 2982
2984 2983
2985 2984
2986 2985
2988 2986
2989 2987
2990 2988
2991 2989
2992 2990
2993 2991
2994 2992
2995 2994
2996 2995
2997 2996
2998 2997
2999 2998
3000 2999
3001 3000
3002 3001
3003 3002
3004 3003
3005 3004
3006 3005
3007 3006
3008 3007
3009 3008
3010 3009
3011 3010
3012 3011
3013 3012
3014 3013
3015 3014
3016 3015
3017 3016
3018 3017
3020 3018
3021 3019
3022 3020
3023 3021
3024 3022
3025 3023
3026 3024
3027 3026
3028 3027
3029 3028
3030 3029
3031 3030
3032 3031
3033 3032
3034 3034
3035 3035
3036 3036
3037 3037
3038 3038
3039 3039
3040 3040
3041 3041
3044 3042
3045 3043
3046 3044
3047 3045
3048 3046
3049 3047
3050 3048
3051 3050
3052 3051
3053 3052
3054 3053
3055 3054
3056 3055
3057 3056
3058 3057
3059 3058
3060 3059
3062 3060
3063 3061
3064 3062
3065 3063
3066 3066
3067 3067
3068 3068
3069 3069
3072 3070
3073 3071
3074 3072
3075 3075
3076 3076
3077 3077
3078 3078
3081 3079
3082 3080
3083 3081
3084 3082
3085 3083
3086 3085
3087 3086
3088 3087
3089 3088
3090 3089
3091 3090
3092 3091
3093 3092
3094 3093
3096 3094
3097 3095
3098 3096
3099 3097
3100 3099
3101 3100
3102 3101
3103 3102
3104 3104
3105 3105
3106 3106
3107 3107
3108 3108
3109 3109
3110 3110
3111 3111
3113 3112
3114 3113
3115 3114
3116 3115
3117 3116
3118 3117
3119 3118
3120 3119
3121 3120
3122 3122
3123 3123
3124 3124
3125 3125
3126 3126
3127 3127
3128 3128
3129 3129
3131 3130
3132 3131
3133 3132
3134 3133
3136 3134
3137 3135
3138 3136
3139 3139
3140 3140
3141 3141
3142 3142
3143 3143
3144 3144
3145 3145
3146 3146
3148 3147
3149 3148
3150 3149
3151 3150
3152 3151
3153 3152
3155 3153
3156 3154
3157 3155
3158 3156
3159 3157
3160 3158
3161 3160
3162 3161
3163 3162
3164 3163
3165 3164
3166 3165
3168 3166
3169 3167
3170 3168
3171 3169
3172 3170
3173 3171
3174 3173
3175 3174
3176 3175
3177 3176
3178 3177
3179 3178
3180 3179
3181 3180
3182 3181
3183 3182
3184 3183
3185 3184
3186 3185
3187 3186
3188 3187
3189 3188
3190 3189
3191 3190
3192 3191
3193 3192
3194 3193
3195 3194
3196 3195
3197 3196
3199 3197
3200 3198
3201 3199
3202 3200
3203 3201
3204 3202
3205 3203
3206 3204
3207 3205
3208 3207
3209 3208
3210 3209
3211 3210
3212 3211
3213 3212
3214 3213
3215 3214
3216 3215
3217 3216
3219 3217
3220 3218
3221 3219
3222 3220
3223 3221
3224 3222
3225 3223
3226 3224
3227 3225
3228 3227
3229 3228
3230 3229
3231 3230
3232 3231
3233 3232
3234 3233
3235 3234
3236 3235
3237 3236
3238 3237
3239 3238
3240 3239
3241 3240
3242 3241
3243 3242
3244 3243
3245 3244
3246 3245
3247 3247
3248 3248
3249 3249
3250 3250
3251 3251
3252 3252
3253 3253
3254 3254
3255 3255
3256 3256
3257 3257
3258 3258
3260 3259
3261 3260
3262 3261
3263 3262
3264 3263
3265 3264
3266 3265
3267 3266
3268 3267
3269 3268
3270 3270
3271 3271
3272 3272
3273 3273
3274 3274
3275 3275
3276 3276
3277 3277
3278 3278
3279 3279
3280 3280
3281 3281
3283 3282
3284 3283
3285 3284
3286 3285
3287 3286
3288 3287
3289 3288
3290 3289
3291 3290
3292 3291
3293 3292
3294 3293
3295 3294
3296 3295
3298 3296
3299 3297
3300 3298
3301 3299
3302 3300
3303 3301
3304 3302
3305 3303
3306 3304
3307 3305
3308 3306
3309 3308
3310 3309
3311 3310
3312 3311
3313 3312
3314 3313
3315 3314
3316 3315
3317 3316
3318 3317
3319 3318
3320 3319
3321 3320
3322 3321
3323 3322
3324 3323
3325 3324
3326 3325
3327 3326
3328 3327
3329 3328
3330 3329
3331 3330
3332 3331
3333 3332
3334 3333
3335 3334
3336 3335
3337 3336
3338 3337
3339 3338
3340 3339
3341 3340
3342 3341
3343 3342
3344 3343
3345 3344
3346 3345
3347 3346
3348 3347
3349 3348
3350 3349
3351 3350
3352 3351
3353 3352
3354 3353
3355 3354
3356 3355
3357 3356
3358 3357
3359 3358
3360 3359
3361 3360
3362 3361
3363 3362
3364 3363
3365 3364
3366 3366
3367 3367
3368 3368
3369 3369
3370 3370
3371 3371
3374 3372
3375 3373
3376 3374
3377 3375
3378 3376
3379 3377
3380 3380
3381 3381
3382 3382
3383 3383
3384 3384
3385 3385
3387 3386
3388 3387
3389 3388
3390 3389
3391 3390
3392 3391
3393 3392
3395 3393
3396 3394
3397 3395
3398 3396
3399 3397
3400 3398
3401 3400
3402 3401
3403 3402
3404 3403
3405 3404
3406 3405
3407 3406
3408 3408
3409 3409
3410 3410
3411 3411
3412 3412
3413 3413
3414 3414
3416 3415
3417 3416
3418 3417
3419 3418
3420 3419
3421 3420
3424 3421
3425 3422
3426 3423
3427 3424
3428 3425
3429 3426
3430 3427
3431 3428
3432 3429
3433 3430
3434 3432
3435 3433
3436 3434
3437 3435
3438 3436
3439 3437
3440 3438
3441 3439
3442 3440
3443 3442
3444 3443
3445 3444
3446 3445
3447 3446
3448 3447
3449 3448
3450 3449
3451 3450
3452 3451
3453 3452
3454 3453
3455 3454
3456 3455
3457 3456
3458 3457
3459 3458
3460 3459
3461 3460
3462 3461
3463 3462
3465 3463
3466 3464
3467 3465
3468 3466
3469 3467
3470 3468
3471 3469
3472 3470
3473 3471
3474 3473
3475 3474
3476 3475
3477 3476
3478 3477
3479 3478
3480 3479
3481 3480
3482 3481
3483 3483
3484 3484
3485 3485
3486 3486
3487 3487
3488 3488
3489 3489
3490 3490
3491 3491
3492 3492
3494 3493
3495 3494
3496 3495
3497 3496
3498 3497
3499 3498
3500 3499
3501 3500
3502 3501
3504 3502
3505 3503
3506 3504
3507 3505
3508 3506
3509 3507
3510 3508
3511 3509
3512 3510
3513 3512
3514 3513
3515 3514
3516 3515
3517 3516
3518 3517
3519 3518
3520 3519
3521 3520
3522 3521
3524 3522
3525 3523
3526 3524
3527 3525
3528 3526
3529 3527
3530 3528
3531 3529
3532 3530
3533 3531
3535 3532
3536 3533
3537 3534
3538 3535
3539 3536
3540 3537
3541 3538
3542 3542
3543 3543
3544 3544
3545 3545
3546 3546
3547 3547
3548 3548
3549 3549
3550 3550
3551 3551
3552 3552
3553 3553
3554 3554
3555 3555
3556 3556
3557 3557
3558 3558
3559 3559
3560 3560
3561 3561
3562 3562
3565 3563
3566 3564
3567 3565
3568 3566
3569 3567
3570 3568
3571 3569
3572 3570
3573 3571
3574 3573
3575 3574
3576 3575
3577 3576
3578 3577
3579 3578
3580 3579
3581 3580
3582 3581
3583 3582
3584 3583
3585 3584
3586 3585
3587 3586
3588 3587
3589 3588
3590 3589
3591 3590
3592 3591
3593 3592
3595 3593
3596 3594
3597 3595
3598 3596
3599 3597
3600 3598
3601 3599
3602 3600
3603 3602
3604 3603
3605 3604
3606 3605
3607 3606
3608 3607
3609 3608
3610 3609
3611 3610
3612 3611
3613 3612
3614 3613
3615 3614
3616 3615
3617 3616
3618 3617
3620 3618
3621 3619
3622 3620
3623 3621
3624 3622
3625 3623
3626 3624
3627 3625
3628 3626
3629 3627
3630 3628
3631 3629
3632 3630
3633 3631
3634 3632
3635 3635
3636 3636
3637 3637
3638 3638
3639 3639
3640 3640
3641 3641
3642 3642
3645 3643
3646 3644
3647 3645
3648 3646
3649 3647
3650 3648
3651 3649
3652 3651
3653 3652
3654 3653
3655 3654
3656 3655
3657 3656
3658 3657
3659 3658
3660 3659
3661 3660
3662 3661
3663 3662
3664 3663
3665 3664
3666 3665
3667 3666
3668 3668
3669 3669
3670 3670
3671 3671
3672 3672
3673 3673
3674 3674
3675 3675
3676 3676
3679 3677
3680 3678
3681 3679
3682 3680
3683 3681
3684 3682
3685 3683
3686 3684
3687 3685
3688 3686
3689 3687
3690 3688
3691 3689
3692 3690
3693 3691
3694 3692
3695 3693
3696 3695
3697 3696
3698 3697
3699 3698
3700 3699
3701 3700
3702 3701
3703 3702
3704 3703
3705 3704
3706 3705
3707 3706
3708 3707
3709 3708
3710 3709
3711 3710
3712 3712
3713 3713
3714 3714
3715 3715
3716 3716
3717 3717
3718 3718
3719 3719
3721 3720
3722 3721
3723 3722
3724 3723
3725 3724
3726 3725
3727 3726
3728 3727
3730 3728
3731 3729
3732 3730
3733 3731
3734 3732
3735 3733
3736 3734
3737 3735
3738 3736
3739 3738
3740 3739
3741 3740
3742 3741
3743 3742
3744 3743
3745 3744
3746 3745
3747 3747
3748 3748
3749 3749
3750 3750
3751 3751
3752 3752
3753 3753
3754 3754
3757 3755
3758 3756
3759 3757
3760 3758
3761 3759
3762 3760
3763 3761
3764 3763
3765 3764
3766 3765
3767 3766
3768 3767
3769 3768
3770 3769
3771 3771
3772 3772
3773 3773
3774 3774
3775 3775
3776 3776
3777 3777
3778 3778
3779 3779
3780 3780
3781 3781
3782 3782
3783 3783
3784 3784
3785 3785
3787 3786
3788 3787
3789 3788
3790 3789
3791 3790
3792 3791
3793 3792
3794 3793
3795 3794
3796 3795
3797 3796
3798 3797
3799 3798
3800 3799
3801 3800
3802 3801
3803 3802
3804 3803
3805 3804
3806 3805
3807 3806
3808 3807
3809 3808
3810 3809
3811 3810
3812 3811
3813 3813
3814 3814
3815 3815
3816 3816
3817 3817
3818 3818
3819 3819
3820 3820
3821 3821
3822 3822
3823 3823
3824 3824
3825 3825
3827 3826
3828 3827
3829 3828
3830 3829
3831 3830
3832 3831
3833 3832
3834 3833
3835 3834
3836 3835
3837 3836
3838 3837
3839 3839
3840 3840
3841 3841
3842 3842
3843 3843
3844 3844
3845 3845
3847 3846
3848 3847
3849 3848
3850 3849
3851 3850
3852 3851
3853 3852
3854 3853
3855 3854
3856 3855
3857 3856
3859 3857
3860 3858
3861 3859
3862 3860
3863 3861
3864 3862
3865 3863
3866 3864
3867 3865
