0 0
1 1
2 2
3 3
4 17
5 18
6 19
7 20
8 21
9 22
10 23
11 24
12 37
13 38
14 39
15 40
16 41
17 42
18 43
19 44
20 45
21 46
22 47
23 48
24 49
25 57
26 58
27 59
28 60
29 61
30 62
31 63
32 64
33 77
34 78
35 79
36 80
37 81
38 82
39 83
40 84
41 85
42 97
43 98
44 99
45 100
46 101
47 102
48 103
49 104
50 105
51 106
52 117
53 118
54 119
55 120
56 121
57 122
58 123
59 124
60 125
61 137
62 138
63 139
64 140
65 141
66 142
67 143
68 144
69 145
70 146
71 147
72 148
73 149
74 150
75 157
76 158
77 159
78 160
79 161
80 162
81 163
82 164
83 165
84 166
85 167
86 168
87 169
88 170
89 177
90 178
91 179
92 180
93 181
94 182
95 183
96 184
97 185
98 186
99 187
100 188
101 197
102 198
103 199
104 200
105 201
106 202
107 203
108 204
109 205
110 217
111 218
112 219
113 220
114 221
115 222
116 223
117 224
118 225
119 237
120 238
121 239
122 240
123 241
124 242
125 243
126 244
127 245
128 246
129 247
130 257
131 258
132 259
133 260
134 261
135 262
136 263
137 264
138 265
139 266
140 267
141 268
142 269
143 277
144 278
145 279
146 280
147 281
148 282
149 283
150 284
151 285
152 286
153 287
154 288
155 297
156 298
157 299
158 300
159 301
160 302
161 303
162 304
163 305
164 306
165 307
166 317
167 318
168 319
169 320
170 321
171 322
172 323
173 324
174 325
175 337
176 338
177 339
178 340
179 341
180 342
181 343
182 344
183 345
184 346
185 347
186 348
187 357
188 358
189 359
190 360
191 361
192 362
193 363
194 364
195 365
196 366
197 367
198 368
199 377
200 378
201 379
202 380
203 381
204 382
205 383
206 384
207 385
208 397
209 398
210 399
211 400
212 401
213 402
214 403
215 404
216 405
217 406
218 407
219 408
220 409
221 417
222 418
223 419
224 420
225 421
226 422
227 423
228 424
229 425
230 426
231 427
232 437
233 438
234 439
235 440
236 441
237 442
238 443
239 444
240 445
241 446
242 447
243 448
244 449
245 450
246 457
247 458
248 459
249 460
250 461
251 462
252 463
253 464
254 465
255 466
256 467
257 477
258 478
259 479
260 480
261 481
262 482
263 483
264 484
265 485
266 486
267 487
268 497
269 498
270 499
271 500
272 501
273 502
274 503
275 504
276 505
277 506
278 517
279 518
280 519
281 520
282 521
283 522
284 523
285 524
286 525
287 526
288 537
289 538
290 539
291 540
292 541
293 542
294 543
295 544
296 545
297 546
298 547
299 557
300 558
301 559
302 560
303 561
304 562
305 563
306 564
307 565
308 566
309 567
310 568
311 569
312 577
313 578
314 579
315 580
316 581
317 582
318 583
319 584
320 597
321 598
322 599
323 600
324 601
325 602
326 603
327 604
328 605
329 606
330 607
331 617
332 618
333 619
334 620
335 621
336 622
337 623
338 624
339 625
340 637
341 638
342 639
343 640
344 641
345 642
346 643
347 644
348 645
349 646
350 647
351 648
352 649
353 650
354 657
355 658
356 659
357 660
358 661
359 662
360 663
361 664
362 665
363 666
364 667
365 668
366 669
367 670
368 677
369 678
370 679
371 680
372 681
373 682
374 683
375 684
376 685
377 686
378 687
379 688
380 689
381 690
382 691
383 697
384 698
385 699
386 700
387 701
388 702
389 703
390 717
391 718
392 719
393 720
394 721
395 722
396 723
397 724
398 737
399 738
400 739
401 740
402 741
403 742
404 743
405 744
406 745
407 746
408 747
409 748
410 749
411 757
412 758
413 759
414 760
415 761
416 762
417 763
418 764
419 765
420 766
421 767
422 777
423 778
424 779
425 780
426 781
427 782
428 783
429 784
430 797
431 798
432 799
433 800
434 801
435 802
436 803
437 804
438 805
439 806
440 807
441 808
442 809
443 817
444 818
445 819
446 820
447 821
448 822
449 823
450 824
451 825
452 826
453 827
454 828
455 829
456 830
457 831
458 837
459 838
460 839
461 840
462 841
463 842
464 843
465 844
466 845
467 846
468 847
469 848
470 849
471 850
472 857
473 858
474 859
475 860
476 861
477 862
478 863
479 864
480 865
481 877
482 878
483 879
484 880
485 881
486 882
487 883
488 884
489 885
490 886
491 887
492 888
493 889
494 897
495 898
496 899
497 900
498 901
499 902
500 903
501 904
502 905
503 906
504 907
505 908
506 917
507 918
508 919
509 920
510 921
511 922
512 923
513 924
514 925
515 926
516 927
517 928
518 937
519 938
520 939
521 940
522 941
523 942
524 943
525 944
526 957
527 958
528 959
529 960
530 961
531 962
532 963
533 964
534 977
535 978
536 979
537 980
538 981
539 997
540 998
541 999
542 1000
543 1001
544 1002
545 1003
546 1004
547 1005
548 1006
549 1007
550 1008
551 1017
552 1018
553 1019
554 1020
555 1021
556 1022
557 1023
558 1024
559 1025
560 1026
561 1027
562 1037
563 1038
564 1039
565 1040
566 1041
567 1042
568 1043
569 1044
570 1045
571 1046
572 1047
573 1048
574 1049
575 1050
576 1057
577 1058
578 1059
579 1060
580 1061
581 1062
582 1063
583 1064
584 1065
585 1077
586 1078
587 1079
588 1080
589 1081
590 1082
591 1083
592 1084
593 1085
594 1097
595 1098
596 1099
597 1100
598 1101
599 1102
600 1103
601 1104
602 1105
603 1106
604 1107
605 1108
606 1109
607 1117
608 1118
609 1119
610 1120
611 1121
612 1122
613 1123
614 1124
615 1125
616 1126
617 1137
618 1138
619 1139
620 1140
621 1141
622 1142
623 1143
624 1157
625 1158
626 1159
627 1160
628 1161
629 1162
630 1163
631 1164
632 1165
633 1166
634 1177
635 1178
636 1179
637 1180
638 1181
639 1182
640 1183
641 1184
642 1185
643 1186
644 1197
645 1198
646 1199
647 1200
648 1201
649 1202
650 1203
651 1204
652 1205
653 1206
654 1207
655 1217
656 1218
657 1219
658 1220
659 1221
660 1222
661 1237
662 1238
663 1239
664 1240
665 1241
666 1242
667 1243
668 1244
669 1245
670 1246
671 1247
672 1248
673 1249
674 1250
675 1257
676 1258
677 1259
678 1260
679 1261
680 1262
681 1263
682 1264
683 1265
684 1266
685 1267
686 1268
687 1269
688 1277
689 1278
690 1279
691 1280
692 1281
693 1282
694 1283
695 1284
696 1285
697 1286
698 1297
699 1298
700 1299
701 1300
702 1301
703 1302
704 1303
705 1304
706 1305
707 1306
708 1307
709 1308
710 1317
711 1318
712 1319
713 1320
714 1321
715 1322
716 1323
717 1337
718 1338
719 1339
720 1340
721 1341
722 1342
723 1343
724 1344
725 1345
726 1346
727 1357
728 1358
729 1359
730 1360
731 1361
732 1362
733 1363
734 1364
735 1365
736 1366
737 1367
738 1368
739 1377
740 1378
741 1379
742 1380
743 1381
744 1382
745 1383
746 1397
747 1398
748 1399
749 1400
750 1401
751 1402
752 1403
753 1404
754 1417
755 1418
756 1419
757 1420
758 1421
759 1422
760 1423
761 1424
762 1425
763 1426
764 1427
765 1437
766 1438
767 1439
768 1440
769 1441
770 1442
771 1443
772 1444
773 1445
774 1446
775 1447
776 1448
777 1457
778 1458
779 1459
780 1460
781 1461
782 1462
783 1463
784 1464
785 1465
786 1466
787 1467
788 1477
789 1478
790 1479
791 1480
792 1481
793 1482
794 1483
795 1484
796 1497
797 1498
798 1499
799 1500
800 1501
801 1502
802 1503
803 1504
804 1505
805 1506
806 1507
807 1517
808 1518
809 1519
810 1520
811 1521
812 1522
813 1523
814 1524
815 1525
816 1526
817 1527
818 1537
819 1538
820 1539
821 1540
822 1541
823 1542
824 1543
825 1544
826 1545
827 1546
828 1547
829 1557
830 1558
831 1559
832 1560
833 1561
834 1562
835 1563
836 1564
837 1565
838 1577
839 1578
840 1579
841 1580
842 1581
843 1582
844 1583
845 1584
846 1585
847 1597
848 1598
849 1599
850 1600
851 1601
852 1602
853 1603
854 1604
855 1605
856 1606
857 1607
858 1608
859 1609
860 1610
861 1617
862 1618
863 1619
864 1620
865 1621
866 1622
867 1623
868 1624
869 1625
870 1626
871 1627
872 1637
873 1638
874 1639
875 1640
876 1641
877 1642
878 1643
879 1644
880 1645
881 1646
882 1657
883 1658
884 1659
885 1660
886 1661
887 1662
888 1663
889 1664
890 1665
891 1677
892 1678
893 1679
894 1680
895 1681
896 1682
897 1683
898 1684
899 1685
900 1686
901 1687
902 1688
903 1697
904 1698
905 1699
906 1700
907 1701
908 1702
909 1703
910 1704
911 1705
912 1706
913 1717
914 1718
915 1719
916 1720
917 1721
918 1722
919 1723
920 1724
921 1725
922 1726
923 1727
924 1728
925 1729
926 1730
927 1731
928 1732
929 1737
930 1738
931 1739
932 1740
933 1741
934 1742
935 1743
936 1744
937 1745
938 1746
939 1747
940 1748
941 1749
942 1750
943 1751
944 1757
945 1758
946 1759
947 1760
948 1761
949 1762
950 1763
951 1764
952 1765
953 1766
954 1767
955 1768
956 1769
957 1770
958 1771
959 1777
960 1778
961 1779
962 1780
963 1781
964 1782
965 1783
966 1784
967 1785
968 1786
969 1787
970 1797
971 1798
972 1799
973 1800
974 1801
975 1802
976 1803
977 1804
978 1805
979 1806
980 1807
981 1808
982 1809
983 1817
984 1818
985 1819
986 1820
987 1821
988 1822
989 1823
990 1824
991 1825
992 1826
993 1837
994 1838
995 1839
996 1840
997 1841
998 1842
999 1843
1000 1844
1001 1845
1002 1846
1003 1847
1004 1848
1005 1849
1006 1857
1007 1858
1008 1859
1009 1860
1010 1861
1011 1862
1012 1863
1013 1864
1014 1865
1015 1866
1016 1867
1017 1868
1018 1869
1019 1870
1020 1871
1021 1877
1022 1878
1023 1879
1024 1880
1025 1881
1026 1882
1027 1883
1028 1884
1029 1885
1030 1886
1031 1887
1032 1888
1033 1889
1034 1890
1035 1897
1036 1898
1037 1899
1038 1900
1039 1901
1040 1902
1041 1903
1042 1904
1043 1905
1044 1906
1045 1917
1046 1918
1047 1919
1048 1920
1049 1921
1050 1922
1051 1923
1052 1924
1053 1925
1054 1926
1055 1927
1056 1928
1057 1929
1058 1937
1059 1938
1060 1939
1061 1940
1062 1941
1063 1942
1064 1943
1065 1944
1066 1945
1067 1946
1068 1947
1069 1948
1070 1949
1071 1957
1072 1958
1073 1959
1074 1960
1075 1961
1076 1962
1077 1963
1078 1964
1079 1977
1080 1978
1081 1979
1082 1980
1083 1981
1084 1982
1085 1983
1086 1984
1087 1985
1088 1986
1089 1987
1090 1988
1091 1989
1092 1990
1093 1991
1094 1997
1095 1998
1096 1999
1097 2000
1098 2001
1099 2002
1100 2003
1101 2004
1102 2005
1103 2006
1104 2017
1105 2018
1106 2019
1107 2020
1108 2021
1109 2022
1110 2023
1111 2037
1112 2038
1113 2039
1114 2040
1115 2041
1116 2042
1117 2043
1118 2044
1119 2045
1120 2046
1121 2057
1122 2058
1123 2059
1124 2060
1125 2061
1126 2062
1127 2063
1128 2064
1129 2065
1130 2066
1131 2067
1132 2068
1133 2069
1134 2077
1135 2078
1136 2079
1137 2080
1138 2081
1139 2082
1140 2083
1141 2084
1142 2085
1143 2086
1144 2087
1145 2088
1146 2097
1147 2098
1148 2099
1149 2100
1150 2101
1151 2102
1152 2103
1153 2104
1154 2117
1155 2118
1156 2119
1157 2120
1158 2121
1159 2122
1160 2123
1161 2124
1162 2125
1163 2126
1164 2127
1165 2128
1166 2137
1167 2138
1168 2139
1169 2140
1170 2141
1171 2142
1172 2143
1173 2144
1174 2145
1175 2146
1176 2147
1177 2148
1178 2149
1179 2150
1180 2151
1181 2152
1182 2157
1183 2158
1184 2159
1185 2160
1186 2161
1187 2162
1188 2163
1189 2164
1190 2165
1191 2177
1192 2178
1193 2179
1194 2180
1195 2181
1196 2182
1197 2183
1198 2184
1199 2185
1200 2186
1201 2187
1202 2197
1203 2198
1204 2199
1205 2200
1206 2201
1207 2202
1208 2203
1209 2204
1210 2205
1211 2206
1212 2207
1213 2208
1214 2209
1215 2210
1216 2217
1217 2218
1218 2219
1219 2220
1220 2221
1221 2222
1222 2223
1223 2224
1224 2225
1225 2226
1226 2227
1227 2228
1228 2229
1229 2237
1230 2238
1231 2239
1232 2240
1233 2241
1234 2242
1235 2243
1236 2244
1237 2257
1238 2258
1239 2259
1240 2260
1241 2261
1242 2262
1243 2263
1244 2264
1245 2265
1246 2266
1247 2267
1248 2268
1249 2277
1250 2278
1251 2279
1252 2280
1253 2281
1254 2282
1255 2283
1256 2284
1257 2297
1258 2298
1259 2299
1260 2300
1261 2301
1262 2302
1263 2303
1264 2304
1265 2305
1266 2306
1267 2317
1268 2318
1269 2319
1270 2320
1271 2321
1272 2322
1273 2323
1274 2324
1275 2325
1276 2326
1277 2327
1278 2337
1279 2338
1280 2339
1281 2340
1282 2341
1283 2342
1284 2343
1285 2344
1286 2357
1287 2358
1288 2359
1289 2360
1290 2361
1291 2362
1292 2377
1293 2378
1294 2379
1295 2380
1296 2381
1297 2382
1298 2383
1299 2384
1300 2385
1301 2386
1302 2387
1303 2388
1304 2389
1305 2397
1306 2398
1307 2399
1308 2400
1309 2401
1310 2402
1311 2403
1312 2404
1313 2405
1314 2406
1315 2417
1316 2418
1317 2419
1318 2420
1319 2421
1320 2422
1321 2423
1322 2424
1323 2425
1324 2437
1325 2438
1326 2439
1327 2440
1328 2441
1329 2442
1330 2443
1331 2444
1332 2445
1333 2446
1334 2447
1335 2457
1336 2458
1337 2459
1338 2460
1339 2461
1340 2477
1341 2478
1342 2479
1343 2480
1344 2481
1345 2482
1346 2483
1347 2484
1348 2485
1349 2497
1350 2498
1351 2499
1352 2500
1353 2501
1354 2502
1355 2503
1356 2504
1357 2505
1358 2506
1359 2507
1360 2508
1361 2517
1362 2518
1363 2519
1364 2520
1365 2521
1366 2522
1367 2523
1368 2524
1369 2525
1370 2526
1371 2527
1372 2537
1373 2538
1374 2539
1375 2540
1376 2541
1377 2542
1378 2543
1379 2544
1380 2545
1381 2546
1382 2547
1383 2548
1384 2557
1385 2558
1386 2559
1387 2560
1388 2561
1389 2562
1390 2563
1391 2564
1392 2577
1393 2578
1394 2579
1395 2580
1396 2581
1397 2582
1398 2583
1399 2584
1400 2597
1401 2598
1402 2599
1403 2600
1404 2601
1405 2602
1406 2603
1407 2604
1408 2605
1409 2606
1410 2617
1411 2618
1412 2619
1413 2620
1414 2621
1415 2622
1416 2623
1417 2624
1418 2625
1419 2626
1420 2627
1421 2628
1422 2629
1423 2637
1424 2638
1425 2639
1426 2640
1427 2641
1428 2642
1429 2643
1430 2644
1431 2645
1432 2657
1433 2658
1434 2659
1435 2660
1436 2661
1437 2662
1438 2663
1439 2664
1440 2665
1441 2666
1442 2677
1443 2678
1444 2679
1445 2680
1446 2681
1447 2682
1448 2683
1449 2684
1450 2685
1451 2686
1452 2697
1453 2698
1454 2699
1455 2700
1456 2701
1457 2702
1458 2703
1459 2704
1460 2705
1461 2706
1462 2717
1463 2718
1464 2719
1465 2720
1466 2721
1467 2722
1468 2723
1469 2724
1470 2725
1471 2726
1472 2727
1473 2737
1474 2738
1475 2739
1476 2740
1477 2741
1478 2742
1479 2743
1480 2744
1481 2745
1482 2746
1483 2757
1484 2758
1485 2759
1486 2760
1487 2761
1488 2762
1489 2763
1490 2764
1491 2765
1492 2766
1493 2767
1494 2768
1495 2769
1496 2777
1497 2778
1498 2779
1499 2780
1500 2781
1501 2782
1502 2783
1503 2784
1504 2785
1505 2786
1506 2787
1507 2788
1508 2797
1509 2798
1510 2799
1511 2800
1512 2801
1513 2802
1514 2803
1515 2804
1516 2805
1517 2817
1518 2818
1519 2819
1520 2820
1521 2821
1522 2822
1523 2823
1524 2824
1525 2825
1526 2826
1527 2827
1528 2828
1529 2829
1530 2830
1531 2837
1532 2838
1533 2839
1534 2840
1535 2841
1536 2842
1537 2843
1538 2844
1539 2845
1540 2846
1541 2847
1542 2857
1543 2858
1544 2859
1545 2860
1546 2861
1547 2862
1548 2863
1549 2864
1550 2865
1551 2866
1552 2867
1553 2868
1554 2877
1555 2878
1556 2879
1557 2880
1558 2881
1559 2882
1560 2883
1561 2884
1562 2885
1563 2886
1564 2887
1565 2897
1566 2898
1567 2899
1568 2900
1569 2901
1570 2902
1571 2903
1572 2904
1573 2905
1574 2917
1575 2918
1576 2919
1577 2920
1578 2921
1579 2922
1580 2923
1581 2924
1582 2925
1583 2926
1584 2937
1585 2938
1586 2939
1587 2940
1588 2941
1589 2942
1590 2943
1591 2944
1592 2957
1593 2958
1594 2959
1595 2960
1596 2961
1597 2962
1598 2963
1599 2964
1600 2965
1601 2966
1602 2967
1603 2968
1604 2969
1605 2970
1606 2971
1607 2972
1608 2977
1609 2978
1610 2979
1611 2980
1612 2981
1613 2982
1614 2983
1615 2984
1616 2985
1617 2986
1618 2987
1619 2988
1620 2997
1621 2998
1622 2999
1623 3000
1624 3001
1625 3002
1626 3003
1627 3017
1628 3018
1629 3019
1630 3020
1631 3021
1632 3022
1633 3023
1634 3024
1635 3025
1636 3026
1637 3027
1638 3028
1639 3037
1640 3038
1641 3039
1642 3040
1643 3041
1644 3042
1645 3043
1646 3044
1647 3045
1648 3046
1649 3047
1650 3048
1651 3049
1652 3057
1653 3058
1654 3059
1655 3060
1656 3061
1657 3062
1658 3063
1659 3064
1660 3065
1661 3066
1662 3067
1663 3068
1664 3069
1665 3070
1666 3071
1667 3077
1668 3078
1669 3079
1670 3080
1671 3081
1672 3082
1673 3083
1674 3084
1675 3085
1676 3086
1677 3087
1678 3088
1679 3089
1680 3097
1681 3098
1682 3099
1683 3100
1684 3101
1685 3102
1686 3103
1687 3104
1688 3105
1689 3106
1690 3107
1691 3117
1692 3118
1693 3119
1694 3120
1695 3121
1696 3122
1697 3137
1698 3138
1699 3139
1700 3140
1701 3141
1702 3142
1703 3143
1704 3144
1705 3157
1706 3158
1707 3159
1708 3160
1709 3161
1710 3162
1711 3163
1712 3164
1713 3177
1714 3178
1715 3179
1716 3180
1717 3181
1718 3182
1719 3183
1720 3184
1721 3185
1722 3186
1723 3187
1724 3188
1725 3189
1726 3197
1727 3198
1728 3199
1729 3200
1730 3201
1731 3202
1732 3203
1733 3204
1734 3205
1735 3206
1736 3207
1737 3208
1738 3217
1739 3218
1740 3219
1741 3220
1742 3221
1743 3222
1744 3223
1745 3224
1746 3225
1747 3237
1748 3238
1749 3239
1750 3240
1751 3241
1752 3242
1753 3243
1754 3244
1755 3245
1756 3246
1757 3247
1758 3248
1759 3257
1760 3258
1761 3259
1762 3260
1763 3261
1764 3262
1765 3263
1766 3264
1767 3265
1768 3266
1769 3267
1770 3268
1771 3269
1772 3277
1773 3278
1774 3279
1775 3280
1776 3281
1777 3282
1778 3283
1779 3284
1780 3285
1781 3297
1782 3298
1783 3299
1784 3300
1785 3301
1786 3302
1787 3303
1788 3304
1789 3317
1790 3318
1791 3319
1792 3320
1793 3321
1794 3322
1795 3323
1796 3324
1797 3325
1798 3326
1799 3327
1800 3328
1801 3337
1802 3338
1803 3339
1804 3340
1805 3341
1806 3342
1807 3343
1808 3344
1809 3345
1810 3357
1811 3358
1812 3359
1813 3360
1814 3361
1815 3362
1816 3363
1817 3377
1818 3378
1819 3379
1820 3380
1821 3381
1822 3382
1823 3383
1824 3397
1825 3398
1826 3399
1827 3400
1828 3401
1829 3402
1830 3403
1831 3404
1832 3405
1833 3417
1834 3418
1835 3419
1836 3420
1837 3421
1838 3422
1839 3423
1840 3424
1841 3425
1842 3437
1843 3438
1844 3439
1845 3440
1846 3441
1847 3442
1848 3443
1849 3444
1850 3445
1851 3446
1852 3447
1853 3448
1854 3457
1855 3458
1856 3459
1857 3460
1858 3461
1859 3462
1860 3463
1861 3464
1862 3465
1863 3466
1864 3467
1865 3468
1866 3477
1867 3478
1868 3479
1869 3480
1870 3481
1871 3482
1872 3497
1873 3498
1874 3499
1875 3500
1876 3501
1877 3502
1878 3503
1879 3504
1880 3505
1881 3506
1882 3507
1883 3508
1884 3509
1885 3510
1886 3511
1887 3517
1888 3518
1889 3519
1890 3520
1891 3521
1892 3522
1893 3523
1894 3524
1895 3525
1896 3526
1897 3527
1898 3528
1899 3537
1900 3538
1901 3539
1902 3540
1903 3541
1904 3542
1905 3543
1906 3544
1907 3545
1908 3546
1909 3547
1910 3548
1911 3549
1912 3550
1913 3551
1914 3557
1915 3558
1916 3559
1917 3560
1918 3561
1919 3562
1920 3563
1921 3564
1922 3565
1923 3566
1924 3567
1925 3568
1926 3569
1927 3577
1928 3578
1929 3579
1930 3580
1931 3581
1932 3582
1933 3583
1934 3584
1935 3585
1936 3586
1937 3587
1938 3597
1939 3598
1940 3599
1941 3600
1942 3601
1943 3602
1944 3603
1945 3604
1946 3605
1947 3606
1948 3607
1949 3617
1950 3618
1951 3619
1952 3620
1953 3621
1954 3622
1955 3623
1956 3624
1957 3625
1958 3626
1959 3627
1960 3628
1961 3637
1962 3638
1963 3639
1964 3640
1965 3641
1966 3642
1967 3643
1968 3644
1969 3657
1970 3658
1971 3659
1972 3660
1973 3661
1974 3662
1975 3663
1976 3664
1977 3665
1978 3666
1979 3667
1980 3668
1981 3677
1982 3678
1983 3679
1984 3680
1985 3681
1986 3682
1987 3683
1988 3684
1989 3685
1990 3686
1991 3687
1992 3697
1993 3698
1994 3699
1995 3700
1996 3701
1997 3702
1998 3703
1999 3704
2000 3705
2001 3706
2002 3717
2003 3718
2004 3719
2005 3720
2006 3721
2007 3722
2008 3723
2009 3724
2010 3725
2011 3726
2012 3727
2013 3737
2014 3738
2015 3739
2016 3740
2017 3741
2018 3742
2019 3743
2020 3744
2021 3745
2022 3746
2023 3747
2024 3748
2025 3749
2026 3757
2027 3758
2028 3759
2029 3760
2030 3761
2031 3762
2032 3763
2033 3764
2034 3765
2035 3777
2036 3778
2037 3779
2038 3780
2039 3781
2040 3782
2041 3783
2042 3784
2043 3785
2044 3786
2045 3787
2046 3788
2047 3789
2048 3797
2049 3798
2050 3799
2051 3800
2052 3801
2053 3802
2054 3803
2055 3804
2056 3805
2057 3806
2058 3807
2059 3808
2060 3809
2061 3810
2062 3811
2063 3812
2064 3813
2065 3817
2066 3818
2067 3819
2068 3820
2069 3821
2070 3822
2071 3823
2072 3824
2073 3825
2074 3826
2075 3827
2076 3837
2077 3838
2078 3839
2079 3840
2080 3841
2081 3842
2082 3843
2083 3844
2084 3857
2085 3858
2086 3859
2087 3860
2088 3861
2089 3862
2090 3863
2091 3864
2092 3865
2093 3866
2094 3867
2095 3877
2096 3878
2097 3879
2098 3880
2099 3881
2100 3882
2101 3883
2102 3884
2103 3885
2104 3897
2105 3898
2106 3899
2107 3900
2108 3901
2109 3902
2110 3903
2111 3904
2112 3905
2113 3906
2114 3907
2115 3908
2116 3917
2117 3918
2118 3919
2119 3920
2120 3921
2121 3922
2122 3923
2123 3924
2124 3925
2125 3926
2126 3927
2127 3928
2128 3929
2129 3930
2130 3937
2131 3938
2132 3939
2133 3940
2134 3941
2135 3942
2136 3943
2137 3944
2138 3945
2139 3946
2140 3947
2141 3957
2142 3958
2143 3959
2144 3960
2145 3961
2146 3962
2147 3963
2148 3964
2149 3965
2150 3966
2151 3967
2152 3977
2153 3978
2154 3979
2155 3980
2156 3981
2157 3982
2158 3983
2159 3984
2160 3985
2161 3986
2162 3987
2163 3988
2164 3997
2165 3998
2166 3999
2167 4000
2168 4001
2169 4002
2170 4003
2171 4004
2172 4005
2173 4006
2174 4007
2175 4008
2176 4009
2177 4010
2178 4017
2179 4018
2180 4019
2181 4020
2182 4021
2183 4022
2184 4023
2185 4024
2186 4025
2187 4026
2188 4027
2189 4028
2190 4029
2191 4037
2192 4038
2193 4039
2194 4040
2195 4041
2196 4042
2197 4043
2198 4044
2199 4045
2200 4046
2201 4047
2202 4057
2203 4058
2204 4059
2205 4060
2206 4061
2207 4062
2208 4063
2209 4064
2210 4065
2211 4077
2212 4078
2213 4079
2214 4080
2215 4081
2216 4082
2217 4083
2218 4084
2219 4085
2220 4086
2221 4087
2222 4088
2223 4097
2224 4098
2225 4099
2226 4100
2227 4101
2228 4102
2229 4103
2230 4104
2231 4105
2232 4106
2233 4107
2234 4108
2235 4117
2236 4118
2237 4119
2238 4120
2239 4121
2240 4122
2241 4123
2242 4124
2243 4125
2244 4126
2245 4127
2246 4137
2247 4138
2248 4139
2249 4140
2250 4141
2251 4142
2252 4143
2253 4144
2254 4145
2255 4146
2256 4147
2257 4157
2258 4158
2259 4159
2260 4160
2261 4161
2262 4162
2263 4163
2264 4164
2265 4165
2266 4166
2267 4177
2268 4178
2269 4179
2270 4180
2271 4181
2272 4182
2273 4183
2274 4184
2275 4185
2276 4186
2277 4187
2278 4188
2279 4197
2280 4198
2281 4199
2282 4200
2283 4201
2284 4202
2285 4203
2286 4204
2287 4205
2288 4217
2289 4218
2290 4219
2291 4220
2292 4221
2293 4222
2294 4223
2295 4224
2296 4225
2297 4226
2298 4227
2299 4228
2300 4229
2301 4237
2302 4238
2303 4239
2304 4240
2305 4241
2306 4242
2307 4243
2308 4244
2309 4245
2310 4246
2311 4247
2312 4248
2313 4249
2314 4257
2315 4258
2316 4259
2317 4260
2318 4261
2319 4262
2320 4263
2321 4264
2322 4265
2323 4266
2324 4267
2325 4268
2326 4269
2327 4270
2328 4277
2329 4278
2330 4279
2331 4280
2332 4281
2333 4282
2334 4283
2335 4284
2336 4285
2337 4286
2338 4287
2339 4297
2340 4298
2341 4299
2342 4300
2343 4301
2344 4302
2345 4303
2346 4304
2347 4305
2348 4306
2349 4307
2350 4308
2351 4309
2352 4317
2353 4318
2354 4319
2355 4320
2356 4321
2357 4322
2358 4323
2359 4324
2360 4325
2361 4326
2362 4337
2363 4338
2364 4339
2365 4340
2366 4341
2367 4342
2368 4343
2369 4344
2370 4345
2371 4346
2372 4347
2373 4348
2374 4357
2375 4358
2376 4359
2377 4360
2378 4361
2379 4362
2380 4363
2381 4364
2382 4365
2383 4366
2384 4377
2385 4378
2386 4379
2387 4380
2388 4381
2389 4382
2390 4383
2391 4384
2392 4385
2393 4386
2394 4387
2395 4397
2396 4398
2397 4399
2398 4400
2399 4401
2400 4402
2401 4403
2402 4417
2403 4418
2404 4419
2405 4420
2406 4421
2407 4422
2408 4423
2409 4424
2410 4425
2411 4437
2412 4438
2413 4439
2414 4440
2415 4441
2416 4442
2417 4443
2418 4444
2419 4445
2420 4446
2421 4457
2422 4458
2423 4459
2424 4460
2425 4461
2426 4462
2427 4463
2428 4464
2429 4465
2430 4466
2431 4467
2432 4468
2433 4469
2434 4470
2435 4471
2436 4477
2437 4478
2438 4479
2439 4480
2440 4481
2441 4482
2442 4483
2443 4484
2444 4485
2445 4486
2446 4487
2447 4488
2448 4489
2449 4490
2450 4497
2451 4498
2452 4499
2453 4500
2454 4501
2455 4502
2456 4503
2457 4504
2458 4505
2459 4506
2460 4517
2461 4518
2462 4519
2463 4520
2464 4521
2465 4522
2466 4523
2467 4524
2468 4525
2469 4526
2470 4527
2471 4528
2472 4529
2473 4530
2474 4531
2475 4532
2476 4537
2477 4538
2478 4539
2479 4540
2480 4541
2481 4542
2482 4543
2483 4544
2484 4545
2485 4546
2486 4547
2487 4548
2488 4549
2489 4557
2490 4558
2491 4559
2492 4560
2493 4561
2494 4562
2495 4577
2496 4578
2497 4579
2498 4580
2499 4581
2500 4582
2501 4583
2502 4597
2503 4598
2504 4599
2505 4600
2506 4601
2507 4602
2508 4603
2509 4604
2510 4605
2511 4617
2512 4618
2513 4619
2514 4620
2515 4621
2516 4622
2517 4623
2518 4624
2519 4625
2520 4626
2521 4627
2522 4637
2523 4638
2524 4639
2525 4640
2526 4641
2527 4642
2528 4643
2529 4644
2530 4645
2531 4646
2532 4647
2533 4648
2534 4649
2535 4657
2536 4658
2537 4659
2538 4660
2539 4661
2540 4662
2541 4663
2542 4664
2543 4665
2544 4666
2545 4677
2546 4678
2547 4679
2548 4680
2549 4681
2550 4682
2551 4683
2552 4684
2553 4685
2554 4686
2555 4687
2556 4688
2557 4689
2558 4690
2559 4691
2560 4697
2561 4698
2562 4699
2563 4700
2564 4701
2565 4702
2566 4703
2567 4704
2568 4705
2569 4706
2570 4707
2571 4708
2572 4717
2573 4718
2574 4719
2575 4720
2576 4721
2577 4722
2578 4723
2579 4724
2580 4725
2581 4737
2582 4738
2583 4739
2584 4740
2585 4741
2586 4742
2587 4743
2588 4744
2589 4745
2590 4746
2591 4747
2592 4748
2593 4749
2594 4750
2595 4751
2596 4752
2597 4753
2598 4757
2599 4758
2600 4759
2601 4760
2602 4761
2603 4762
2604 4763
2605 4764
2606 4777
2607 4778
2608 4779
2609 4780
2610 4781
2611 4797
2612 4798
2613 4799
2614 4800
2615 4801
2616 4802
2617 4803
2618 4804
2619 4805
2620 4806
2621 4807
2622 4808
2623 4809
2624 4817
2625 4818
2626 4819
2627 4820
2628 4821
2629 4822
2630 4823
2631 4824
2632 4825
2633 4826
2634 4827
2635 4837
2636 4838
2637 4839
2638 4840
2639 4841
2640 4842
