0 7
1 8
2 9
3 10
4 11
5 12
6 13
7 14
8 15
9 16
10 27
11 28
12 29
13 30
14 31
15 32
16 33
17 34
18 35
19 36
20 37
21 38
22 39
23 40
24 41
25 42
26 43
27 47
28 48
29 49
30 50
31 51
32 52
33 53
34 54
35 55
36 56
37 57
38 58
39 67
40 68
41 69
42 70
43 71
44 72
45 73
46 74
47 75
48 76
49 77
50 87
51 88
52 89
53 90
54 91
55 92
56 93
57 94
58 95
59 96
60 97
61 98
62 107
63 108
64 109
65 110
66 111
67 112
68 113
69 114
70 115
71 116
72 117
73 118
74 119
75 120
76 127
77 128
78 129
79 130
80 131
81 132
82 133
83 134
84 135
85 136
86 137
87 147
88 148
89 149
90 150
91 151
92 152
93 153
94 154
95 155
96 167
97 168
98 169
99 170
100 171
101 172
102 173
103 174
104 175
105 187
106 188
107 189
108 190
109 191
110 192
111 193
112 194
113 207
114 208
115 209
116 210
117 211
118 212
119 213
120 214
121 215
122 216
123 217
124 227
125 228
126 229
127 230
128 231
129 232
130 233
131 234
132 235
133 236
134 237
135 247
136 248
137 249
138 250
139 251
140 252
141 253
142 254
143 255
144 256
145 257
146 267
147 268
148 269
149 270
150 271
151 272
152 273
153 274
154 275
155 276
156 277
157 278
158 279
159 287
160 288
161 289
162 290
163 291
164 292
165 293
166 294
167 295
168 307
169 308
170 309
171 310
172 311
173 312
174 313
175 314
176 315
177 316
178 327
179 328
180 329
181 330
182 331
183 332
184 333
185 334
186 335
187 336
188 337
189 338
190 339
191 347
192 348
193 349
194 350
195 351
196 352
197 353
198 354
199 355
200 356
201 357
202 358
203 359
204 360
205 361
206 367
207 368
208 369
209 370
210 371
211 372
212 373
213 374
214 375
215 376
216 377
217 387
218 388
219 389
220 390
221 391
222 392
223 393
224 394
225 395
226 396
227 397
228 398
229 399
230 407
231 408
232 409
233 410
234 411
235 412
236 413
237 414
238 415
239 416
240 417
241 418
242 427
243 428
244 429
245 430
246 431
247 432
248 433
249 434
250 435
251 436
252 437
253 438
254 439
255 440
256 441
257 442
258 447
259 448
260 449
261 450
262 451
263 452
264 453
265 454
266 455
267 456
268 457
269 467
270 468
271 469
272 470
273 471
274 472
275 473
276 474
277 475
278 476
279 477
280 487
281 488
282 489
283 490
284 491
285 492
286 493
287 494
288 495
289 496
290 497
291 498
292 499
293 500
294 501
295 507
296 508
297 509
298 510
299 511
300 512
301 513
302 514
303 515
304 516
305 517
306 518
307 519
308 520
309 527
310 528
311 529
312 530
313 531
314 532
315 533
316 534
317 535
318 536
319 537
320 547
321 548
322 549
323 550
324 551
325 552
326 553
327 554
328 555
329 556
330 567
331 568
332 569
333 570
334 571
335 572
336 573
337 574
338 575
339 576
340 577
341 578
342 587
343 588
344 589
345 590
346 591
347 592
348 593
349 594
350 595
351 596
352 597
353 607
354 608
355 609
356 610
357 611
358 612
359 613
360 614
361 615
362 616
363 617
364 618
365 619
366 620
367 627
368 628
369 629
370 630
371 631
372 632
373 633
374 634
375 635
376 636
377 637
378 638
379 639
380 647
381 648
382 649
383 650
384 651
385 652
386 653
387 654
388 655
389 656
390 657
391 667
392 668
393 669
394 670
395 671
396 672
397 673
398 674
399 675
400 676
401 677
402 678
403 679
404 680
405 681
406 687
407 688
408 689
409 690
410 691
411 692
412 693
413 694
414 695
415 696
416 697
417 698
418 699
419 700
420 701
421 707
422 708
423 709
424 710
425 711
426 712
427 713
428 714
429 715
430 716
431 717
432 718
433 719
434 720
435 721
436 727
437 728
438 729
439 730
440 731
441 732
442 733
443 734
444 735
445 736
446 737
447 738
448 739
449 747
450 748
451 749
452 750
453 751
454 752
455 753
456 754
457 755
458 756
459 757
460 758
461 759
462 760
463 761
464 767
465 768
466 769
467 770
468 771
469 772
470 773
471 774
472 775
473 776
474 787
475 788
476 789
477 790
478 791
479 792
480 793
481 794
482 795
483 796
484 797
485 798
486 799
487 800
488 801
489 807
490 808
491 809
492 810
493 811
494 812
495 813
496 814
497 815
498 816
499 817
500 818
501 819
502 827
503 828
504 829
505 830
506 831
507 832
508 833
509 834
510 835
511 836
512 837
513 838
514 839
515 840
516 841
517 842
518 847
519 848
520 849
521 850
522 851
523 852
524 853
525 854
526 855
527 856
528 857
529 867
530 868
531 869
532 870
533 871
534 872
535 873
536 874
537 875
538 876
539 887
540 888
541 889
542 890
543 891
544 892
545 893
546 894
547 895
548 907
549 908
550 909
551 910
552 911
553 912
554 913
555 914
556 915
557 916
558 927
559 928
560 929
561 930
562 931
563 932
564 933
565 934
566 947
567 948
568 949
569 950
570 951
571 952
572 953
573 954
574 955
575 956
576 957
577 958
578 959
579 960
580 961
581 962
582 963
583 967
584 968
585 969
586 970
587 971
588 972
589 973
590 974
591 975
592 976
593 977
594 978
595 979
596 980
597 981
598 987
599 988
600 989
601 990
602 991
603 992
604 993
605 994
606 995
607 996
608 997
609 998
610 999
611 1000
612 1007
613 1008
614 1009
615 1010
616 1011
617 1012
618 1013
619 1014
620 1015
621 1016
622 1017
623 1018
624 1019
625 1027
626 1028
627 1029
628 1030
629 1031
630 1032
631 1033
632 1034
633 1035
634 1036
635 1037
636 1047
637 1048
638 1049
639 1050
640 1051
641 1052
642 1053
643 1054
644 1055
645 1056
646 1057
647 1058
648 1059
649 1060
650 1067
651 1068
652 1069
653 1070
654 1071
655 1072
656 1073
657 1074
658 1075
659 1076
660 1077
661 1078
662 1079
663 1080
664 1087
665 1088
666 1089
667 1090
668 1091
669 1092
670 1093
671 1094
672 1095
673 1096
674 1097
675 1098
676 1099
677 1100
678 1101
679 1102
680 1103
681 1107
682 1108
683 1109
684 1110
685 1111
686 1112
687 1113
688 1114
689 1115
690 1116
691 1117
692 1118
693 1119
694 1120
695 1127
696 1128
697 1129
698 1130
699 1131
700 1132
701 1133
702 1134
703 1135
704 1136
705 1137
706 1147
707 1148
708 1149
709 1150
710 1151
711 1152
712 1153
713 1154
714 1155
715 1167
716 1168
717 1169
718 1170
719 1171
720 1172
721 1173
722 1174
723 1175
724 1176
725 1177
726 1187
727 1188
728 1189
729 1190
730 1191
731 1192
732 1193
733 1194
734 1195
735 1196
736 1197
737 1198
738 1199
739 1207
740 1208
741 1209
742 1210
743 1211
744 1212
745 1213
746 1214
747 1215
748 1216
749 1217
750 1218
751 1219
752 1220
753 1227
754 1228
755 1229
756 1230
757 1231
758 1232
759 1233
760 1234
761 1235
762 1236
763 1247
764 1248
765 1249
766 1250
767 1251
768 1252
769 1253
770 1254
771 1255
772 1256
773 1257
774 1258
775 1259
776 1260
777 1267
778 1268
779 1269
780 1270
781 1271
782 1272
783 1273
784 1274
785 1275
786 1276
787 1277
788 1278
789 1279
790 1287
791 1288
792 1289
793 1290
794 1291
795 1292
796 1293
797 1294
798 1295
799 1296
800 1297
801 1298
802 1299
803 1307
804 1308
805 1309
806 1310
807 1311
808 1312
809 1313
810 1314
811 1315
812 1316
813 1317
814 1318
815 1319
816 1327
817 1328
818 1329
819 1330
820 1331
821 1332
822 1333
823 1334
824 1335
825 1336
826 1337
827 1338
828 1339
829 1347
830 1348
831 1349
832 1350
833 1351
834 1352
835 1353
836 1354
837 1355
838 1356
839 1357
840 1367
841 1368
842 1369
843 1370
844 1371
845 1372
846 1373
847 1374
848 1375
849 1376
850 1377
851 1378
852 1379
853 1387
854 1388
855 1389
856 1390
857 1391
858 1392
859 1393
860 1394
861 1395
862 1396
863 1397
864 1398
865 1399
866 1400
867 1407
868 1408
869 1409
870 1410
871 1411
872 1412
873 1413
874 1414
875 1415
876 1416
877 1417
878 1418
879 1419
880 1427
881 1428
882 1429
883 1430
884 1431
885 1432
886 1433
887 1434
888 1435
889 1447
890 1448
891 1449
892 1450
893 1451
894 1452
895 1453
896 1454
897 1455
898 1456
899 1457
900 1467
901 1468
902 1469
903 1470
904 1471
905 1472
906 1473
907 1474
908 1475
909 1476
910 1477
911 1478
912 1487
913 1488
914 1489
915 1490
916 1491
917 1492
918 1493
919 1494
920 1495
921 1507
922 1508
923 1509
924 1510
925 1511
926 1512
927 1513
928 1514
929 1515
930 1516
931 1517
932 1518
933 1519
934 1520
935 1527
936 1528
937 1529
938 1530
939 1531
940 1532
941 1533
942 1534
943 1535
944 1547
945 1548
946 1549
947 1550
948 1551
949 1552
950 1553
951 1554
952 1555
953 1556
954 1557
955 1558
956 1567
957 1568
958 1569
959 1570
960 1571
961 1572
962 1573
963 1574
964 1575
965 1576
966 1577
967 1578
968 1587
969 1588
970 1589
971 1590
972 1591
973 1592
974 1593
975 1594
976 1595
977 1596
978 1597
979 1607
980 1608
981 1609
982 1610
983 1611
984 1612
985 1613
986 1614
987 1615
988 1616
989 1617
990 1618
991 1627
992 1628
993 1629
994 1630
995 1631
996 1632
997 1633
998 1634
999 1635
1000 1636
1001 1637
1002 1647
1003 1648
1004 1649
1005 1650
1006 1651
1007 1652
1008 1653
1009 1654
1010 1655
1011 1656
1012 1657
1013 1658
1014 1667
1015 1668
1016 1669
1017 1670
1018 1671
1019 1672
1020 1673
1021 1674
1022 1675
1023 1676
1024 1677
1025 1678
1026 1679
1027 1687
1028 1688
1029 1689
1030 1690
1031 1691
1032 1692
1033 1693
1034 1694
1035 1695
1036 1696
1037 1707
1038 1708
1039 1709
1040 1710
1041 1711
1042 1712
1043 1713
1044 1714
1045 1715
1046 1716
1047 1717
1048 1718
1049 1719
1050 1720
1051 1721
1052 1722
1053 1723
1054 1724
1055 1727
1056 1728
1057 1729
1058 1730
1059 1731
1060 1732
1061 1733
1062 1734
1063 1747
1064 1748
1065 1749
1066 1750
1067 1751
1068 1752
1069 1753
1070 1754
1071 1755
1072 1756
1073 1757
1074 1758
1075 1759
1076 1760
1077 1761
1078 1767
1079 1768
1080 1769
1081 1770
1082 1771
1083 1772
1084 1773
1085 1774
1086 1787
1087 1788
1088 1789
1089 1790
1090 1791
1091 1792
1092 1793
1093 1794
1094 1795
1095 1796
1096 1797
1097 1807
1098 1808
1099 1809
1100 1810
1101 1811
1102 1812
1103 1813
1104 1814
1105 1815
1106 1816
1107 1817
1108 1818
1109 1827
1110 1828
1111 1829
1112 1830
1113 1831
1114 1832
1115 1833
1116 1834
1117 1835
1118 1836
1119 1837
1120 1838
1121 1839
1122 1840
1123 1841
1124 1847
1125 1848
1126 1849
1127 1850
1128 1851
1129 1852
1130 1853
1131 1854
1132 1855
1133 1856
1134 1857
1135 1858
1136 1859
1137 1860
1138 1861
1139 1862
1140 1867
1141 1868
1142 1869
1143 1870
1144 1871
1145 1872
1146 1873
1147 1874
1148 1875
1149 1876
1150 1877
1151 1878
1152 1879
1153 1887
1154 1888
1155 1889
1156 1890
1157 1891
1158 1892
1159 1893
1160 1894
1161 1907
1162 1908
1163 1909
1164 1910
1165 1911
1166 1912
1167 1913
1168 1914
1169 1927
1170 1928
1171 1929
1172 1930
1173 1931
1174 1932
1175 1933
1176 1934
1177 1935
1178 1936
1179 1937
1180 1938
1181 1939
1182 1947
1183 1948
1184 1949
1185 1950
1186 1951
1187 1952
1188 1953
1189 1954
1190 1955
1191 1956
1192 1957
1193 1958
1194 1959
1195 1967
1196 1968
1197 1969
1198 1970
1199 1971
1200 1972
1201 1973
1202 1974
1203 1987
1204 1988
1205 1989
1206 1990
1207 1991
1208 1992
1209 1993
1210 1994
1211 1995
1212 1996
1213 1997
1214 1998
1215 1999
1216 2000
1217 2007
1218 2008
1219 2009
1220 2010
1221 2011
1222 2012
1223 2013
1224 2014
1225 2015
1226 2016
1227 2017
1228 2018
1229 2027
1230 2028
1231 2029
1232 2030
1233 2031
1234 2032
1235 2033
1236 2034
1237 2035
1238 2036
1239 2037
1240 2038
1241 2039
1242 2040
1243 2047
1244 2048
1245 2049
1246 2050
1247 2051
1248 2052
1249 2053
1250 2054
1251 2055
1252 2056
1253 2067
1254 2068
1255 2069
1256 2070
1257 2071
1258 2072
1259 2073
1260 2074
1261 2075
1262 2076
1263 2087
1264 2088
1265 2089
1266 2090
1267 2091
1268 2092
1269 2093
1270 2094
1271 2095
1272 2096
1273 2097
1274 2098
1275 2099
1276 2107
1277 2108
1278 2109
1279 2110
1280 2111
1281 2112
1282 2113
1283 2114
1284 2115
1285 2116
1286 2117
1287 2118
1288 2119
1289 2127
1290 2128
1291 2129
1292 2130
1293 2131
1294 2132
1295 2133
1296 2134
1297 2135
1298 2136
1299 2137
1300 2147
1301 2148
1302 2149
1303 2150
1304 2151
1305 2152
1306 2153
1307 2154
1308 2155
1309 2156
1310 2157
1311 2158
1312 2159
1313 2167
1314 2168
1315 2169
1316 2170
1317 2171
1318 2172
1319 2173
1320 2174
1321 2175
1322 2176
1323 2177
1324 2178
1325 2179
1326 2187
1327 2188
1328 2189
1329 2190
1330 2191
1331 2192
1332 2193
1333 2194
1334 2195
1335 2196
1336 2197
1337 2198
1338 2199
1339 2200
1340 2201
1341 2207
1342 2208
1343 2209
1344 2210
1345 2211
1346 2212
1347 2213
1348 2214
1349 2215
1350 2216
1351 2227
1352 2228
1353 2229
1354 2230
1355 2231
1356 2232
1357 2233
1358 2234
1359 2235
1360 2236
1361 2247
1362 2248
1363 2249
1364 2250
1365 2251
1366 2252
1367 2253
1368 2254
1369 2255
1370 2256
1371 2257
1372 2258
1373 2267
1374 2268
1375 2269
1376 2270
1377 2271
1378 2272
1379 2273
1380 2274
1381 2287
1382 2288
1383 2289
1384 2290
1385 2291
1386 2292
1387 2293
1388 2294
1389 2295
1390 2296
1391 2297
1392 2298
1393 2299
1394 2307
1395 2308
1396 2309
1397 2310
1398 2311
1399 2312
1400 2313
1401 2314
1402 2315
1403 2316
1404 2317
1405 2327
1406 2328
1407 2329
1408 2330
1409 2331
1410 2332
1411 2333
1412 2334
1413 2335
1414 2336
1415 2337
1416 2338
1417 2339
1418 2340
1419 2347
1420 2348
1421 2349
1422 2350
1423 2351
1424 2352
1425 2353
1426 2354
1427 2355
1428 2356
1429 2357
1430 2367
1431 2368
1432 2369
1433 2370
1434 2371
1435 2372
1436 2373
1437 2374
1438 2375
1439 2376
1440 2377
1441 2378
1442 2387
1443 2388
1444 2389
1445 2390
1446 2391
1447 2392
1448 2393
1449 2394
1450 2395
1451 2396
1452 2397
1453 2398
1454 2407
1455 2408
1456 2409
1457 2410
1458 2411
1459 2412
1460 2413
1461 2414
1462 2415
1463 2416
1464 2417
1465 2418
1466 2419
1467 2420
1468 2427
1469 2428
1470 2429
1471 2430
1472 2431
1473 2432
1474 2433
1475 2434
1476 2435
1477 2436
1478 2437
1479 2438
1480 2439
1481 2440
1482 2441
1483 2447
1484 2448
1485 2449
1486 2450
1487 2451
1488 2452
1489 2453
1490 2454
1491 2455
1492 2456
1493 2467
1494 2468
1495 2469
1496 2470
1497 2471
1498 2472
1499 2473
1500 2474
1501 2487
1502 2488
1503 2489
1504 2490
1505 2491
1506 2492
1507 2493
1508 2494
1509 2495
1510 2496
1511 2497
1512 2498
1513 2499
1514 2500
1515 2507
1516 2508
1517 2509
1518 2510
1519 2511
1520 2512
1521 2513
1522 2514
1523 2515
1524 2516
1525 2517
1526 2518
1527 2519
1528 2527
1529 2528
1530 2529
1531 2530
1532 2531
1533 2532
1534 2533
1535 2534
1536 2535
1537 2536
1538 2547
1539 2548
1540 2549
1541 2550
1542 2551
1543 2552
1544 2553
1545 2554
1546 2555
1547 2556
1548 2557
1549 2567
1550 2568
1551 2569
1552 2570
1553 2571
1554 2572
1555 2573
1556 2574
1557 2575
1558 2576
1559 2577
1560 2587
1561 2588
1562 2589
1563 2590
1564 2591
1565 2592
1566 2593
1567 2594
1568 2595
1569 2596
1570 2597
1571 2607
1572 2608
1573 2609
1574 2610
1575 2611
1576 2612
1577 2613
1578 2614
1579 2615
1580 2616
1581 2617
1582 2618
1583 2619
1584 2627
1585 2628
1586 2629
1587 2630
1588 2631
1589 2632
1590 2633
1591 2634
1592 2635
1593 2636
1594 2637
1595 2638
1596 2647
1597 2648
1598 2649
1599 2650
1600 2651
1601 2652
1602 2653
1603 2654
1604 2655
1605 2656
1606 2667
1607 2668
1608 2669
1609 2670
1610 2671
1611 2672
1612 2673
1613 2674
1614 2675
1615 2676
1616 2677
1617 2678
1618 2687
1619 2688
1620 2689
1621 2690
1622 2691
1623 2692
1624 2693
1625 2694
1626 2695
1627 2696
1628 2697
1629 2707
1630 2708
1631 2709
1632 2710
1633 2711
1634 2712
1635 2713
1636 2714
1637 2715
1638 2716
1639 2717
1640 2718
1641 2719
1642 2720
1643 2721
1644 2727
1645 2728
1646 2729
1647 2730
1648 2731
1649 2732
1650 2733
1651 2747
1652 2748
1653 2749
1654 2750
1655 2751
1656 2752
1657 2753
1658 2754
1659 2755
1660 2756
1661 2757
1662 2758
1663 2759
1664 2760
1665 2761
1666 2767
1667 2768
1668 2769
1669 2770
1670 2771
1671 2772
1672 2773
1673 2774
1674 2787
1675 2788
1676 2789
1677 2790
1678 2791
1679 2792
1680 2793
1681 2794
1682 2795
1683 2796
1684 2797
1685 2798
1686 2799
1687 2800
1688 2801
1689 2802
1690 2807
1691 2808
1692 2809
1693 2810
1694 2811
1695 2812
1696 2813
1697 2814
1698 2815
1699 2816
1700 2817
1701 2818
1702 2819
1703 2820
1704 2827
1705 2828
1706 2829
1707 2830
1708 2831
1709 2832
1710 2833
1711 2834
1712 2835
1713 2836
1714 2837
1715 2838
1716 2839
1717 2840
1718 2841
1719 2847
1720 2848
1721 2849
1722 2850
1723 2851
1724 2852
1725 2853
1726 2854
1727 2855
1728 2867
1729 2868
1730 2869
1731 2870
1732 2871
1733 2872
1734 2873
1735 2874
1736 2875
1737 2876
1738 2877
1739 2878
1740 2879
1741 2880
1742 2887
1743 2888
1744 2889
1745 2890
1746 2891
1747 2892
1748 2893
1749 2894
1750 2895
1751 2896
1752 2897
1753 2898
1754 2899
1755 2900
1756 2901
1757 2907
1758 2908
1759 2909
1760 2910
1761 2911
1762 2912
1763 2913
1764 2927
1765 2928
1766 2929
1767 2930
1768 2931
1769 2932
1770 2933
1771 2934
1772 2935
1773 2947
1774 2948
1775 2949
1776 2950
1777 2951
1778 2952
1779 2953
1780 2954
1781 2955
1782 2956
1783 2957
1784 2967
1785 2968
1786 2969
1787 2970
1788 2971
1789 2972
1790 2973
1791 2987
1792 2988
1793 2989
1794 2990
1795 2991
1796 2992
1797 2993
1798 2994
1799 3007
1800 3008
1801 3009
1802 3010
1803 3011
1804 3012
1805 3013
1806 3014
1807 3015
1808 3016
1809 3017
1810 3018
1811 3027
1812 3028
1813 3029
1814 3030
1815 3031
1816 3032
1817 3033
1818 3034
1819 3035
1820 3036
1821 3037
1822 3038
1823 3039
1824 3047
1825 3048
1826 3049
1827 3050
1828 3051
1829 3052
1830 3053
1831 3054
1832 3055
1833 3056
1834 3057
1835 3058
1836 3059
1837 3067
1838 3068
1839 3069
1840 3070
1841 3071
1842 3072
1843 3073
1844 3074
1845 3075
1846 3076
1847 3077
1848 3087
1849 3088
1850 3089
1851 3090
1852 3091
1853 3092
1854 3093
1855 3094
1856 3095
1857 3096
1858 3097
1859 3098
1860 3099
1861 3100
1862 3107
1863 3108
1864 3109
1865 3110
1866 3111
1867 3112
1868 3113
1869 3114
1870 3115
1871 3116
1872 3117
1873 3118
1874 3119
1875 3120
1876 3127
1877 3128
1878 3129
1879 3130
1880 3131
1881 3132
1882 3133
1883 3134
1884 3147
1885 3148
1886 3149
1887 3150
1888 3151
1889 3152
1890 3153
1891 3154
1892 3155
1893 3156
1894 3157
1895 3158
1896 3167
1897 3168
1898 3169
1899 3170
1900 3171
1901 3172
1902 3173
1903 3174
1904 3175
1905 3176
1906 3177
1907 3178
1908 3179
1909 3187
1910 3188
1911 3189
1912 3190
1913 3191
1914 3192
1915 3193
1916 3194
1917 3195
1918 3196
1919 3197
1920 3198
1921 3199
1922 3200
1923 3207
1924 3208
1925 3209
1926 3210
1927 3211
1928 3212
1929 3213
1930 3214
1931 3215
1932 3216
1933 3217
1934 3218
1935 3219
1936 3227
1937 3228
1938 3229
1939 3230
1940 3231
1941 3232
1942 3233
1943 3234
1944 3235
1945 3236
1946 3247
1947 3248
1948 3249
1949 3250
1950 3251
1951 3252
1952 3253
1953 3254
1954 3267
1955 3268
1956 3269
1957 3270
1958 3271
1959 3272
1960 3273
1961 3274
1962 3275
1963 3276
1964 3277
1965 3278
1966 3279
1967 3280
1968 3281
1969 3287
1970 3288
1971 3289
1972 3290
1973 3291
1974 3292
1975 3293
1976 3294
1977 3295
1978 3296
1979 3297
1980 3307
1981 3308
1982 3309
1983 3310
1984 3311
1985 3312
1986 3313
1987 3327
1988 3328
1989 3329
1990 3330
1991 3331
1992 3332
1993 3333
1994 3334
1995 3335
1996 3336
1997 3337
1998 3338
1999 3339
2000 3347
2001 3348
2002 3349
2003 3350
2004 3351
2005 3352
2006 3353
2007 3354
2008 3355
2009 3356
2010 3367
2011 3368
2012 3369
2013 3370
2014 3371
2015 3372
2016 3373
2017 3374
2018 3375
2019 3376
2020 3377
2021 3387
2022 3388
2023 3389
2024 3390
2025 3391
2026 3392
2027 3393
2028 3394
2029 3395
2030 3396
2031 3397
2032 3398
2033 3399
2034 3400
2035 3407
2036 3408
2037 3409
2038 3410
2039 3411
2040 3412
2041 3413
2042 3414
2043 3415
2044 3416
2045 3417
2046 3418
2047 3419
2048 3427
2049 3428
2050 3429
2051 3430
2052 3431
2053 3432
2054 3433
2055 3434
2056 3435
2057 3436
2058 3437
2059 3438
2060 3447
2061 3448
2062 3449
2063 3450
2064 3451
2065 3452
2066 3453
2067 3454
2068 3455
2069 3456
2070 3457
2071 3458
2072 3459
2073 3460
2074 3461
2075 3467
2076 3468
2077 3469
2078 3470
2079 3471
2080 3472
2081 3473
2082 3474
2083 3475
2084 3476
2085 3477
2086 3478
2087 3479
2088 3480
2089 3481
2090 3482
2091 3487
2092 3488
2093 3489
2094 3490
2095 3491
2096 3492
2097 3493
2098 3494
2099 3495
2100 3496
2101 3497
2102 3498
2103 3499
2104 3500
2105 3507
2106 3508
2107 3509
2108 3510
2109 3511
2110 3512
2111 3513
2112 3514
2113 3515
2114 3516
2115 3527
2116 3528
2117 3529
2118 3530
2119 3531
2120 3532
2121 3533
2122 3534
2123 3535
2124 3536
2125 3537
2126 3538
2127 3539
2128 3540
2129 3547
2130 3548
2131 3549
2132 3550
2133 3551
2134 3552
2135 3553
2136 3554
2137 3555
2138 3556
2139 3557
2140 3558
2141 3559
2142 3567
2143 3568
2144 3569
2145 3570
2146 3571
2147 3572
2148 3573
2149 3574
2150 3575
2151 3576
2152 3577
2153 3578
2154 3579
2155 3580
2156 3587
2157 3588
2158 3589
2159 3590
2160 3591
2161 3592
2162 3593
2163 3594
2164 3595
2165 3596
2166 3597
2167 3607
2168 3608
2169 3609
2170 3610
2171 3611
2172 3612
2173 3613
2174 3614
2175 3615
2176 3616
2177 3617
2178 3618
2179 3627
2180 3628
2181 3629
2182 3630
2183 3631
2184 3632
2185 3633
2186 3634
2187 3635
2188 3636
2189 3637
2190 3638
2191 3639
2192 3640
2193 3647
2194 3648
2195 3649
2196 3650
2197 3651
2198 3652
2199 3653
2200 3654
2201 3655
2202 3656
2203 3657
2204 3658
2205 3659
2206 3667
2207 3668
2208 3669
2209 3670
2210 3671
2211 3672
2212 3673
2213 3674
2214 3675
2215 3676
2216 3677
2217 3678
2218 3679
2219 3687
2220 3688
2221 3689
2222 3690
2223 3691
2224 3692
2225 3693
2226 3694
2227 3695
2228 3696
2229 3697
2230 3698
2231 3707
2232 3708
2233 3709
2234 3710
2235 3711
2236 3712
2237 3713
2238 3714
2239 3715
2240 3716
2241 3717
2242 3718
2243 3727
2244 3728
2245 3729
2246 3730
2247 3731
2248 3732
2249 3733
2250 3734
2251 3735
2252 3736
2253 3737
2254 3747
2255 3748
2256 3749
2257 3750
2258 3751
2259 3752
2260 3753
2261 3754
2262 3755
2263 3756
2264 3757
2265 3758
2266 3759
2267 3767
2268 3768
2269 3769
2270 3770
2271 3771
2272 3772
2273 3773
2274 3774
2275 3775
2276 3776
2277 3777
2278 3778
2279 3779
2280 3780
2281 3781
2282 3782
2283 3783
2284 3787
2285 3788
2286 3789
2287 3790
2288 3791
2289 3792
2290 3793
2291 3794
2292 3795
2293 3796
2294 3797
2295 3798
2296 3807
2297 3808
2298 3809
2299 3810
2300 3811
2301 3812
2302 3813
2303 3814
2304 3815
2305 3816
2306 3817
2307 3827
2308 3828
2309 3829
2310 3830
2311 3831
2312 3832
2313 3833
2314 3834
2315 3835
2316 3836
2317 3837
2318 3838
2319 3847
2320 3848
2321 3849
2322 3850
2323 3851
2324 3852
2325 3853
2326 3854
2327 3867
2328 3868
2329 3869
2330 3870
2331 3871
2332 3872
2333 3873
2334 3874
2335 3887
2336 3888
2337 3889
2338 3890
2339 3891
2340 3892
2341 3893
2342 3894
2343 3895
2344 3896
2345 3907
2346 3908
2347 3909
2348 3910
2349 3911
2350 3912
2351 3913
2352 3914
2353 3915
2354 3916
2355 3917
2356 3918
2357 3919
2358 3920
2359 3921
2360 3927
2361 3928
2362 3929
2363 3930
2364 3931
2365 3932
2366 3933
2367 3934
2368 3935
2369 3936
2370 3937
2371 3947
2372 3948
2373 3949
2374 3950
2375 3951
2376 3952
2377 3953
2378 3954
2379 3955
2380 3956
2381 3957
2382 3958
2383 3959
2384 3960
2385 3961
2386 3962
2387 3963
2388 3967
2389 3968
2390 3969
2391 3970
2392 3971
2393 3972
2394 3973
2395 3974
2396 3975
2397 3976
2398 3977
2399 3987
2400 3988
2401 3989
2402 3990
2403 3991
2404 3992
2405 3993
2406 3994
2407 4007
2408 4008
2409 4009
2410 4010
2411 4011
2412 4012
2413 4013
2414 4014
2415 4015
2416 4016
2417 4017
2418 4018
2419 4019
2420 4020
2421 4027
2422 4028
2423 4029
2424 4030
2425 4031
2426 4032
2427 4033
2428 4034
2429 4035
2430 4036
2431 4037
2432 4038
2433 4047
2434 4048
2435 4049
2436 4050
2437 4051
2438 4052
2439 4053
2440 4054
2441 4055
2442 4056
2443 4057
2444 4058
2445 4059
2446 4060
2447 4067
2448 4068
2449 4069
2450 4070
2451 4071
2452 4072
2453 4073
2454 4074
2455 4075
2456 4076
2457 4087
2458 4088
2459 4089
2460 4090
2461 4091
2462 4092
2463 4093
2464 4094
2465 4095
2466 4096
2467 4097
2468 4098
2469 4099
2470 4107
2471 4108
2472 4109
2473 4110
2474 4111
2475 4112
2476 4113
2477 4114
2478 4115
2479 4116
2480 4117
2481 4118
2482 4119
2483 4120
2484 4121
2485 4122
2486 4127
2487 4128
2488 4129
2489 4130
2490 4131
2491 4132
2492 4133
2493 4134
2494 4135
2495 4136
2496 4137
2497 4138
2498 4139
2499 4140
2500 4141
2501 4142
2502 4143
2503 4147
2504 4148
2505 4149
2506 4150
2507 4151
2508 4152
2509 4153
2510 4154
2511 4155
2512 4156
2513 4157
2514 4158
2515 4159
2516 4160
2517 4167
2518 4168
2519 4169
2520 4170
2521 4171
2522 4172
2523 4173
2524 4174
2525 4175
2526 4176
2527 4177
2528 4178
2529 4179
2530 4187
2531 4188
2532 4189
2533 4190
2534 4191
2535 4192
2536 4193
2537 4194
2538 4195
2539 4196
2540 4197
2541 4198
2542 4199
2543 4207
2544 4208
2545 4209
2546 4210
2547 4211
2548 4212
2549 4213
2550 4214
2551 4215
2552 4216
2553 4217
2554 4218
2555 4219
2556 4227
2557 4228
2558 4229
2559 4230
2560 4231
2561 4232
2562 4233
2563 4234
2564 4235
2565 4236
2566 4237
2567 4238
2568 4239
2569 4240
2570 4241
2571 4247
2572 4248
2573 4249
2574 4250
2575 4251
2576 4252
2577 4253
2578 4254
2579 4255
2580 4267
2581 4268
2582 4269
2583 4270
2584 4271
2585 4272
2586 4273
2587 4274
2588 4275
2589 4276
2590 4277
2591 4278
2592 4287
2593 4288
2594 4289
2595 4290
2596 4291
2597 4292
2598 4293
2599 4294
2600 4295
2601 4296
2602 4297
2603 4307
2604 4308
2605 4309
2606 4310
2607 4311
2608 4312
2609 4313
2610 4314
2611 4315
2612 4316
2613 4317
2614 4318
2615 4327
2616 4328
2617 4329
2618 4330
2619 4331
2620 4332
2621 4333
2622 4334
2623 4335
2624 4336
2625 4337
2626 4338
2627 4339
2628 4340
2629 4341
2630 4347
2631 4348
2632 4349
2633 4350
2634 4351
2635 4352
2636 4353
2637 4354
2638 4355
2639 4356
2640 4357
2641 4358
2642 4367
2643 4368
2644 4369
2645 4370
2646 4371
2647 4372
2648 4373
2649 4374
2650 4375
2651 4376
2652 4377
2653 4378
2654 4379
2655 4387
2656 4388
2657 4389
2658 4390
2659 4391
2660 4392
2661 4393
2662 4394
2663 4395
2664 4396
2665 4407
2666 4408
2667 4409
2668 4410
2669 4411
2670 4412
2671 4413
2672 4414
2673 4415
2674 4416
2675 4427
2676 4428
2677 4429
2678 4430
2679 4431
2680 4432
2681 4433
2682 4434
2683 4435
2684 4436
2685 4437
2686 4438
2687 4439
2688 4447
2689 4448
2690 4449
2691 4450
2692 4451
2693 4452
2694 4453
2695 4454
2696 4455
2697 4456
2698 4457
2699 4458
2700 4467
2701 4468
2702 4469
2703 4470
2704 4471
2705 4472
2706 4473
2707 4474
2708 4475
2709 4476
2710 4477
2711 4478
2712 4479
2713 4480
2714 4481
2715 4487
2716 4488
2717 4489
2718 4490
2719 4491
2720 4492
2721 4493
2722 4494
2723 4495
2724 4496
2725 4497
2726 4498
2727 4499
2728 4500
2729 4501
2730 4502
2731 4503
2732 4507
2733 4508
2734 4509
2735 4510
2736 4511
2737 4512
2738 4513
2739 4514
2740 4515
2741 4516
2742 4517
2743 4518
2744 4519
2745 4527
2746 4528
2747 4529
2748 4530
2749 4531
2750 4532
2751 4533
2752 4534
2753 4535
2754 4536
2755 4537
2756 4538
2757 4539
2758 4547
2759 4548
2760 4549
2761 4550
2762 4551
2763 4552
2764 4553
2765 4554
2766 4567
2767 4568
2768 4569
2769 4570
2770 4571
2771 4572
2772 4573
2773 4574
2774 4575
2775 4576
2776 4577
2777 4578
2778 4587
2779 4588
2780 4589
2781 4590
2782 4591
2783 4592
2784 4593
2785 4594
2786 4595
2787 4596
2788 4597
2789 4598
2790 4599
2791 4600
2792 4601
2793 4602
2794 4607
2795 4608
2796 4609
2797 4610
2798 4611
2799 4612
2800 4613
2801 4614
2802 4615
2803 4627
2804 4628
2805 4629
2806 4630
2807 4631
2808 4632
2809 4633
2810 4634
2811 4635
2812 4636
2813 4637
2814 4638
2815 4639
2816 4647
2817 4648
2818 4649
2819 4650
2820 4651
2821 4652
2822 4653
2823 4654
2824 4655
2825 4656
2826 4657
2827 4658
2828 4659
2829 4660
2830 4667
2831 4668
2832 4669
2833 4670
2834 4671
2835 4672
2836 4673
2837 4674
2838 4675
2839 4676
2840 4677
2841 4687
2842 4688
2843 4689
2844 4690
2845 4691
2846 4692
2847 4693
2848 4694
2849 4695
2850 4696
2851 4697
2852 4698
2853 4699
2854 4707
2855 4708
2856 4709
2857 4710
2858 4711
2859 4712
2860 4713
2861 4714
2862 4715
2863 4716
2864 4717
2865 4718
2866 4719
2867 4727
2868 4728
2869 4729
2870 4730
2871 4731
2872 4732
2873 4733
2874 4734
2875 4735
2876 4736
2877 4737
2878 4738
2879 4739
2880 4740
2881 4741
2882 4747
2883 4748
2884 4749
2885 4750
2886 4751
2887 4752
2888 4753
2889 4754
2890 4755
2891 4756
2892 4757
2893 4758
2894 4759
2895 4760
2896 4767
2897 4768
2898 4769
2899 4770
2900 4771
2901 4772
2902 4773
2903 4774
2904 4775
2905 4776
2906 4777
2907 4778
2908 4779
2909 4787
2910 4788
2911 4789
2912 4790
2913 4791
2914 4792
2915 4807
2916 4808
2917 4809
2918 4810
2919 4811
2920 4812
2921 4813
2922 4814
2923 4815
2924 4816
2925 4817
2926 4818
2927 4819
2928 4820
2929 4821
2930 4822
2931 4823
2932 4827
2933 4828
2934 4829
2935 4830
2936 4831
2937 4832
2938 4833
2939 4834
2940 4835
2941 4836
2942 4837
2943 4838
2944 4839
2945 4847
2946 4848
2947 4849
2948 4850
2949 4851
2950 4852
2951 4853
2952 4854
2953 4855
2954 4856
2955 4857
2956 4858
2957 4867
2958 4868
2959 4869
2960 4870
2961 4871
2962 4872
2963 4873
2964 4874
2965 4875
2966 4876
2967 4887
2968 4888
2969 4889
2970 4890
2971 4891
2972 4892
2973 4893
2974 4894
2975 4895
2976 4896
2977 4897
2978 4898
2979 4899
2980 4900
2981 4907
2982 4908
2983 4909
2984 4910
2985 4911
2986 4912
2987 4913
2988 4914
2989 4915
2990 4916
2991 4917
2992 4918
2993 4919
2994 4920
2995 4921
2996 4927
2997 4928
2998 4929
2999 4930
3000 4931
3001 4932
3002 4933
3003 4934
3004 4935
3005 4936
3006 4947
3007 4948
3008 4949
3009 4950
3010 4951
3011 4952
3012 4953
3013 4954
3014 4955
3015 4956
3016 4957
3017 4958
3018 4959
3019 4960
3020 4961
3021 4967
3022 4968
3023 4969
3024 4970
3025 4971
3026 4972
3027 4973
3028 4974
3029 4975
3030 4976
3031 4977
3032 4987
3033 4988
3034 4989
3035 4990
3036 4991
3037 4992
3038 4993
3039 4994
3040 4995
3041 4996
3042 4997
3043 4998
3044 4999
3045 5000
3046 5007
3047 5008
3048 5009
3049 5010
3050 5011
3051 5012
3052 5013
3053 5014
3054 5015
3055 5016
3056 5017
3057 5027
3058 5028
3059 5029
3060 5030
3061 5031
3062 5032
3063 5033
3064 5034
3065 5035
3066 5036
3067 5037
3068 5038
3069 5047
3070 5048
3071 5049
3072 5050
3073 5051
3074 5067
3075 5068
3076 5069
3077 5070
3078 5071
3079 5072
3080 5073
3081 5074
3082 5075
3083 5076
3084 5077
3085 5078
3086 5079
3087 5080
3088 5087
3089 5088
3090 5089
3091 5090
3092 5091
3093 5092
3094 5093
3095 5094
3096 5095
3097 5096
3098 5097
3099 5098
3100 5099
3101 5107
3102 5108
3103 5109
3104 5110
3105 5111
3106 5112
3107 5113
3108 5114
3109 5127
3110 5128
3111 5129
3112 5130
3113 5131
3114 5132
3115 5133
3116 5134
3117 5135
3118 5136
3119 5137
3120 5138
3121 5139
3122 5140
3123 5141
3124 5147
3125 5148
3126 5149
3127 5150
3128 5151
3129 5152
3130 5153
3131 5154
3132 5155
3133 5156
3134 5157
3135 5158
3136 5159
3137 5160
3138 5161
3139 5167
3140 5168
3141 5169
3142 5170
3143 5171
3144 5172
3145 5173
3146 5174
3147 5175
3148 5176
3149 5177
3150 5178
3151 5179
3152 5187
3153 5188
3154 5189
3155 5190
3156 5191
3157 5192
3158 5193
3159 5194
3160 5195
3161 5196
3162 5197
3163 5207
3164 5208
3165 5209
3166 5210
3167 5211
3168 5212
3169 5213
3170 5214
3171 5215
3172 5216
3173 5217
3174 5218
3175 5219
