0 0
1 9
2 10
3 11
4 12
5 13
6 14
7 15
8 16
9 17
10 18
11 19
12 20
13 21
14 22
15 23
16 29
17 30
18 31
19 32
20 33
21 34
22 35
23 36
24 37
25 38
26 39
27 40
28 41
29 49
30 50
31 51
32 52
33 53
34 54
35 55
36 56
37 57
38 58
39 59
40 60
41 61
42 62
43 63
44 64
45 69
46 70
47 71
48 72
49 73
50 74
51 75
52 76
53 77
54 78
55 79
56 80
57 81
58 82
59 83
60 84
61 85
62 86
63 89
64 90
65 91
66 92
67 93
68 94
69 95
70 96
71 97
72 98
73 99
74 100
75 101
76 102
77 103
78 104
79 105
80 109
81 110
82 111
83 112
84 113
85 114
86 115
87 116
88 117
89 118
90 119
91 120
92 121
93 129
94 130
95 131
96 132
97 133
98 134
99 135
100 136
101 137
102 149
103 150
104 151
105 152
106 153
107 154
108 155
109 156
110 169
111 170
112 171
113 172
114 173
115 174
116 175
117 176
118 177
119 178
120 179
121 180
122 181
123 182
124 189
125 190
126 191
127 192
128 193
129 194
130 195
131 196
132 197
133 198
134 199
135 200
136 201
137 202
138 203
139 204
140 209
141 210
142 211
143 212
144 213
145 214
146 215
147 216
148 217
149 218
150 219
151 220
152 221
153 222
154 223
155 224
156 225
157 226
158 227
159 228
160 229
161 230
162 231
163 232
164 233
165 234
166 235
167 236
168 237
169 238
170 239
171 240
172 241
173 242
174 243
175 244
176 245
177 246
178 249
179 250
180 251
181 252
182 253
183 254
184 255
185 256
186 257
187 258
188 259
189 260
190 269
191 270
192 271
193 272
194 273
195 274
196 275
197 276
198 289
199 290
200 291
201 292
202 293
203 294
204 309
205 310
206 329
207 330
208 349
209 350
210 351
211 352
212 353
213 354
214 355
215 356
216 369
217 370
218 371
219 372
220 389
221 390
222 391
223 392
224 409
225 410
226 411
227 412
228 429
229 430
230 431
231 432
232 449
233 450
234 451
235 452
236 453
237 454
238 469
239 470
240 471
241 472
242 473
243 474
244 489
245 490
246 491
247 492
248 493
249 494
250 495
251 496
252 497
253 498
254 509
255 510
256 511
257 512
258 513
259 514
260 515
261 516
262 517
263 518
264 519
265 529
266 530
267 531
268 532
269 533
270 534
271 535
272 536
273 537
274 538
275 539
276 540
277 541
278 542
279 543
280 544
281 545
282 549
283 550
284 551
285 552
286 553
287 554
288 555
289 556
290 557
291 558
292 559
293 560
294 561
295 562
296 563
297 564
298 565
299 569
300 570
301 571
302 572
303 573
304 574
305 575
306 576
307 577
308 578
309 579
310 580
311 581
312 582
313 583
314 584
315 585
316 586
317 589
318 590
319 591
320 592
321 593
322 594
323 595
324 596
325 597
326 598
327 599
328 600
329 601
330 602
331 603
332 604
333 609
334 610
335 611
336 612
337 613
338 614
339 615
340 616
341 617
342 618
343 619
344 620
345 621
346 622
347 623
348 624
349 625
350 626
351 627
352 629
353 630
354 631
355 632
356 633
357 634
358 635
359 636
360 637
361 638
362 639
363 640
364 641
365 642
366 643
367 644
368 645
369 649
370 650
371 651
372 652
373 653
374 654
375 655
376 656
377 657
378 658
379 659
380 660
381 661
382 662
383 663
384 664
385 665
386 666
387 669
388 670
389 671
390 672
391 673
392 674
393 675
394 676
395 677
396 678
397 679
398 680
399 681
400 682
401 683
402 684
403 685
404 689
405 690
406 691
407 692
408 693
409 694
410 695
411 696
412 697
413 698
414 699
415 700
416 701
417 702
418 703
419 704
420 709
421 710
422 711
423 712
424 713
425 714
426 715
427 716
428 717
429 718
430 719
431 720
432 721
433 722
434 729
435 730
436 731
437 732
438 733
439 734
440 735
441 736
442 737
443 738
444 739
445 740
446 741
447 742
448 743
449 744
450 745
451 749
452 750
453 751
454 752
455 753
456 754
457 755
458 756
459 757
460 758
461 759
462 760
463 761
464 762
465 763
466 764
467 765
468 769
469 770
470 771
471 772
472 773
473 774
474 775
475 776
476 777
477 778
478 779
479 780
480 781
481 782
482 783
483 784
484 789
485 790
486 791
487 792
488 793
489 794
490 795
491 796
492 797
493 798
494 799
495 800
496 801
497 802
498 803
499 804
500 805
501 806
502 809
503 810
504 811
505 812
506 813
507 814
508 815
509 816
510 817
511 818
512 819
513 820
514 821
515 822
516 823
517 824
518 825
519 826
520 827
521 829
522 830
523 831
524 832
525 833
526 834
527 835
528 836
529 837
530 838
531 839
532 840
533 841
534 842
535 843
536 844
537 845
538 846
539 849
540 850
541 851
542 852
543 853
544 854
545 855
546 856
547 857
548 858
549 859
550 860
551 861
552 862
553 863
554 864
555 865
556 866
557 867
558 869
559 870
560 871
561 872
562 873
563 874
564 875
565 876
566 877
567 878
568 879
569 880
570 881
571 882
572 883
573 884
574 885
575 886
576 887
577 888
578 889
579 890
580 891
581 892
582 893
583 894
584 895
585 896
586 897
587 898
588 899
589 900
590 901
591 902
592 903
593 904
594 905
595 906
596 909
597 910
598 911
599 912
600 913
601 914
602 915
603 916
604 917
605 918
606 919
607 920
608 921
609 922
610 923
611 924
612 929
613 930
614 931
615 932
616 933
617 934
618 935
619 936
620 937
621 938
622 939
623 940
624 941
625 942
626 943
627 944
628 945
629 949
630 950
631 951
632 952
633 953
634 954
635 955
636 956
637 957
638 958
639 959
640 960
641 961
642 962
643 963
644 964
645 965
646 966
647 967
648 969
649 970
650 971
651 972
652 973
653 974
654 975
655 976
656 977
657 978
658 979
659 980
660 981
661 982
662 983
663 984
664 985
665 986
666 989
667 990
668 991
669 992
670 993
671 994
672 995
673 996
674 997
675 998
676 999
677 1000
678 1001
679 1002
680 1003
681 1004
682 1005
683 1006
684 1007
685 1009
686 1010
687 1011
688 1012
689 1013
690 1014
691 1015
692 1016
693 1017
694 1018
695 1019
696 1020
697 1021
698 1022
699 1023
700 1024
701 1025
702 1026
703 1029
704 1030
705 1031
706 1032
707 1033
708 1034
709 1035
710 1036
711 1037
712 1038
713 1039
714 1040
715 1041
716 1042
717 1043
718 1044
719 1045
720 1046
721 1049
722 1050
723 1051
724 1052
725 1053
726 1054
727 1055
728 1056
729 1057
730 1058
731 1059
732 1060
733 1061
734 1062
735 1063
736 1064
737 1065
738 1066
739 1067
740 1069
741 1070
742 1071
743 1072
744 1073
745 1074
746 1075
747 1076
748 1077
749 1078
750 1079
751 1080
752 1081
753 1082
754 1083
755 1084
756 1085
757 1089
758 1090
759 1091
760 1092
761 1093
762 1094
763 1095
764 1096
765 1097
766 1098
767 1099
768 1100
769 1101
770 1102
771 1103
772 1104
773 1105
774 1106
775 1109
776 1110
777 1111
778 1112
779 1113
780 1114
781 1115
782 1116
783 1117
784 1118
785 1119
786 1120
787 1121
788 1122
789 1123
790 1124
791 1125
792 1126
793 1129
794 1130
795 1131
796 1132
797 1133
798 1134
799 1135
800 1136
801 1137
802 1138
803 1139
804 1140
805 1141
806 1142
807 1143
808 1144
809 1145
810 1149
811 1150
812 1151
813 1152
814 1153
815 1154
816 1155
817 1156
818 1157
819 1158
820 1159
821 1160
822 1169
823 1170
824 1171
825 1172
826 1173
827 1174
828 1175
829 1176
830 1177
831 1178
832 1179
833 1180
834 1181
835 1182
836 1183
837 1189
838 1190
839 1191
840 1192
841 1193
842 1194
843 1195
844 1196
845 1197
846 1198
847 1199
848 1200
849 1201
850 1202
851 1203
852 1204
853 1205
854 1209
855 1210
856 1211
857 1212
858 1213
859 1214
860 1215
861 1216
862 1217
863 1218
864 1219
865 1220
866 1221
867 1222
868 1223
869 1229
870 1230
871 1231
872 1232
873 1233
874 1234
875 1235
876 1236
877 1237
878 1238
879 1239
880 1249
881 1250
882 1251
883 1252
884 1253
885 1254
886 1255
887 1256
888 1257
889 1258
890 1259
891 1260
892 1261
893 1262
894 1263
895 1264
896 1265
897 1266
898 1267
899 1269
900 1270
901 1271
902 1272
903 1273
904 1274
905 1275
906 1276
907 1277
908 1278
909 1279
910 1280
911 1281
912 1282
913 1283
914 1284
915 1285
916 1286
917 1289
918 1290
919 1291
920 1292
921 1293
922 1294
923 1295
924 1296
925 1297
926 1298
927 1299
928 1300
929 1301
930 1302
931 1303
932 1304
933 1305
934 1306
935 1309
936 1310
937 1311
938 1312
939 1313
940 1314
941 1315
942 1316
943 1317
944 1318
945 1319
946 1320
947 1321
948 1322
949 1323
950 1329
951 1330
952 1331
953 1332
954 1333
955 1334
956 1335
957 1336
958 1337
959 1338
960 1339
961 1340
962 1341
963 1342
964 1343
965 1344
966 1345
967 1349
968 1350
969 1351
970 1352
971 1353
972 1354
973 1355
974 1356
975 1357
976 1358
977 1359
978 1360
979 1361
980 1362
981 1363
982 1369
983 1370
984 1371
985 1372
986 1373
987 1374
988 1375
989 1376
990 1377
991 1378
992 1379
993 1380
994 1381
995 1382
996 1383
997 1384
998 1385
999 1386
1000 1387
1001 1389
1002 1390
1003 1391
1004 1392
1005 1393
1006 1394
1007 1395
1008 1396
1009 1397
1010 1398
1011 1399
1012 1400
1013 1401
1014 1402
1015 1403
1016 1404
1017 1405
1018 1406
1019 1407
1020 1409
1021 1410
1022 1411
1023 1412
1024 1413
1025 1414
1026 1415
1027 1416
1028 1417
1029 1418
1030 1419
1031 1420
1032 1421
1033 1422
1034 1423
1035 1429
1036 1430
1037 1431
1038 1432
1039 1433
1040 1434
1041 1435
1042 1436
1043 1437
1044 1438
1045 1439
1046 1440
1047 1441
1048 1442
1049 1443
1050 1449
1051 1450
1052 1451
1053 1452
1054 1453
1055 1454
1056 1455
1057 1456
1058 1457
1059 1458
1060 1459
1061 1460
1062 1461
1063 1462
1064 1463
1065 1464
1066 1465
1067 1469
1068 1470
1069 1471
1070 1472
1071 1473
1072 1474
1073 1475
1074 1476
1075 1477
1076 1478
1077 1479
1078 1480
1079 1481
1080 1482
1081 1483
1082 1484
1083 1485
1084 1489
1085 1490
1086 1491
1087 1492
1088 1493
1089 1494
1090 1495
1091 1496
1092 1497
1093 1498
1094 1499
1095 1500
1096 1501
1097 1502
1098 1503
1099 1509
1100 1510
1101 1511
1102 1512
1103 1513
1104 1514
1105 1515
1106 1516
1107 1517
1108 1518
1109 1519
1110 1520
1111 1521
1112 1522
1113 1523
1114 1524
1115 1525
1116 1529
1117 1530
1118 1531
1119 1532
1120 1533
1121 1534
1122 1535
1123 1536
1124 1537
1125 1538
1126 1539
1127 1540
1128 1541
1129 1542
1130 1543
1131 1544
1132 1545
1133 1549
1134 1550
1135 1551
1136 1552
1137 1553
1138 1554
1139 1555
1140 1556
1141 1557
1142 1558
1143 1559
1144 1560
1145 1561
1146 1562
1147 1563
1148 1564
1149 1565
1150 1566
1151 1569
1152 1570
1153 1571
1154 1572
1155 1573
1156 1574
1157 1589
1158 1590
1159 1609
1160 1610
1161 1611
1162 1612
1163 1613
1164 1614
1165 1629
1166 1630
1167 1631
1168 1632
1169 1633
1170 1634
1171 1635
1172 1636
1173 1637
1174 1638
1175 1639
1176 1640
1177 1641
1178 1649
1179 1650
1180 1651
1181 1652
1182 1653
1183 1654
1184 1655
1185 1656
1186 1657
1187 1669
1188 1670
1189 1671
1190 1672
1191 1673
1192 1674
1193 1675
1194 1676
1195 1677
1196 1678
1197 1679
1198 1689
1199 1690
1200 1709
1201 1710
1202 1711
1203 1729
1204 1730
1205 1731
1206 1732
1207 1733
1208 1734
1209 1749
1210 1750
1211 1751
1212 1752
1213 1753
1214 1754
1215 1755
1216 1756
1217 1757
1218 1758
1219 1769
1220 1770
1221 1771
1222 1772
1223 1773
1224 1774
1225 1775
1226 1776
1227 1777
1228 1778
1229 1779
1230 1780
1231 1781
1232 1782
1233 1783
1234 1784
1235 1785
1236 1789
1237 1790
1238 1791
1239 1792
1240 1793
1241 1794
1242 1795
1243 1796
1244 1797
1245 1798
1246 1799
1247 1809
1248 1810
1249 1811
1250 1812
1251 1829
1252 1830
1253 1831
1254 1832
1255 1833
1256 1834
1257 1835
1258 1836
1259 1837
1260 1838
1261 1849
1262 1850
1263 1851
1264 1852
1265 1853
1266 1854
1267 1855
1268 1856
1269 1857
1270 1858
1271 1859
1272 1860
1273 1861
1274 1862
1275 1869
1276 1870
1277 1871
1278 1872
1279 1873
1280 1874
1281 1875
1282 1876
1283 1877
1284 1878
1285 1879
1286 1880
1287 1881
1288 1882
1289 1883
1290 1884
1291 1885
1292 1886
1293 1889
1294 1890
1295 1891
1296 1892
1297 1893
1298 1894
1299 1895
1300 1896
1301 1897
1302 1898
1303 1899
1304 1900
1305 1901
1306 1902
1307 1903
1308 1904
1309 1905
1310 1909
1311 1910
1312 1911
1313 1912
1314 1913
1315 1914
1316 1915
1317 1916
1318 1917
1319 1918
1320 1919
1321 1920
1322 1929
1323 1930
1324 1931
1325 1932
1326 1933
1327 1934
1328 1935
1329 1936
1330 1937
1331 1938
1332 1939
1333 1940
1334 1941
1335 1942
1336 1943
1337 1944
1338 1945
1339 1949
1340 1950
1341 1951
1342 1969
1343 1970
1344 1971
1345 1972
1346 1989
1347 1990
1348 1991
1349 1992
1350 2009
1351 2010
1352 2011
1353 2012
1354 2013
1355 2014
1356 2029
1357 2030
1358 2031
1359 2032
1360 2033
1361 2034
1362 2035
1363 2036
1364 2037
1365 2038
1366 2039
1367 2040
1368 2041
1369 2042
1370 2043
1371 2049
1372 2050
1373 2069
1374 2070
1375 2089
1376 2090
1377 2091
1378 2092
1379 2109
1380 2110
1381 2111
1382 2112
1383 2113
1384 2114
1385 2115
1386 2129
1387 2130
1388 2131
1389 2132
1390 2133
1391 2134
1392 2135
1393 2136
