0 0
1 1
2 2
3 3
4 4
5 5
6 6
7 7
8 8
9 9
10 10
11 11
12 17
13 18
14 19
15 20
16 21
17 22
18 23
19 24
20 25
21 37
22 38
23 39
24 40
25 41
26 42
27 43
28 44
29 45
30 46
31 47
32 57
33 58
34 59
35 60
36 61
37 62
38 63
39 64
40 65
41 66
42 67
43 77
44 78
45 79
46 80
47 81
48 82
49 83
50 84
51 85
52 97
53 98
54 99
55 100
56 101
57 102
58 103
59 104
60 105
61 106
62 107
63 108
64 109
65 117
66 118
67 119
68 120
69 121
70 122
71 123
72 124
73 125
74 126
75 137
76 138
77 139
78 140
79 141
80 142
81 143
82 144
83 145
84 146
85 147
86 148
87 149
88 157
89 158
90 159
91 160
92 161
93 162
94 163
95 164
96 165
97 166
98 167
99 168
100 169
101 177
102 178
103 179
104 180
105 181
106 182
107 183
108 184
109 185
110 186
111 187
112 188
113 189
114 197
115 198
116 199
117 200
118 201
119 202
120 203
121 204
122 205
123 206
124 207
125 217
126 218
127 219
128 220
129 221
130 222
131 223
132 224
133 225
134 226
135 227
136 228
137 229
138 230
139 231
140 237
141 238
142 239
143 240
144 241
145 242
146 243
147 244
148 257
149 258
150 259
151 260
152 261
153 262
154 263
155 264
156 265
157 266
158 277
159 278
160 279
161 280
162 281
163 282
164 283
165 284
166 285
167 286
168 287
169 288
170 297
171 298
172 299
173 300
174 301
175 302
176 303
177 304
178 305
179 317
180 318
181 319
182 320
183 321
184 337
185 338
186 339
187 340
188 341
189 342
190 343
191 344
192 345
193 346
194 357
195 358
196 359
197 360
198 361
199 362
200 363
201 364
202 365
203 366
204 367
205 377
206 378
207 379
208 380
209 381
210 382
211 383
212 384
213 385
214 386
215 387
216 397
217 398
218 399
219 400
220 401
221 402
222 403
223 404
224 417
225 418
226 419
227 420
228 421
229 422
230 423
231 424
232 437
233 438
234 439
235 440
236 441
237 442
238 443
239 457
240 458
241 459
242 460
243 461
244 462
245 463
246 464
247 465
248 466
249 467
250 477
251 478
252 479
253 480
254 481
255 482
256 483
257 484
258 485
259 486
260 497
261 498
262 499
263 500
264 501
265 502
266 503
267 504
268 505
269 506
270 507
271 508
272 517
273 518
274 519
275 520
276 521
277 522
278 523
279 524
280 525
281 526
282 527
283 528
284 529
285 530
286 531
287 537
288 538
289 539
290 540
291 541
292 542
293 543
294 544
295 545
296 546
297 547
298 557
299 558
300 559
301 560
302 561
303 562
304 563
305 564
306 565
307 577
308 578
309 579
310 580
311 581
312 582
313 583
314 584
315 585
316 586
317 587
318 588
319 589
320 597
321 598
322 599
323 600
324 601
325 602
326 603
327 604
328 605
329 606
330 607
331 608
332 609
333 610
334 617
335 618
336 619
337 620
338 621
339 622
340 623
341 624
342 625
343 626
344 627
345 637
346 638
347 639
348 640
349 641
350 642
351 643
352 644
353 645
354 646
355 647
356 648
357 649
358 650
359 657
360 658
361 659
362 660
363 661
364 662
365 663
366 664
367 665
368 666
369 667
370 668
371 677
372 678
373 679
374 680
375 681
376 682
377 683
378 684
379 685
380 686
381 687
382 697
383 698
384 699
385 700
386 701
387 702
388 703
389 704
390 705
391 706
392 707
393 708
394 709
395 717
396 718
397 719
398 720
399 721
400 722
401 723
402 724
403 725
404 726
405 727
406 728
407 737
408 738
409 739
410 740
411 741
412 742
413 743
414 744
415 745
416 746
417 747
418 748
419 749
420 750
421 757
422 758
423 759
424 760
425 761
426 762
427 763
428 764
429 765
430 766
431 767
432 768
433 769
434 777
435 778
436 779
437 780
438 781
439 782
440 783
441 784
442 785
443 786
444 787
445 788
446 789
447 797
448 798
449 799
450 800
451 801
452 802
453 803
454 804
455 805
456 806
457 807
458 808
459 809
460 810
461 817
462 818
463 819
464 820
465 821
466 822
467 823
468 824
469 825
470 826
471 827
472 828
473 837
474 838
475 839
476 840
477 841
478 842
479 843
480 844
481 845
482 846
483 847
484 857
485 858
486 859
487 860
488 861
489 862
490 863
491 864
492 865
493 866
494 877
495 878
496 879
497 880
