0 0
1 1
2 4
3 5
4 6
5 7
6 8
7 9
8 10
9 11
10 24
11 25
12 26
13 27
14 28
15 29
16 30
17 31
18 32
19 33
20 44
21 45
22 46
23 47
24 48
25 49
26 50
27 64
28 65
29 66
30 67
31 68
32 69
33 70
34 71
35 72
36 73
37 74
38 75
39 76
40 77
41 78
42 84
43 85
44 86
45 87
46 88
47 89
48 90
49 91
50 92
51 93
52 94
53 95
54 96
55 97
56 104
57 105
58 106
59 107
60 108
61 109
62 110
63 111
64 112
65 113
66 114
67 115
68 116
69 117
70 118
71 124
72 125
73 126
74 127
75 128
76 129
77 130
78 131
79 132
80 133
81 134
82 144
83 145
84 146
85 147
86 148
87 149
88 150
89 151
90 152
91 153
92 154
93 164
94 165
95 166
96 167
97 168
98 169
99 170
100 171
101 172
102 173
103 174
104 175
105 176
106 184
107 185
108 186
109 187
110 188
111 189
112 190
113 191
114 204
115 205
116 206
117 207
118 208
119 209
120 210
121 224
122 225
123 226
124 227
125 228
126 229
127 230
128 231
129 232
130 233
131 244
132 245
133 246
134 247
135 248
136 249
137 250
138 251
139 252
140 253
141 254
142 255
143 264
144 265
145 266
146 267
147 268
148 269
149 270
150 271
151 272
152 273
153 284
154 285
155 286
156 287
157 288
158 289
159 290
160 291
161 292
162 293
163 294
164 295
165 304
166 305
167 306
168 307
169 308
170 309
171 310
172 311
173 312
174 313
175 314
176 324
177 325
178 326
179 327
180 328
181 329
182 330
183 331
184 332
185 333
186 334
187 335
188 336
189 344
190 345
191 346
192 347
193 348
194 349
195 350
196 351
197 352
198 353
199 354
200 355
201 356
202 357
203 364
204 365
205 366
206 367
207 368
208 369
209 370
210 371
211 372
212 373
213 384
214 385
215 386
216 387
217 388
218 389
219 390
220 391
221 392
222 393
223 394
224 395
225 396
226 404
227 405
228 406
229 407
230 408
231 409
232 410
233 411
234 412
235 413
236 414
237 415
238 424
239 425
240 426
241 427
242 428
243 429
244 430
245 431
246 432
247 433
248 434
249 435
250 436
251 437
252 438
253 439
254 444
255 445
256 446
257 447
258 448
259 449
260 450
261 451
262 464
263 465
264 466
265 467
266 468
267 469
268 470
269 471
270 472
271 473
272 474
273 475
274 484
275 485
276 486
277 487
278 488
279 489
280 490
281 491
282 492
283 493
284 504
285 505
286 506
287 507
288 508
289 509
290 510
291 511
292 512
293 513
294 514
295 515
296 516
297 524
298 525
299 526
300 527
301 528
302 529
303 530
304 531
305 532
306 533
307 534
308 535
309 536
310 537
311 538
312 539
313 544
314 545
315 546
316 547
317 548
318 549
319 550
320 551
321 552
322 553
323 554
324 555
325 556
326 557
327 558
328 559
329 560
330 564
331 565
332 566
333 567
334 568
335 569
336 570
337 571
338 572
339 573
340 574
341 575
342 576
343 577
344 584
345 585
346 586
347 587
348 588
349 589
350 590
351 591
352 592
353 593
354 594
355 595
356 596
357 604
358 605
359 606
360 607
361 608
362 609
363 610
364 611
365 612
366 613
367 614
368 615
369 616
370 617
371 624
372 625
373 626
374 627
375 628
376 629
377 630
378 631
379 632
380 633
381 634
382 635
383 644
384 645
385 646
386 647
387 648
388 649
389 650
390 651
391 652
392 653
393 654
394 655
395 664
396 665
397 666
398 667
399 668
400 669
401 670
402 671
403 672
404 673
405 674
406 675
407 684
408 685
409 686
410 687
411 688
412 689
413 690
414 691
415 692
416 693
417 694
418 695
419 696
420 697
421 704
422 705
423 706
424 707
425 708
426 709
427 710
428 711
429 712
430 713
431 714
432 715
433 716
434 717
435 718
436 724
437 725
438 726
439 727
440 728
441 729
442 730
443 731
444 732
445 733
446 734
447 744
448 745
449 746
450 747
451 748
452 749
453 750
454 751
455 752
456 753
457 754
458 755
459 756
460 764
461 765
462 766
463 767
464 768
465 769
466 770
467 771
468 772
469 773
470 774
471 775
472 776
473 784
474 785
475 786
476 787
477 788
478 789
479 790
480 791
481 792
482 793
483 804
484 805
485 806
486 807
487 808
488 809
489 810
490 811
491 812
492 813
493 814
494 815
495 816
496 817
497 818
498 819
499 824
500 825
501 826
502 827
503 828
504 829
505 830
506 831
507 832
508 833
509 834
510 835
511 836
512 837
513 838
514 839
515 840
516 841
517 844
518 845
519 846
520 847
521 848
522 849
523 850
524 851
525 864
526 865
527 866
528 867
529 868
530 869
531 870
532 871
533 872
534 873
535 874
536 875
537 876
538 877
539 878
540 879
541 884
542 885
543 886
544 887
545 888
546 889
547 890
548 891
549 892
550 893
551 894
552 895
553 896
554 897
555 898
556 899
557 900
558 904
559 905
560 906
561 907
562 908
563 909
564 924
565 925
566 926
567 927
568 928
569 929
570 930
571 931
572 932
573 933
574 934
575 935
576 944
577 945
578 946
579 947
580 948
581 949
582 950
583 951
584 952
585 953
586 954
587 955
588 964
589 965
590 966
591 967
592 968
593 969
594 970
595 971
596 972
597 973
598 974
599 975
600 984
601 985
602 986
603 987
604 988
605 989
606 990
607 991
608 992
609 993
610 994
611 995
612 1004
613 1005
614 1006
615 1007
616 1008
617 1009
618 1010
619 1011
620 1012
621 1013
622 1014
623 1015
624 1024
625 1025
626 1026
627 1027
628 1028
629 1029
630 1030
631 1031
632 1032
633 1033
634 1034
635 1035
636 1036
637 1044
638 1045
639 1046
640 1047
641 1048
642 1049
643 1050
644 1051
645 1052
646 1053
647 1054
648 1055
649 1064
650 1065
651 1066
652 1067
653 1068
654 1069
655 1070
656 1071
657 1072
658 1073
659 1074
660 1084
661 1085
662 1086
663 1087
664 1088
665 1089
666 1090
667 1091
668 1092
669 1093
670 1094
671 1104
672 1105
673 1106
674 1107
675 1108
676 1109
677 1110
678 1111
679 1112
680 1113
681 1114
682 1115
683 1124
684 1125
685 1126
686 1127
687 1128
688 1129
689 1130
690 1131
691 1144
692 1145
693 1146
694 1147
695 1148
696 1149
697 1150
698 1151
699 1152
700 1153
701 1154
702 1164
703 1165
704 1166
705 1167
706 1168
707 1169
708 1170
709 1171
710 1172
711 1173
712 1174
713 1175
714 1184
715 1185
716 1186
717 1187
718 1188
719 1189
720 1190
721 1191
722 1192
723 1193
724 1194
725 1204
726 1205
727 1206
728 1207
729 1208
730 1209
731 1210
732 1211
733 1212
734 1213
735 1214
736 1224
737 1225
738 1226
739 1227
740 1228
741 1229
742 1230
743 1244
744 1245
745 1246
746 1247
747 1248
748 1249
749 1250
750 1251
751 1252
752 1253
753 1254
754 1264
755 1265
756 1266
757 1267
758 1268
759 1269
760 1270
761 1271
762 1272
763 1273
764 1274
765 1275
766 1284
767 1285
768 1286
769 1287
770 1288
771 1289
772 1290
773 1291
774 1292
775 1293
776 1294
777 1304
778 1305
779 1306
780 1307
781 1308
782 1309
783 1310
784 1311
785 1312
786 1313
787 1324
788 1325
789 1326
790 1327
791 1328
792 1329
793 1330
794 1331
795 1332
796 1333
797 1334
798 1335
799 1336
800 1344
801 1345
802 1346
803 1347
804 1348
805 1349
806 1350
807 1351
808 1352
809 1353
810 1354
811 1355
812 1356
813 1357
814 1364
815 1365
816 1366
817 1367
818 1368
819 1369
820 1370
821 1384
822 1385
823 1386
824 1387
825 1388
826 1389
827 1390
828 1404
829 1405
830 1406
831 1407
832 1408
833 1409
834 1410
835 1411
836 1412
837 1413
838 1414
839 1415
840 1424
841 1425
842 1426
843 1427
844 1428
845 1429
846 1430
847 1431
848 1432
849 1433
850 1434
851 1444
852 1445
853 1446
854 1447
855 1448
856 1449
857 1450
858 1451
859 1452
860 1453
861 1454
862 1464
863 1465
864 1466
865 1467
866 1468
867 1469
868 1470
869 1471
870 1472
871 1473
872 1474
873 1475
874 1476
875 1477
876 1484
877 1485
878 1486
879 1487
880 1488
881 1489
882 1490
883 1491
884 1492
885 1493
886 1494
887 1495
888 1504
889 1505
890 1506
891 1507
892 1508
893 1509
894 1510
895 1511
896 1512
897 1513
898 1514
899 1515
900 1516
901 1517
902 1524
903 1525
904 1526
905 1527
906 1528
907 1529
908 1530
909 1531
910 1532
911 1533
912 1534
913 1544
914 1545
915 1546
916 1547
917 1548
918 1549
919 1550
920 1564
921 1565
922 1566
923 1567
924 1568
925 1569
926 1570
927 1571
928 1572
929 1573
930 1574
931 1575
932 1576
933 1584
934 1585
935 1586
936 1587
937 1588
938 1589
939 1590
940 1591
941 1592
942 1593
943 1594
944 1604
945 1605
946 1606
947 1607
948 1608
949 1609
950 1610
951 1611
952 1612
953 1624
954 1625
955 1626
956 1627
957 1628
958 1629
959 1630
960 1631
961 1632
962 1644
963 1645
964 1646
965 1647
966 1648
967 1649
968 1650
969 1651
970 1652
971 1653
972 1654
973 1655
974 1664
975 1665
976 1666
977 1667
978 1668
979 1669
980 1670
981 1671
982 1684
983 1685
984 1686
985 1687
986 1688
987 1689
988 1690
989 1691
990 1692
991 1693
992 1694
993 1695
994 1704
995 1705
996 1706
997 1707
998 1708
999 1709
1000 1710
1001 1711
1002 1712
1003 1713
1004 1714
1005 1715
1006 1716
1007 1724
1008 1725
1009 1726
1010 1727
1011 1728
1012 1729
1013 1730
1014 1731
1015 1732
1016 1733
1017 1734
1018 1735
1019 1736
1020 1737
1021 1744
1022 1745
1023 1746
1024 1747
1025 1748
1026 1749
1027 1750
1028 1751
1029 1752
1030 1753
1031 1754
1032 1755
1033 1756
1034 1757
1035 1758
1036 1759
1037 1764
1038 1765
1039 1766
1040 1767
1041 1768
1042 1769
1043 1770
1044 1771
1045 1772
1046 1773
1047 1774
1048 1775
1049 1776
1050 1784
1051 1785
1052 1786
1053 1787
1054 1788
1055 1789
1056 1790
1057 1791
1058 1792
1059 1793
1060 1794
1061 1795
1062 1796
1063 1797
1064 1804
1065 1805
1066 1806
1067 1807
1068 1808
1069 1809
1070 1810
1071 1811
1072 1812
1073 1813
1074 1814
1075 1824
1076 1825
1077 1826
1078 1827
1079 1828
1080 1829
1081 1830
1082 1831
1083 1832
1084 1833
1085 1834
1086 1835
1087 1844
1088 1845
1089 1846
1090 1847
1091 1864
1092 1865
1093 1866
1094 1867
1095 1868
1096 1869
1097 1870
1098 1871
1099 1872
1100 1873
1101 1874
1102 1875
1103 1884
1104 1885
1105 1886
1106 1887
1107 1888
1108 1889
1109 1890
1110 1891
1111 1892
1112 1893
1113 1904
1114 1905
1115 1906
1116 1907
1117 1908
1118 1909
1119 1910
1120 1924
1121 1925
1122 1926
1123 1927
1124 1928
1125 1929
1126 1930
1127 1931
1128 1932
1129 1933
1130 1934
1131 1935
1132 1936
1133 1944
1134 1945
1135 1946
1136 1947
1137 1948
1138 1949
1139 1950
1140 1951
1141 1952
1142 1953
1143 1954
1144 1955
1145 1964
1146 1965
1147 1966
1148 1967
1149 1968
1150 1969
1151 1970
1152 1971
1153 1972
1154 1973
1155 1984
1156 1985
1157 1986
1158 1987
1159 1988
1160 1989
1161 1990
1162 1991
1163 1992
1164 2004
1165 2005
1166 2006
1167 2007
1168 2024
1169 2025
1170 2026
1171 2027
1172 2028
1173 2029
1174 2030
1175 2031
1176 2032
1177 2033
1178 2034
1179 2044
1180 2045
1181 2046
1182 2047
1183 2048
1184 2049
1185 2050
1186 2051
1187 2052
1188 2053
1189 2054
1190 2055
1191 2056
1192 2057
1193 2058
1194 2064
1195 2065
1196 2066
1197 2067
1198 2068
1199 2069
1200 2070
1201 2071
1202 2072
1203 2073
1204 2074
1205 2075
1206 2076
1207 2077
1208 2078
1209 2084
1210 2085
1211 2086
1212 2087
1213 2088
1214 2089
1215 2090
1216 2091
1217 2092
1218 2093
1219 2104
1220 2105
1221 2106
1222 2107
1223 2108
1224 2109
1225 2110
1226 2111
1227 2112
1228 2113
1229 2114
1230 2115
1231 2116
1232 2124
1233 2125
1234 2126
1235 2127
1236 2128
1237 2129
1238 2130
1239 2131
1240 2132
1241 2133
1242 2134
1243 2135
1244 2144
1245 2145
1246 2146
1247 2147
1248 2148
1249 2149
1250 2150
1251 2151
1252 2152
1253 2153
1254 2154
1255 2164
1256 2165
1257 2166
1258 2167
1259 2168
1260 2169
1261 2170
1262 2171
1263 2172
1264 2173
1265 2174
1266 2175
1267 2176
1268 2184
1269 2185
1270 2186
1271 2187
1272 2188
1273 2189
1274 2190
1275 2191
1276 2192
1277 2193
1278 2194
1279 2195
1280 2196
1281 2197
1282 2198
1283 2199
1284 2204
1285 2205
1286 2206
1287 2207
1288 2208
1289 2209
1290 2210
1291 2211
1292 2212
1293 2213
1294 2214
1295 2215
1296 2216
1297 2224
1298 2225
1299 2226
1300 2227
1301 2228
1302 2229
1303 2230
1304 2231
1305 2244
1306 2245
1307 2246
1308 2247
1309 2248
1310 2249
1311 2250
1312 2251
1313 2252
1314 2253
1315 2254
1316 2255
1317 2264
1318 2265
1319 2266
1320 2267
1321 2268
1322 2284
1323 2285
1324 2286
1325 2287
1326 2304
1327 2305
1328 2306
1329 2307
1330 2308
1331 2309
1332 2310
1333 2311
1334 2312
1335 2313
1336 2314
1337 2315
1338 2316
1339 2317
1340 2324
1341 2325
1342 2326
1343 2327
1344 2328
1345 2329
1346 2330
1347 2331
1348 2332
1349 2333
1350 2334
1351 2344
1352 2345
1353 2346
1354 2347
1355 2348
1356 2349
1357 2350
1358 2351
1359 2352
1360 2353
1361 2354
1362 2364
1363 2365
1364 2366
1365 2367
1366 2368
1367 2369
1368 2370
1369 2371
1370 2372
1371 2373
1372 2374
1373 2375
1374 2376
1375 2377
1376 2378
1377 2384
1378 2385
1379 2386
1380 2387
1381 2388
1382 2389
1383 2390
1384 2391
1385 2392
1386 2393
1387 2394
1388 2395
1389 2396
1390 2397
1391 2404
1392 2405
1393 2406
1394 2407
1395 2408
1396 2409
1397 2410
1398 2411
1399 2412
1400 2413
1401 2414
1402 2415
1403 2424
1404 2425
1405 2426
1406 2427
1407 2428
1408 2429
1409 2430
1410 2431
1411 2432
1412 2444
