0 0
1 6
2 7
3 8
4 9
5 10
6 11
7 12
8 13
9 14
10 15
11 16
12 17
13 18
14 26
15 27
16 28
17 29
18 30
19 31
20 32
21 33
22 34
23 35
24 36
25 46
26 47
27 48
28 49
29 50
30 51
31 52
32 53
33 54
34 55
35 56
36 57
37 66
38 67
39 68
40 69
41 70
42 71
43 72
44 73
45 74
46 86
47 87
48 88
49 89
50 90
51 91
52 92
53 93
54 94
55 95
56 96
57 97
58 98
59 99
60 106
61 107
62 108
63 109
64 110
65 111
66 112
67 113
68 114
69 115
70 116
71 117
72 126
73 127
74 128
75 129
76 130
77 131
78 132
79 133
80 134
81 135
82 136
83 137
84 138
85 139
86 146
87 147
88 148
89 149
90 150
91 151
92 152
93 153
94 154
95 155
96 156
97 157
98 166
99 167
100 168
101 169
102 170
103 171
104 172
105 173
106 174
107 175
108 176
109 177
110 178
111 186
112 187
113 188
114 189
115 190
116 191
117 192
118 193
119 194
120 195
121 196
122 197
123 198
124 199
125 206
126 207
127 208
128 209
129 210
130 211
131 212
132 213
133 214
134 226
135 227
136 228
137 229
138 230
139 231
140 232
141 233
142 234
143 235
144 236
145 237
146 238
147 246
148 247
149 248
150 249
151 250
152 251
153 252
154 253
155 254
156 255
157 256
158 257
159 258
160 266
161 267
162 268
163 269
164 270
165 271
166 272
167 273
168 274
169 275
170 276
171 277
172 278
173 286
174 287
175 288
176 289
177 290
178 291
179 292
180 293
181 294
182 295
183 296
184 297
185 306
186 307
187 308
188 309
189 310
190 311
191 312
192 313
193 314
194 315
195 316
196 317
197 318
198 319
199 320
200 321
201 326
202 327
203 328
204 329
205 330
206 331
207 332
208 333
209 334
210 335
211 346
212 347
213 348
214 349
215 350
216 351
217 352
218 353
219 354
220 355
221 366
222 367
223 368
224 369
225 370
226 371
227 372
228 373
229 374
230 375
231 376
232 377
233 386
234 387
235 388
236 389
237 390
238 391
239 392
240 393
241 394
242 395
243 396
244 397
245 406
246 407
247 408
248 409
249 410
250 411
251 412
252 413
253 414
254 415
255 426
256 427
257 428
258 429
259 430
260 431
261 432
262 433
263 434
264 446
265 447
266 448
267 449
268 450
269 451
270 452
271 453
272 454
273 455
274 456
275 457
276 458
277 459
278 466
279 467
280 468
281 469
282 470
283 471
284 472
285 486
286 487
287 488
288 489
289 490
290 491
291 492
292 493
293 494
294 495
295 506
296 507
297 508
298 509
299 510
300 511
301 512
302 513
303 514
304 515
305 516
306 517
307 518
308 519
309 526
310 527
311 528
312 529
313 530
314 531
315 532
316 533
317 534
318 535
319 536
320 537
321 538
322 539
323 540
324 546
325 547
326 548
327 549
328 550
329 551
330 552
331 553
332 554
333 555
334 556
335 557
336 558
337 559
338 566
339 567
340 568
341 569
342 570
343 571
344 572
345 573
346 574
347 586
348 587
349 588
350 589
351 590
352 591
353 592
354 593
355 594
356 595
357 596
358 597
359 598
360 599
361 600
362 601
363 606
364 607
365 608
366 609
367 610
368 611
369 612
370 613
371 614
372 615
373 616
374 617
375 626
376 627
377 628
378 629
379 630
380 631
381 632
382 633
383 634
384 635
385 646
386 647
387 648
388 649
389 650
390 651
391 652
392 653
393 654
394 655
395 656
396 657
397 666
398 667
399 668
400 669
401 670
402 671
403 672
404 673
405 674
406 675
407 676
408 677
409 678
410 679
411 686
412 687
413 688
414 689
415 690
416 691
417 692
418 693
419 694
420 695
421 696
422 697
423 706
424 707
425 708
426 709
427 710
428 711
429 712
430 713
431 714
432 715
433 716
434 717
435 718
436 719
437 726
438 727
439 728
440 729
441 730
442 731
443 732
444 733
445 734
446 735
447 736
448 737
449 738
450 746
451 747
452 748
453 749
454 750
455 751
456 752
457 753
458 754
459 755
460 756
461 766
462 767
463 768
464 769
465 770
466 771
467 772
468 773
469 774
470 775
471 776
472 777
473 786
474 787
475 788
476 789
477 790
478 791
479 792
480 793
481 794
482 795
483 796
484 797
485 806
486 807
487 808
488 809
489 810
490 811
491 812
492 813
493 814
494 815
495 816
496 817
497 818
498 819
499 820
500 821
501 826
502 827
503 828
504 829
505 830
506 831
507 832
508 833
509 834
510 835
511 836
512 846
513 847
514 848
515 849
516 850
517 851
518 852
519 853
520 854
521 855
522 856
523 857
524 866
525 867
526 868
527 869
528 870
529 871
530 872
531 873
532 874
533 875
534 886
535 887
536 888
537 889
538 890
539 891
540 892
541 893
542 894
543 895
544 896
545 897
546 898
547 899
548 906
549 907
550 908
551 909
552 910
553 911
554 912
555 913
556 914
557 915
558 916
559 917
560 918
561 919
562 920
563 921
564 922
565 926
566 927
567 928
568 929
569 930
570 931
571 932
572 933
573 934
574 935
575 936
576 937
577 946
578 947
579 948
580 949
581 950
582 951
583 952
584 953
585 954
586 955
587 956
588 966
589 967
590 968
591 969
592 970
593 971
594 972
595 973
596 974
597 975
598 976
599 977
600 978
601 979
602 980
603 981
604 986
605 987
606 988
607 989
608 990
609 991
610 992
611 993
612 994
613 995
614 996
615 997
616 998
617 999
618 1006
619 1007
620 1008
621 1009
622 1010
623 1011
624 1012
625 1013
626 1014
627 1015
628 1016
629 1017
630 1018
631 1019
632 1020
633 1021
634 1022
635 1026
636 1027
637 1028
638 1029
639 1030
640 1031
641 1032
642 1033
643 1034
644 1035
645 1036
646 1037
647 1038
648 1039
649 1040
650 1046
651 1047
652 1048
653 1049
654 1050
655 1051
656 1052
657 1066
658 1067
659 1068
660 1069
661 1070
662 1071
663 1072
664 1073
665 1074
666 1075
667 1076
668 1086
669 1087
670 1088
671 1089
672 1090
673 1091
674 1092
675 1093
676 1094
677 1095
678 1096
679 1097
680 1098
681 1106
682 1107
683 1108
684 1109
685 1110
686 1111
687 1112
688 1113
689 1114
690 1115
691 1116
692 1117
693 1118
694 1126
695 1127
696 1128
697 1129
698 1130
699 1131
700 1132
701 1133
702 1134
703 1135
704 1136
705 1137
706 1146
707 1147
708 1148
709 1149
710 1150
711 1151
712 1152
713 1153
714 1154
715 1155
716 1156
717 1166
718 1167
719 1168
720 1169
721 1170
722 1171
723 1172
724 1173
725 1174
726 1186
727 1187
728 1188
729 1189
730 1190
731 1191
732 1192
733 1193
734 1194
735 1195
736 1196
737 1197
738 1198
739 1199
740 1206
741 1207
742 1208
743 1209
744 1210
745 1211
746 1212
747 1213
748 1214
749 1215
750 1216
751 1217
752 1218
753 1226
754 1227
755 1228
756 1229
757 1230
758 1231
759 1232
760 1233
761 1234
762 1235
763 1236
764 1237
765 1238
766 1246
767 1247
768 1248
769 1249
770 1250
771 1251
772 1252
773 1253
774 1254
775 1255
776 1256
777 1257
778 1258
779 1259
780 1260
781 1266
782 1267
783 1268
784 1269
785 1270
786 1271
787 1272
788 1273
789 1274
790 1275
791 1276
792 1286
793 1287
794 1288
795 1289
796 1290
797 1291
798 1292
799 1293
800 1294
801 1295
802 1296
803 1297
804 1298
805 1306
806 1307
807 1308
808 1309
809 1310
810 1311
811 1312
812 1313
813 1314
814 1315
815 1316
816 1317
817 1318
818 1319
819 1326
820 1327
821 1328
822 1329
823 1330
824 1331
825 1332
826 1333
827 1334
828 1335
829 1336
830 1337
831 1346
832 1347
833 1348
834 1349
835 1350
836 1351
837 1352
838 1353
839 1354
840 1355
841 1356
842 1366
843 1367
844 1368
845 1369
846 1370
847 1371
848 1372
849 1373
850 1374
851 1375
852 1376
853 1377
854 1378
855 1379
856 1380
857 1386
858 1387
859 1388
860 1389
861 1390
862 1391
863 1392
864 1393
865 1394
866 1395
867 1396
868 1397
869 1398
870 1406
871 1407
872 1408
873 1409
874 1410
875 1411
876 1412
877 1413
878 1414
879 1415
880 1416
881 1417
882 1418
883 1426
884 1427
885 1428
886 1429
887 1430
888 1431
889 1432
890 1433
891 1434
892 1435
893 1436
894 1437
895 1438
896 1446
897 1447
898 1448
899 1449
900 1450
901 1451
902 1452
903 1453
904 1454
905 1455
906 1456
907 1457
908 1458
909 1459
910 1466
911 1467
912 1468
913 1469
914 1470
915 1471
916 1472
917 1473
918 1474
919 1475
920 1476
921 1477
922 1478
923 1486
924 1487
925 1488
926 1489
927 1490
928 1491
929 1492
930 1493
931 1494
932 1506
933 1507
934 1508
935 1509
936 1510
937 1511
938 1512
939 1513
940 1514
941 1515
942 1516
943 1526
944 1527
945 1528
946 1529
947 1530
948 1531
949 1532
950 1533
951 1534
952 1546
953 1547
954 1548
955 1549
956 1550
957 1551
958 1552
959 1553
960 1554
961 1555
962 1556
963 1557
964 1566
965 1567
966 1568
967 1569
968 1570
969 1571
970 1572
971 1573
972 1574
973 1575
974 1576
975 1577
976 1578
977 1579
978 1586
979 1587
980 1588
981 1589
982 1590
983 1591
984 1592
985 1593
986 1594
987 1606
988 1607
989 1608
990 1609
991 1610
992 1611
993 1612
994 1613
995 1614
996 1615
997 1616
998 1617
999 1618
1000 1619
1001 1626
1002 1627
1003 1628
1004 1629
1005 1630
1006 1631
1007 1632
1008 1633
1009 1646
1010 1647
1011 1648
1012 1649
1013 1650
1014 1651
1015 1652
1016 1653
1017 1654
1018 1655
1019 1656
1020 1657
1021 1658
1022 1666
1023 1667
1024 1668
1025 1669
1026 1670
1027 1671
1028 1672
1029 1673
1030 1674
1031 1675
1032 1676
1033 1677
1034 1686
1035 1687
1036 1688
1037 1689
1038 1690
1039 1691
1040 1692
1041 1706
1042 1707
1043 1708
1044 1709
1045 1710
1046 1711
1047 1712
1048 1713
1049 1714
1050 1715
1051 1716
1052 1717
1053 1718
1054 1719
1055 1720
1056 1726
1057 1727
1058 1728
1059 1729
1060 1730
1061 1731
1062 1732
1063 1733
1064 1734
1065 1735
1066 1736
1067 1737
1068 1738
1069 1739
1070 1746
1071 1747
1072 1748
1073 1749
1074 1750
1075 1751
1076 1752
1077 1753
1078 1754
1079 1766
1080 1767
1081 1768
1082 1769
1083 1770
1084 1771
1085 1772
1086 1773
1087 1774
1088 1775
1089 1776
1090 1777
1091 1786
1092 1787
1093 1788
1094 1789
1095 1790
1096 1791
1097 1792
1098 1793
1099 1794
1100 1795
1101 1796
1102 1797
1103 1798
1104 1799
1105 1800
1106 1801
1107 1806
1108 1807
1109 1808
1110 1809
1111 1810
1112 1811
1113 1812
1114 1813
1115 1814
1116 1815
1117 1816
1118 1817
1119 1826
1120 1827
1121 1828
1122 1829
1123 1830
1124 1831
1125 1832
1126 1833
1127 1834
1128 1835
1129 1836
1130 1837
1131 1846
1132 1847
1133 1848
1134 1849
1135 1850
1136 1851
1137 1852
1138 1853
1139 1854
1140 1855
1141 1856
1142 1857
1143 1858
1144 1859
1145 1860
1146 1866
1147 1867
1148 1868
1149 1869
1150 1870
1151 1871
1152 1872
1153 1873
1154 1874
1155 1875
1156 1876
1157 1877
1158 1878
1159 1879
1160 1886
1161 1887
1162 1888
1163 1889
1164 1890
1165 1891
1166 1892
1167 1893
1168 1894
1169 1895
1170 1896
1171 1897
1172 1906
1173 1907
1174 1908
1175 1909
1176 1910
1177 1911
1178 1912
1179 1913
1180 1914
1181 1915
1182 1916
1183 1917
1184 1918
1185 1919
1186 1920
1187 1926
1188 1927
1189 1928
1190 1929
1191 1930
1192 1931
1193 1932
1194 1933
1195 1934
1196 1935
1197 1936
1198 1937
1199 1938
1200 1946
1201 1947
1202 1948
1203 1949
1204 1950
1205 1951
1206 1952
1207 1953
1208 1954
1209 1955
1210 1956
1211 1966
1212 1967
1213 1968
1214 1969
1215 1970
1216 1971
1217 1972
1218 1973
1219 1974
1220 1986
1221 1987
1222 1988
1223 1989
1224 1990
1225 1991
1226 1992
1227 1993
1228 1994
1229 1995
1230 1996
1231 1997
1232 2006
1233 2007
1234 2008
1235 2009
1236 2010
1237 2011
1238 2012
1239 2013
1240 2014
1241 2015
1242 2016
1243 2017
1244 2018
1245 2026
1246 2027
1247 2028
1248 2029
1249 2030
1250 2031
1251 2032
1252 2033
1253 2034
1254 2035
1255 2036
1256 2046
1257 2047
1258 2048
1259 2049
1260 2050
1261 2051
1262 2066
1263 2067
1264 2068
1265 2069
1266 2070
1267 2071
1268 2072
1269 2073
1270 2074
1271 2075
1272 2076
1273 2077
1274 2078
1275 2079
1276 2080
1277 2086
1278 2087
1279 2088
1280 2089
1281 2090
1282 2091
1283 2092
1284 2093
1285 2094
1286 2095
1287 2096
1288 2097
1289 2106
1290 2107
1291 2108
1292 2109
1293 2110
1294 2111
1295 2112
1296 2113
1297 2114
1298 2115
1299 2116
1300 2117
1301 2126
1302 2127
1303 2128
1304 2129
1305 2130
1306 2131
1307 2132
1308 2133
1309 2146
1310 2147
1311 2148
1312 2149
1313 2150
1314 2151
1315 2152
1316 2153
1317 2154
1318 2155
1319 2156
1320 2166
1321 2167
1322 2168
1323 2169
1324 2170
1325 2171
1326 2172
1327 2173
1328 2174
1329 2175
1330 2186
1331 2187
1332 2188
1333 2189
1334 2190
1335 2191
1336 2192
1337 2193
1338 2206
1339 2207
1340 2208
1341 2209
1342 2210
1343 2211
1344 2212
1345 2213
1346 2214
1347 2215
1348 2216
1349 2226
1350 2227
1351 2228
1352 2229
1353 2230
1354 2231
1355 2232
1356 2233
1357 2234
1358 2235
1359 2246
1360 2247
1361 2248
1362 2249
1363 2250
1364 2251
1365 2252
1366 2253
1367 2254
1368 2255
1369 2256
1370 2257
1371 2258
1372 2259
1373 2266
1374 2267
1375 2268
1376 2269
1377 2270
1378 2271
1379 2272
1380 2273
1381 2274
1382 2275
1383 2286
1384 2287
1385 2288
1386 2289
1387 2290
1388 2291
1389 2292
1390 2293
1391 2294
1392 2295
1393 2296
1394 2297
1395 2306
1396 2307
1397 2308
1398 2309
1399 2310
1400 2311
1401 2326
1402 2327
1403 2328
1404 2329
1405 2330
1406 2331
1407 2332
1408 2333
1409 2334
1410 2335
1411 2336
1412 2346
1413 2347
1414 2348
1415 2349
1416 2350
1417 2351
1418 2352
1419 2353
1420 2354
1421 2366
1422 2367
1423 2368
1424 2369
1425 2370
1426 2371
1427 2372
1428 2373
1429 2374
1430 2375
1431 2376
1432 2377
1433 2378
1434 2379
1435 2380
1436 2381
1437 2386
1438 2387
1439 2388
1440 2389
1441 2390
1442 2391
1443 2392
1444 2393
1445 2394
1446 2395
1447 2396
1448 2397
1449 2406
1450 2407
1451 2408
1452 2409
1453 2410
1454 2411
1455 2412
1456 2413
1457 2414
1458 2415
1459 2416
1460 2417
1461 2418
1462 2426
1463 2427
1464 2428
1465 2429
1466 2430
1467 2431
1468 2432
1469 2433
1470 2434
1471 2435
1472 2436
1473 2437
1474 2446
1475 2447
1476 2448
1477 2449
1478 2450
1479 2451
1480 2452
1481 2466
1482 2467
1483 2468
1484 2469
1485 2470
1486 2471
1487 2472
1488 2473
1489 2474
1490 2475
1491 2476
1492 2477
1493 2486
1494 2487
1495 2488
1496 2489
1497 2490
1498 2491
1499 2492
1500 2493
1501 2494
1502 2495
1503 2506
1504 2507
1505 2508
1506 2509
1507 2510
1508 2511
1509 2512
1510 2513
1511 2514
1512 2515
1513 2516
1514 2517
1515 2518
1516 2526
1517 2527
1518 2528
1519 2529
1520 2530
1521 2531
1522 2532
1523 2533
1524 2534
1525 2535
1526 2546
1527 2547
1528 2548
1529 2549
1530 2550
1531 2551
1532 2552
1533 2553
1534 2554
1535 2555
1536 2556
1537 2566
1538 2567
1539 2568
1540 2569
1541 2570
1542 2571
1543 2572
1544 2573
1545 2574
1546 2575
1547 2576
1548 2586
1549 2587
1550 2588
1551 2589
1552 2590
1553 2591
1554 2592
1555 2593
1556 2594
1557 2595
1558 2596
1559 2606
1560 2607
1561 2608
1562 2609
1563 2610
1564 2611
1565 2612
1566 2613
1567 2614
1568 2615
1569 2626
1570 2627
1571 2628
1572 2629
1573 2630
1574 2631
1575 2632
1576 2633
1577 2634
1578 2635
1579 2646
1580 2647
1581 2648
1582 2649
1583 2650
1584 2651
1585 2652
1586 2653
1587 2654
1588 2655
1589 2656
1590 2657
1591 2658
1592 2666
1593 2667
1594 2668
1595 2669
1596 2670
1597 2671
1598 2672
1599 2673
1600 2674
1601 2675
1602 2676
1603 2677
1604 2678
1605 2686
1606 2687
1607 2688
1608 2689
1609 2690
1610 2691
1611 2692
1612 2693
1613 2694
1614 2695
1615 2706
1616 2707
1617 2708
1618 2709
1619 2710
1620 2711
1621 2712
1622 2713
1623 2714
1624 2715
1625 2716
1626 2717
1627 2718
1628 2719
1629 2720
1630 2726
1631 2727
1632 2728
1633 2729
1634 2730
1635 2731
1636 2732
1637 2733
1638 2734
1639 2735
1640 2736
1641 2737
1642 2738
1643 2739
1644 2746
1645 2747
1646 2748
1647 2749
1648 2750
1649 2751
1650 2752
1651 2753
1652 2754
1653 2755
1654 2756
1655 2757
1656 2758
1657 2759
1658 2760
1659 2761
1660 2762
1661 2763
1662 2766
1663 2767
1664 2768
1665 2769
1666 2770
1667 2771
1668 2772
1669 2773
1670 2774
1671 2775
1672 2776
1673 2777
1674 2786
1675 2787
1676 2788
1677 2789
1678 2790
1679 2791
1680 2792
1681 2793
1682 2794
1683 2795
1684 2796
1685 2797
1686 2806
1687 2807
1688 2808
1689 2809
1690 2810
1691 2811
1692 2812
1693 2813
1694 2814
1695 2815
1696 2816
1697 2817
1698 2818
1699 2826
1700 2827
1701 2828
1702 2829
1703 2830
1704 2831
1705 2832
1706 2833
1707 2834
1708 2835
1709 2836
1710 2837
1711 2846
1712 2847
1713 2848
1714 2849
1715 2850
1716 2851
1717 2852
1718 2853
1719 2854
1720 2855
1721 2856
1722 2857
1723 2858
1724 2866
