1434.000000000000 14.121122360229 -0.009462802671 0.619882345200 0.187156269750 0.005126373957 0.000179127656 0.982316760977
1434.000000000000 14.419005393982 -0.003025309183 0.602901995182 0.187290650684 0.004857041565 0.000162952292 0.982292519955
1435.000000000000 16.940250396729 0.004302612040 0.576092183590 0.187119912387 0.004131730751 0.000157845160 0.982328378025
1435.000000000000 18.358776092529 0.000396406511 0.572415888309 0.187226996899 0.004285711360 -0.000392903475 0.982307248236
1435.000000000000 18.913360595703 -0.002523931209 0.581448376179 0.186968230705 0.004463810687 -0.000004384910 0.982355818979
1435.000000000000 20.286495208740 -0.003404445946 0.583867907524 0.186820705691 0.004414473523 0.000426849621 0.982384015621
1435.000000000000 20.571525573730 0.000289633404 0.570199310780 0.186666306309 0.004075726243 0.000122124206 0.982414914194
1435.000000000000 21.404918670654 -0.002361715306 0.574216067791 0.186766905164 0.003874100782 0.000097112091 0.982396612905
1436.000000000000 21.976139068604 -0.000304932240 0.566972255707 0.186926824752 0.003524799247 0.000025273413 0.982367516432
1436.000000000000 23.369802474976 -0.008713914081 0.578301668167 0.186912830822 0.003619013361 -0.000302475557 0.982369790316
1436.000000000000 24.226623535156 -0.009711702354 0.579753279686 0.186872888771 0.003617352356 -0.000075708313 0.982377438907
1436.000000000000 24.785667419434 -0.014492074028 0.587676227093 0.186863302567 0.003861712699 -0.000156400099 0.982378322678
1436.000000000000 25.066665649414 -0.011956997216 0.576323270798 0.186897919345 0.003724922962 -0.000421239038 0.982372187743
1436.000000000000 26.160215377808 -0.019224151969 0.587448537350 0.186869916254 0.004216335186 -0.000373533397 0.982375548041
1436.000000000000 26.439437866211 -0.015829222277 0.584866940975 0.186654585070 0.004117148239 0.000128861620 0.982416967666
1436.000000000000 26.724960327148 -0.018191287294 0.585435271263 0.186832492705 0.004135577764 -0.000157609204 0.982383067762
1437.000000000000 27.306020736694 -0.019404612482 0.584396600723 0.186734045967 0.004123566660 -0.000235171252 0.982401820524
1437.000000000000 27.866937637329 -0.022253632545 0.586673140526 0.186942706361 0.004107486500 -0.000364690536 0.982362163407
1437.000000000000 28.144367218018 -0.020881097764 0.586811840534 0.186892962620 0.003893737219 -0.000046976802 0.982372565337
1437.000000000000 28.967086791992 -0.027317462489 0.594149291515 0.186741210032 0.003771816808 -0.000444374727 0.982401799879
1437.000000000000 29.523464202881 -0.028669703752 0.593033432961 0.186644639966 0.003635182455 -0.000542777418 0.982420617258
1437.000000000000 30.387041091919 -0.027186803520 0.589329779148 0.186740745055 0.003064038238 -0.000277786476 0.982404411961
1437.000000000000 30.657218933105 -0.029772348702 0.590772747993 0.186934595462 0.003253353734 -0.000509768897 0.982366842297
1437.000000000000 30.949413299561 -0.025346338749 0.587131619453 0.186530054305 0.003070443126 0.000053653967 0.982444455601
1437.000000000000 31.234943389893 -0.025715237483 0.583515107632 0.186415511962 0.003144257046 -0.000176458329 0.982465948219
1437.000000000000 31.504800796509 -0.021108709276 0.576488316059 0.186575644905 0.003023987837 0.000200417217 0.982435923640
1437.000000000000 31.797021865845 -0.013362071477 0.553798913956 0.186514915754 0.002710553658 -0.000014900641 0.982448389931
1437.000000000000 32.082630157471 -0.016270980239 0.563387691975 0.186505050825 0.002874065247 0.000213065564 0.982449774985
1437.000000000000 32.370529174805 -0.016140069813 0.560839235783 0.186578404110 0.002851136821 0.000098195454 0.982435932006
1437.000000000000 32.656459808350 -0.014104124159 0.559293448925 0.186736847699 0.002742359005 0.000357687004 0.982406077566
1438.000000000000 33.797035217285 -0.021696228534 0.573317706585 0.186675229232 0.003143642011 0.000157393538 0.982416638465
1438.000000000000 34.640911102295 -0.023966882378 0.572245895863 0.186706323414 0.003285796673 -0.000137049288 0.982410267432
1438.000000000000 34.923622131348 -0.025357039645 0.576642394066 0.186650819284 0.003376437914 0.000014070212 0.982420516444
1438.000000000000 36.022754669189 -0.022965636104 0.564290583134 0.187076102029 0.002868443269 -0.000219757085 0.982341211489
1438.000000000000 36.870983123779 -0.024107346311 0.557549417019 0.186722305803 0.002861584865 -0.000627426105 0.982408366304
1438.000000000000 37.431694030762 -0.026365106925 0.560118675232 0.185287228265 0.002251902857 -0.000716126379 0.982681565482
1438.000000000000 38.000118255615 -0.028247380629 0.562643408775 0.186697377014 0.002817848338 -0.000534411330 0.982413285513
1438.000000000000 38.272441864014 -0.028896193951 0.565157413483 0.187058480261 0.002950802305 -0.000343655738 0.982344287727
1439.000000000000 38.832294464111 -0.030067529529 0.563925325871 0.186974105264 0.002970984460 -0.000438865168 0.982360251949
1439.000000000000 39.407020568848 -0.033507850021 0.572727859020 0.188253738681 0.003522239941 -0.000131616058 0.982114100487
1439.000000000000 39.932636260986 -0.041064821184 0.580667972565 0.187229340935 0.003236364253 -0.000813327206 0.982310561044
1439.000000000000 40.781524658203 -0.047070741653 0.576021969318 0.187126904253 0.003573168854 -0.001631743589 0.982327894128
1439.000000000000 41.079559326172 -0.042046889663 0.561265289783 0.187184729682 0.003232424489 -0.001594218918 0.982318118978
1439.000000000000 41.372844696045 -0.039525713772 0.554291188717 0.187235096931 0.003055142311 -0.001445361956 0.982309317634
1439.000000000000 41.647380828857 -0.042359672487 0.561411619186 0.187185160409 0.003136610081 -0.001229867594 0.982318871256
1439.000000000000 41.924980163574 -0.043358962983 0.558560550213 0.187156287373 0.003234345405 -0.001391019652 0.982323840783
1439.000000000000 42.200283050537 -0.041867673397 0.556034564972 0.186996514941 0.003122959987 -0.001126371677 0.982354967315
1439.000000000000 42.472003936768 -0.034409075975 0.534019112587 0.186888645512 0.002828998317 -0.001225584282 0.982376266453
1439.000000000000 43.034301757812 -0.028988827020 0.518952667713 0.186748769583 0.002564406203 -0.001011668384 0.982403836214
1439.000000000000 43.604328155518 -0.019157085568 0.499038040638 0.186550197665 0.002157155095 -0.000479662256 0.982442945090
1440.000000000000 44.405563354492 -0.019393973053 0.493267267942 0.186666904409 0.002222915932 -0.000645714314 0.982420535461
1440.000000000000 44.935989379883 -0.015815079212 0.482862651348 0.186635285250 0.002126977364 -0.000543650338 0.982426816975
1440.000000000000 45.459735870361 -0.021123114973 0.495531946421 0.186421587849 0.002136404432 -0.000408661839 0.982467434756
1440.000000000000 45.720848083496 -0.019488368183 0.493137031794 0.186370898584 0.002139769165 -0.000201027248 0.982477108709
1440.000000000000 46.248157501221 -0.016523117200 0.482287794352 0.186175559339 0.001866616996 -0.000365390279 0.982514652988
1440.000000000000 46.514854431152 -0.012359384447 0.471138536930 0.186107794790 0.001644336757 -0.000374375348 0.982527884957
1440.000000000000 47.015071868896 -0.017639415339 0.481153488159 0.186290172422 0.001821301864 -0.000458695566 0.982492974080
1440.000000000000 47.522521972656 -0.018806288019 0.484360873699 0.186279469633 0.001795238520 -0.000285115411 0.982495117047
1440.000000000000 47.756500244141 -0.014900544658 0.472277253866 0.186089921872 0.001856132831 -0.000382129102 0.982530889960
1440.000000000000 48.233634948730 -0.013992038555 0.470341235399 0.186009703502 0.001811661027 -0.000214315993 0.982546213751
1440.000000000000 48.427345275879 -0.012867098674 0.466379016638 0.186015025519 0.001824460923 -0.000261565514 0.982545171077
1441.000000000000 49.044303894043 -0.014449598268 0.468199670315 0.186083603192 0.002210212785 -0.000212306832 0.982531405355
1441.000000000000 49.113857269287 -0.015818193555 0.470821261406 0.186286170156 0.002877338291 -0.000421630458 0.982491224368
1441.000000000000 49.124252319336 -0.007605602965 0.449976414442 0.185866960475 0.002084047651 -0.000259967760 0.982572675259
1441.000000000000 49.115760803223 -0.013239972293 0.464357286692 0.185986122311 0.001756735274 -0.000243263364 0.982550770704
1441.000000000000 49.136161804199 -0.009906052612 0.455798476934 0.186065850580 0.001372363117 -0.000328997566 0.982536262755
1441.000000000000 49.217544555664 -0.019904132932 0.480423063040 0.186332409270 0.001696093319 -0.000658800179 0.982485074953
1441.000000000000 49.244987487793 -0.018424397334 0.476594150066 0.186439563709 0.001546148878 -0.000635572443 0.982465009329
1441.000000000000 49.415672302246 -0.020268639550 0.481609016657 0.186354950629 0.001603860559 -0.000264338266 0.982481139836
1442.000000000000 49.504890441895 -0.021741479635 0.485083937645 0.186347316753 0.001585563872 -0.000266893692 0.982482616790
1442.000000000000 49.776607513428 -0.018741419539 0.476512849331 0.186376850896 0.001437057167 -0.000318329864 0.982477227717
1442.000000000000 50.267738342285 -0.024819629267 0.489615112543 0.186638326182 0.001719104462 -0.000384366935 0.982427112890
1442.000000000000 50.413715362549 -0.025659589097 0.490992903709 0.186724549965 0.001786805519 -0.000396848410 0.982410602690
1442.000000000000 50.563369750977 -0.025909554213 0.491146415472 0.186742986432 0.001765304185 -0.000387247603 0.982407141036
1442.000000000000 50.879844665527 -0.025307754055 0.486850619316 0.186508486380 0.001919074322 -0.000539914011 0.982451327118
1442.000000000000 51.244655609131 -0.020201209933 0.474082440138 0.186527205127 0.001574329623 -0.000404441548 0.982448451401
1442.000000000000 51.436283111572 -0.020362485200 0.476811915636 0.186612541965 0.001596985843 -0.000104100371 0.982432286715
1442.000000000000 51.834995269775 -0.018534420058 0.469757467508 0.186390096077 0.001536979392 -0.000259828943 0.982474580978
1442.000000000000 52.037609100342 -0.020043741912 0.472223818302 0.186548632616 0.001644280046 -0.000310466912 0.982444302555
1442.000000000000 52.272468566895 -0.022885462269 0.480287075043 0.186635315560 0.001696153018 -0.000170950870 0.982427785044
1443.000000000000 52.739013671875 -0.021729905158 0.474697947502 0.186632917182 0.001564157760 -0.000310004800 0.982428425653
1443.000000000000 53.479446411133 -0.008208291605 0.494803190231 0.187231896920 0.001206703873 0.003916622139 0.982307192640
1443.000000000000 54.252365112305 0.017800703645 0.498582452536 0.187346327345 0.000549029199 0.007735833047 0.982263309446
1443.000000000000 55.834457397461 0.238552600145 0.547833740711 0.187710195554 -0.006510801231 0.044629573454 0.981188408577
1443.000000000000 56.643032073975 0.443530917168 0.643940806389 0.187659109903 -0.011292210231 0.071520418722 0.979561827637
1443.000000000000 56.905555725098 0.525247037411 0.665531694889 0.187411039556 -0.013000556715 0.079541790491 0.978969453733
1443.000000000000 57.171638488770 0.597866654396 0.705771327019 0.187311170946 -0.014083786549 0.086378462332 0.978394058363
1443.000000000000 57.724464416504 0.769973099232 0.774853110313 0.186995587080 -0.016983404534 0.100872081799 0.977020489804
1444.000000000000 58.470359802246 1.163613438606 0.924461722374 0.187099840929 -0.025349621833 0.146085181941 0.971087105163
1444.000000000000 59.210178375244 1.616651296616 1.127281308174 0.185111285340 -0.033185193528 0.188688154510 0.963861678519
1444.000000000000 59.882511138916 2.111715793610 1.319379925728 0.183931955160 -0.040743133078 0.229467691552 0.954910263591
1444.000000000000 60.494194030762 2.696319580078 1.529623031616 0.181739836108 -0.049588129488 0.275358144962 0.942703315677
1444.000000000000 60.662971496582 2.907230854034 1.616854071617 0.180744292651 -0.052751109590 0.292639988109 0.937502351181
1444.000000000000 61.791404724121 4.424182415009 2.205369949341 0.172682922297 -0.074675907493 0.408390453829 0.893208460779
1445.000000000000 61.906444549561 4.678618431091 2.311052799225 0.171320800036 -0.077462844606 0.422582027085 0.886607648041
1445.000000000000 62.130802154541 5.168137550354 2.508890867233 0.168286134611 -0.082393144675 0.447290972351 0.874540983980
1445.000000000000 62.509189605713 6.161359310150 2.926867961884 0.163569687520 -0.091175715518 0.497188361288 0.847192823166
1445.000000000000 62.643264770508 6.713019371033 3.134855270386 0.160563365667 -0.096206823713 0.521240170367 0.832629772151
1445.000000000000 62.680133819580 6.991606712341 3.243838071823 0.159280015209 -0.098714773228 0.534966619375 0.823830071347
1445.000000000000 62.701580047607 7.262988090515 3.357964754105 0.157475579376 -0.101260089081 0.549253654231 0.814412831169
1445.000000000000 62.725315093994 7.532572746277 3.449966192245 0.155981455435 -0.103941309076 0.561428800553 0.806017178314
1445.000000000000 62.747287750244 7.803121566772 3.558146476746 0.154400868933 -0.106174074635 0.572654784345 0.798093939029
1445.000000000000 62.771556854248 8.080574989319 3.665065765381 0.152884528148 -0.108255624207 0.582388216814 0.791031608595
1445.000000000000 62.821094512939 8.617344856262 3.878800392151 0.150309606553 -0.111620030443 0.599426985868 0.778225725349
1445.000000000000 62.840118408203 8.876241683960 3.988296747208 0.148960961367 -0.113017832318 0.606875720986 0.772489133156
1445.000000000000 62.885334014893 9.406324386597 4.189645767212 0.146946323084 -0.115592235458 0.619159025202 0.762684282482
1446.000000000000 62.957298278809 10.186309814453 4.494723320007 0.144629518257 -0.118525362957 0.633000887054 0.751228272746
1446.000000000000 62.974910736084 10.431252479553 4.607329845428 0.143884199601 -0.118965257097 0.637047500054 0.747873710852
1446.000000000000 63.063087463379 11.482871055603 5.028959274292 0.141721263535 -0.121434969975 0.649369585132 0.737216232482
1446.000000000000 63.073574066162 11.746024131775 5.135858535767 0.141265893282 -0.121951374335 0.652727706350 0.734246791656
1446.000000000000 63.072856903076 12.000370025635 5.242711067200 0.140522593290 -0.122436951068 0.657233113072 0.730278870618
1446.000000000000 63.090164184570 12.530281066895 5.457209587097 0.139388505761 -0.123640034816 0.662746231762 0.725294022130
1446.000000000000 63.105964660645 13.050495147705 5.669939517975 0.138535242679 -0.124362881880 0.667335492127 0.721113861394
1446.000000000000 63.144275665283 14.083767890930 6.072293758392 0.137328210272 -0.125757372295 0.673610056349 0.715245089436
1447.000000000000 63.178169250488 15.142115592957 6.491535186768 0.136555121464 -0.126696076474 0.678037724457 0.711031396790
1447.000000000000 63.187438964844 15.401222229004 6.604427337646 0.136334249430 -0.126490398170 0.678659836529 0.710516697823
1447.000000000000 63.217647552490 16.451934814453 7.029774188995 0.135738996379 -0.126827022276 0.681575881615 0.707774080399
1447.000000000000 63.215270996094 16.715637207031 7.134802341461 0.135458747090 -0.127124030638 0.683246800634 0.706161609048
1447.000000000000 63.226913452148 17.763353347778 7.539956092834 0.134680031499 -0.128041033329 0.686526536310 0.702956682764
1447.000000000000 63.230899810791 18.027503967285 7.637777328491 0.134693522220 -0.128334414354 0.686846937058 0.702587516412
1447.000000000000 63.237537384033 18.557231903076 7.846179008484 0.134403946650 -0.128642380536 0.687653963361 0.701796796608
1447.000000000000 63.239929199219 18.815908432007 7.948209762573 0.134510531474 -0.128560757032 0.688126108161 0.701328388090
1447.000000000000 63.250419616699 19.609825134277 8.251541137695 0.134407343229 -0.128826618181 0.688895258757 0.700543853728
1447.000000000000 63.254959106445 20.144845962524 8.457130432129 0.134268390680 -0.129055514779 0.689555928753 0.699878056872
1448.000000000000 63.261085510254 20.667255401611 8.660030364990 0.134267651209 -0.129140982454 0.689885114170 0.699537943028
1448.000000000000 63.265056610107 21.711168289185 9.070734024048 0.134237144991 -0.129354354965 0.691469898298 0.697937833552
1448.000000000000 63.269130706787 22.497806549072 9.382225036621 0.134140090251 -0.129438619703 0.692047182471 0.697368465842
1448.000000000000 63.274829864502 23.279901504517 9.702519416809 0.133978887623 -0.129269714973 0.692292306914 0.697187464208
1448.000000000000 63.274337768555 23.541498184204 9.802633285522 0.134053104365 -0.129373348185 0.692624550552 0.696823890206
1448.000000000000 63.276950836182 24.073883056641 10.011428833008 0.133790054363 -0.129715192427 0.692740388766 0.696695732712
1448.000000000000 63.279041290283 24.592197418213 10.214417457581 0.133934445631 -0.129700682804 0.692945484975 0.696466691240
1448.000000000000 63.281711578369 24.850807189941 10.314045906067 0.133921362335 -0.129857074979 0.692783695477 0.696601004930
1448.000000000000 63.284366607666 25.359436035156 10.511619567871 0.133852083144 -0.130028029941 0.692858988291 0.696507540241
1449.000000000000 63.287715911865 25.887832641602 10.718356132507 0.133853357909 -0.130275529145 0.692823819671 0.696496030124
1449.000000000000 63.286533355713 26.411249160767 10.928289413452 0.133932632924 -0.130124175517 0.693441449356 0.695894176653
1449.000000000000 63.289737701416 26.926982879639 11.134090423584 0.133971194055 -0.130061545999 0.693356625551 0.695982976243
1449.000000000000 63.288177490234 27.185012817383 11.236762046814 0.133971020082 -0.129998548064 0.693740198403 0.695612449859
1449.000000000000 63.289237976074 27.719274520874 11.448174476624 0.133826486512 -0.130299003765 0.693813874439 0.695510566966
1449.000000000000 63.292144775391 27.974763870239 11.546917915344 0.133813588831 -0.130442215678 0.693521691397 0.695777561707
1449.000000000000 63.293399810791 28.769109725952 11.842568397522 0.134063674826 -0.130611090606 0.693755369906 0.695464708543
1449.000000000000 63.295387268066 29.022907257080 11.941695213318 0.134057976939 -0.130600235569 0.693612426610 0.695610407441
1449.000000000000 63.299861907959 30.055555343628 12.350438117981 0.133956216625 -0.130720842537 0.693541375821 0.695678196710
1449.000000000000 63.298877716064 30.321573257446 12.451257705688 0.133841122550 -0.130949113378 0.693758740246 0.695440647325
1449.000000000000 63.301986694336 30.587778091431 12.547064781189 0.133904227351 -0.131275853911 0.693407988115 0.695716659349
1450.000000000000 63.301345825195 31.123867034912 12.765192031860 0.133998649337 -0.131197449948 0.693786109856 0.695336195573
1450.000000000000 63.300674438477 31.388715744019 12.870571136475 0.134027555675 -0.131229982801 0.693969347503 0.695141604754
1450.000000000000 63.300750732422 31.919198989868 13.087073326111 0.133980879104 -0.131291533884 0.694121543939 0.694987006644
1450.000000000000 63.303169250488 32.182415008545 13.188754081726 0.134133093143 -0.131339382695 0.693871099598 0.695198660111
1450.000000000000 63.301616668701 32.448738098145 13.295965194702 0.134077099160 -0.131315794234 0.694164240366 0.694921219321
1450.000000000000 63.303382873535 32.708797454834 13.400796890259 0.134265627122 -0.131162979763 0.694031079933 0.695046670520
1450.000000000000 63.304248809814 33.234111785889 13.605336189270 0.134292794696 -0.131334607422 0.694046752680 0.694993360601
1450.000000000000 63.306121826172 33.752666473389 13.814335823059 0.134342920871 -0.131296935015 0.693965496568 0.695071927243
1450.000000000000 63.306793212891 34.287837982178 14.026080131531 0.134514883869 -0.131119135255 0.694083816601 0.694954080440
1450.000000000000 63.306133270264 34.554649353027 14.128648757935 0.134537196174 -0.131234849477 0.694218966415 0.694792907130
1450.000000000000 63.308074951172 34.809211730957 14.237174987793 0.134443834398 -0.131311182376 0.694016380606 0.694998915270
1450.000000000000 63.307449340820 35.072315216064 14.331205368042 0.134468268997 -0.131425023898 0.694149374732 0.694839832828
1450.000000000000 63.308589935303 35.340244293213 14.438345909119 0.134566794686 -0.131320710893 0.694090823220 0.694898969477
1450.000000000000 63.309185028076 35.856952667236 14.637339591980 0.134447154665 -0.131640289357 0.694092186723 0.694860297578
1451.000000000000 63.308738708496 36.107265472412 14.745246887207 0.134467841189 -0.131405375884 0.694265203413 0.694727899400
1451.000000000000 63.309616088867 36.362567901611 14.850458145142 0.134635171628 -0.131238585808 0.694236912245 0.694755290611
1451.000000000000 63.308414459229 37.640861511230 15.334417343140 0.134667883584 -0.131344402681 0.694653436893 0.694312474055
1451.000000000000 63.309841156006 37.907272338867 15.451104164124 0.134670467804 -0.131325990217 0.694500945588 0.694467987724
1451.000000000000 63.307712554932 38.178249359131 15.559292793274 0.134912537155 -0.131294499898 0.694799428688 0.694128313433
1451.000000000000 63.307819366455 38.708335876465 15.774770736694 0.134858593000 -0.131218735741 0.694805488484 0.694147056795
1451.000000000000 63.309482574463 38.951538085938 15.876057624817 0.135044484026 -0.130984337951 0.694627481998 0.694333314625
1451.000000000000 63.309680938721 39.745780944824 16.150224685669 0.135378382731 -0.131175281395 0.694608399737 0.694251330611
1451.000000000000 63.311157226562 40.004352569580 16.247833251953 0.135589127409 -0.131021115735 0.694463827775 0.694383933910
1451.000000000000 63.309814453125 40.255043029785 16.349758148193 0.135524594653 -0.131282592703 0.694633955872 0.694176946065
1451.000000000000 63.310794830322 40.487979888916 16.447246551514 0.135604735049 -0.131222799071 0.694527253268 0.694279358259
1451.000000000000 63.309303283691 40.732284545898 16.544267654419 0.135496805759 -0.131365439001 0.694733662068 0.694066910214
1452.000000000000 63.307548522949 41.701858520508 16.886220932007 0.135664345078 -0.131752264000 0.694895247075 0.693799050156
1452.000000000000 63.309616088867 41.954254150391 16.984573364258 0.135648349169 -0.131836897653 0.694585356212 0.694096348298
1452.000000000000 63.307914733887 42.190788269043 17.079658508301 0.135608004413 -0.131968622007 0.694812586569 0.693851728751
1452.000000000000 63.310405731201 42.428241729736 17.186998367310 0.135661879289 -0.131818471289 0.694492273455 0.694190339350
1452.000000000000 63.309238433838 42.669948577881 17.267761230469 0.135782179375 -0.131805050063 0.694670094697 0.693991417869
1452.000000000000 63.309921264648 43.346710205078 17.531921386719 0.136051377852 -0.131705392597 0.694595097986 0.694032680786
1452.000000000000 63.309993743896 43.547359466553 17.615013122559 0.135902748187 -0.131682679383 0.694604155936 0.694057044876
1452.000000000000 63.309856414795 44.325298309326 17.924953460693 0.135342626374 -0.131012739345 0.694848101156 0.694049099082
1452.000000000000 63.309852600098 44.326923370361 17.925064086914 0.135316131435 -0.131045166468 0.694845702288 0.694050544940
1453.000000000000 63.309852600098 44.327571868896 17.925573348999 0.135564575665 -0.131306798718 0.694807333501 0.693991022816
1453.000000000000 63.309860229492 44.326416015625 17.926691055298 0.135898464644 -0.131461272061 0.694782124501 0.693921710808
1453.000000000000 63.309852600098 44.327316284180 17.925689697266 0.135995365969 -0.131492653539 0.694779284634 0.693899623969
1453.000000000000 63.309852600098 44.326938629150 17.925636291504 0.136001473715 -0.131544909509 0.694780795404 0.693887009727
1453.000000000000 63.309852600098 44.326519012451 17.925561904907 0.135973771051 -0.131548200882 0.694797304018 0.693875284731
1453.000000000000 63.309856414795 44.326210021973 17.925924301147 0.135941317940 -0.131567209159 0.694795544298 0.693879801676
1453.000000000000 63.309856414795 44.326305389404 17.926082611084 0.135926061196 -0.131567747246 0.694791638513 0.693886599399
1453.000000000000 63.309852600098 44.326145172119 17.925569534302 0.135978257029 -0.131585805092 0.694789632379 0.693874957217
1453.000000000000 63.309848785400 44.327003479004 17.925436019897 0.135958258156 -0.131590752234 0.694787931708 0.693879640802
1453.000000000000 63.309848785400 44.326797485352 17.925426483154 0.135934354613 -0.131629140161 0.694765878981 0.693899123865
1453.000000000000 63.309852600098 44.326461791992 17.925785064697 0.135946024910 -0.131600078367 0.694782017579 0.693886190764
1454.000000000000 63.309844970703 44.327541351318 17.925203323364 0.135979709378 -0.131609683913 0.694768502581 0.693891300968
1454.000000000000 63.309844970703 44.327308654785 17.925371170044 0.135961370365 -0.131639046445 0.694772369109 0.693885453330
1454.000000000000 63.309848785400 44.326095581055 17.925374984741 0.135951771667 -0.131628301530 0.694769891551 0.693891853109
1454.000000000000 63.309844970703 44.326923370361 17.925430297852 0.135983034918 -0.131609916196 0.694788341766 0.693870740354
1454.000000000000 63.309844970703 44.327434539795 17.925523757935 0.135990957699 -0.131561741820 0.694812390544 0.693854242230
1454.000000000000 63.309844970703 44.327037811279 17.925254821777 0.135999600553 -0.131590283467 0.694807628847 0.693851904114
1454.000000000000 63.309844970703 44.327224731445 17.925474166870 0.135999086461 -0.131562069127 0.694820014882 0.693844951966
1454.000000000000 63.309844970703 44.327499389648 17.925451278687 0.136008228273 -0.131621680594 0.694794919893 0.693856984061
1454.000000000000 63.309844970703 44.327251434326 17.925495147705 0.135985419047 -0.131631732973 0.694787588195 0.693866889231
1454.000000000000 63.309844970703 44.326686859131 17.925373077393 0.135985628966 -0.131629633442 0.694800909678 0.693853906976
1454.000000000000 63.309844970703 44.327201843262 17.925748825073 0.135966831310 -0.131590869392 0.694809255227 0.693856586571
1454.000000000000 63.309841156006 44.327304840088 17.925430297852 0.136003707505 -0.131632555186 0.694791776563 0.693858954817
1455.000000000000 63.309841156006 44.327751159668 17.925670623779 0.135983943329 -0.131641798962 0.694767322457 0.693885560859
1455.000000000000 63.309841156006 44.327144622803 17.925315856934 0.136020600017 -0.131621501219 0.694792362161 0.693857154082
1455.000000000000 63.309841156006 44.327602386475 17.925319671631 0.135993656871 -0.131635995281 0.694783876332 0.693868182889
1455.000000000000 63.309844970703 44.327224731445 17.925712585449 0.135982058778 -0.131639059332 0.694786449881 0.693867297695
1455.000000000000 63.309841156006 44.327522277832 17.925266265869 0.136005116408 -0.131650749815 0.694778146422 0.693868874960
1455.000000000000 63.309841156006 44.328052520752 17.925493240356 0.136001955343 -0.131653729047 0.694767392907 0.693879696723
1455.000000000000 63.309844970703 44.327484130859 17.925699234009 0.135989883638 -0.131620335935 0.694784064615 0.693871704476
1455.000000000000 63.309844970703 44.327327728271 17.925718307495 0.136010550199 -0.131604482345 0.694789116402 0.693865602398
1456.000000000000 63.309841156006 44.327587127686 17.925321578979 0.136010544121 -0.131652578013 0.694773726684 0.693871889689
1456.000000000000 63.309844970703 44.327053070068 17.925580978394 0.136014078534 -0.131608354668 0.694791786764 0.693861502367
1456.000000000000 63.309844970703 44.327362060547 17.925457000732 0.136004976109 -0.131650335859 0.694777436952 0.693869691400
1456.000000000000 63.309844970703 44.327598571777 17.925666809082 0.136005914171 -0.131637801310 0.694775740817 0.693873583983
1456.000000000000 63.309848785400 44.327144622803 17.925937652588 0.135986330747 -0.131607904458 0.694784279807 0.693874543320
1456.000000000000 63.309844970703 44.326831817627 17.925422668457 0.135992916234 -0.131633464434 0.694777112480 0.693875580886
1456.000000000000 63.309841156006 44.327877044678 17.925502777100 0.136004413893 -0.131621776680 0.694777566751 0.693875089656
1456.000000000000 63.309841156006 44.327083587646 17.925416946411 0.135993500169 -0.131616053394 0.694783536493 0.693872336831
1456.000000000000 63.309841156006 44.327262878418 17.925653457642 0.136013860974 -0.131630343913 0.694783346941 0.693865824924
1457.000000000000 63.309837341309 44.327362060547 17.925228118896 0.136012992087 -0.131625370049 0.694777353107 0.693872940496
1457.000000000000 63.309841156006 44.327228546143 17.925706863403 0.136000588561 -0.131630155148 0.694778296471 0.693873519396
1457.000000000000 63.309837341309 44.327022552490 17.925231933594 0.136002487779 -0.131647073401 0.694773619323 0.693874620717
1457.000000000000 63.309833526611 44.327835083008 17.925050735474 0.136016045394 -0.131688699714 0.694761250354 0.693876449211
1457.000000000000 63.309837341309 44.327323913574 17.925807952881 0.135977280454 -0.131643374671 0.694777263541 0.693876613796
1457.000000000000 63.309833526611 44.327182769775 17.925161361694 0.136031271341 -0.131605398595 0.694788128757 0.693862355526
1457.000000000000 63.309833526611 44.327957153320 17.925130844116 0.136005778531 -0.131640634516 0.694770073962 0.693878747244
1457.000000000000 63.309833526611 44.327018737793 17.924833297729 0.136017928633 -0.131673333483 0.694782548147 0.693857670657
1457.000000000000 63.309829711914 44.327785491943 17.924610137939 0.136037757139 -0.131671450102 0.694768748436 0.693867958661
1458.000000000000 63.309829711914 44.327926635742 17.924980163574 0.136006168529 -0.131639174756 0.694769851973 0.693879170015
1458.000000000000 63.309829711914 44.327136993408 17.924739837646 0.136045988290 -0.131650667635 0.694773605564 0.693865424844
1458.000000000000 63.309833526611 44.327857971191 17.925489425659 0.136012777917 -0.131639398208 0.694768099345 0.693879586971
1458.000000000000 63.309833526611 44.327484130859 17.925203323364 0.136010842051 -0.131594439541 0.694786667285 0.693869902279
1458.000000000000 63.309837341309 44.327293395996 17.925651550293 0.135990502740 -0.131652470999 0.694770823471 0.693878745098
1458.000000000000 63.309833526611 44.327098846436 17.924886703491 0.136032028155 -0.131639619370 0.694779809434 0.693864045999
1458.000000000000 63.309837341309 44.326633453369 17.925209045410 0.136001461857 -0.131674880105 0.694775895567 0.693867266314
1458.000000000000 63.309833526611 44.328125000000 17.925327301025 0.136022228039 -0.131629363230 0.694770122135 0.693877612842
1458.000000000000 63.309833526611 44.327201843262 17.925035476685 0.136018296360 -0.131625732235 0.694774974198 0.693874214031
1458.000000000000 63.309837341309 44.327457427979 17.925464630127 0.135998141992 -0.131656017213 0.694761267905 0.693886142768
1458.000000000000 63.309833526611 44.327457427979 17.924949645996 0.136038851682 -0.131662102238 0.694761849562 0.693876425641
1458.000000000000 63.309837341309 44.326908111572 17.925329208374 0.136003264521 -0.131663042601 0.694780964057 0.693864084123
1459.000000000000 63.309833526611 44.327884674072 17.925125122070 0.136020234426 -0.131675735504 0.694768060468 0.693871269516
1459.000000000000 63.309833526611 44.327362060547 17.925243377686 0.136009695221 -0.131657623391 0.694765439522 0.693879396621
1459.000000000000 63.309833526611 44.327461242676 17.925270080566 0.136022716016 -0.131624908856 0.694779859538 0.693868612114
1459.000000000000 63.309837341309 44.326942443848 17.925470352173 0.135985886697 -0.131685634958 0.694762882009 0.693881308256
1459.000000000000 63.309837341309 44.327709197998 17.925487518311 0.136021962281 -0.131620128415 0.694778356724 0.693871171473
1459.000000000000 63.309837341309 44.327381134033 17.925365447998 0.136007976502 -0.131637222630 0.694773575163 0.693875457990
1459.000000000000 63.309837341309 44.327598571777 17.925563812256 0.136010205982 -0.131604125921 0.694780164181 0.693874701492
1459.000000000000 63.309833526611 44.327594757080 17.925100326538 0.136025026654 -0.131648315035 0.694781453518 0.693862122557
1459.000000000000 63.309837341309 44.327190399170 17.925268173218 0.136005464769 -0.131665116823 0.694775398037 0.693868832596
1460.000000000000 63.309837341309 44.327819824219 17.925441741943 0.136004425940 -0.131625156865 0.694779178167 0.693872832579
1460.000000000000 63.309837341309 44.327495574951 17.925380706787 0.136002017013 -0.131651327691 0.694766766131 0.693880767830
1460.000000000000 63.309837341309 44.326972961426 17.924947738647 0.136010176299 -0.131661696445 0.694783282169 0.693860663570
1460.000000000000 63.309833526611 44.327751159668 17.924880981445 0.136038198498 -0.131662212539 0.694769387254 0.693868985381
1460.000000000000 63.309837341309 44.327819824219 17.925395965576 0.136029857178 -0.131609767847 0.694799128257 0.693850789678
1460.000000000000 63.309837341309 44.327125549316 17.925296783447 0.135995187472 -0.131658562102 0.694783381807 0.693864096473
1460.000000000000 63.309837341309 44.326900482178 17.925098419189 0.136019275476 -0.131623907527 0.694777048393 0.693872291342
1460.000000000000 63.309841156006 44.326923370361 17.925880432129 0.135992519247 -0.131630064172 0.694777408950 0.693876006882
1460.000000000000 63.309841156006 44.327407836914 17.925870895386 0.135981266353 -0.131624017079 0.694771566798 0.693885209021
1460.000000000000 63.309837341309 44.327533721924 17.925441741943 0.136011555317 -0.131626413446 0.694779091512 0.693871283525
1461.000000000000 63.309833526611 44.327182769775 17.924570083618 0.136047231197 -0.131686409423 0.694766822084 0.693865191077
1461.000000000000 63.309837341309 44.327568054199 17.925413131714 0.136040200951 -0.131623276341 0.694793357043 0.693851978349
1461.000000000000 63.309837341309 44.327384948730 17.925312042236 0.135997167251 -0.131619965673 0.694779843412 0.693874573914
1461.000000000000 63.309837341309 44.327568054199 17.925569534302 0.136005361646 -0.131644652271 0.694780461087 0.693867666074
1461.000000000000 63.309829711914 44.328022003174 17.924642562866 0.136040825557 -0.131673536073 0.694766897403 0.693868814657
1461.000000000000 63.309837341309 44.327346801758 17.925636291504 0.136017214513 -0.131619296466 0.694781713530 0.693868898782
1461.000000000000 63.309833526611 44.327846527100 17.925264358521 0.136014193243 -0.131662039069 0.694768210214 0.693874902833
1461.000000000000 63.309833526611 44.327564239502 17.925054550171 0.136053909673 -0.131642923343 0.694769129025 0.693869823346
1461.000000000000 63.309833526611 44.327705383301 17.925317764282 0.136018012580 -0.131670837547 0.694775743143 0.693864941853
1461.000000000000 63.309833526611 44.327754974365 17.925100326538 0.136031053663 -0.131672662557 0.694774605012 0.693863178591
1461.000000000000 63.309833526611 44.327804565430 17.925224304199 0.136033443071 -0.131630842773 0.694790842831 0.693854385528
1462.000000000000 63.309833526611 44.327671051025 17.925468444824 0.135986210014 -0.131646382169 0.694776748996 0.693874808450
1462.000000000000 63.309833526611 44.327060699463 17.925357818604 0.136009488995 -0.131661375218 0.694776518385 0.693867631959
1462.000000000000 63.309829711914 44.327026367188 17.924818038940 0.136019213547 -0.131673451273 0.694774808864 0.693865145935
1462.000000000000 63.309829711914 44.327091217041 17.924602508545 0.136053242131 -0.131657246877 0.694788464774 0.693847875162
1462.000000000000 63.309833526611 44.327682495117 17.925390243530 0.136023633483 -0.131645722262 0.694770797049 0.693873558015
1462.000000000000 63.309833526611 44.326930999756 17.924884796143 0.136029643089 -0.131648173958 0.694782485987 0.693860210460
1462.000000000000 63.309837341309 44.327068328857 17.925540924072 0.136018748666 -0.131667642469 0.694778110660 0.693863033232
1462.000000000000 63.309837341309 44.326721191406 17.925186157227 0.136009526984 -0.131670203909 0.694764188829 0.693878294727
1462.000000000000 63.309837341309 44.327800750732 17.925481796265 0.136023365285 -0.131631700644 0.694778358027 0.693868699899
1462.000000000000 63.309833526611 44.327537536621 17.924716949463 0.136033847834 -0.131656580623 0.694767651615 0.693872644865
1462.000000000000 63.309837341309 44.327697753906 17.925333023071 0.136013072078 -0.131679476704 0.694761051792 0.693878981201
1462.000000000000 63.309837341309 44.327304840088 17.925378799438 0.136007275153 -0.131656145230 0.694769177361 0.693876408821
1462.000000000000 63.309837341309 44.327522277832 17.925319671631 0.136004358652 -0.131660187392 0.694765418327 0.693879977359
1463.000000000000 63.309833526611 44.327877044678 17.925018310547 0.136018684688 -0.131688151480 0.694763975369 0.693873307388
1463.000000000000 63.309833526611 44.327182769775 17.924913406372 0.135977880101 -0.131685210395 0.694779028437 0.693866790624
1463.000000000000 63.309833526611 44.327575683594 17.924842834473 0.135974025824 -0.131713573230 0.694776395301 0.693864799122
1463.000000000000 63.309833526611 44.327270507812 17.924654006958 0.135975701336 -0.131705628779 0.694773924087 0.693868453241
1463.000000000000 63.309837341309 44.326423645020 17.925060272217 0.135947888802 -0.131709605785 0.694771533142 0.693875542161
1463.000000000000 63.309833526611 44.327507019043 17.924757003784 0.135971185671 -0.131729141145 0.694753281903 0.693885543390
1463.000000000000 63.309837341309 44.326789855957 17.924987792969 0.135980682223 -0.131713197037 0.694763721122 0.693876256692
1463.000000000000 63.309837341309 44.326457977295 17.924844741821 0.135984147984 -0.131705002871 0.694763653915 0.693877200169
1464.000000000000 63.309837341309 44.326560974121 17.925088882446 0.135947849742 -0.131670610346 0.694765923214 0.693888567755
1464.000000000000 63.309833526611 44.327331542969 17.924968719482 0.135954607618 -0.131711482218 0.694752315278 0.693893111751
1464.000000000000 63.309833526611 44.326919555664 17.924903869629 0.135971054809 -0.131715411854 0.694771625996 0.693869807850
1464.000000000000 63.309833526611 44.326725006104 17.924959182739 0.135971248074 -0.131699339473 0.694769941414 0.693874507520
1464.000000000000 63.309829711914 44.327236175537 17.924777984619 0.135985648067 -0.131709916338 0.694773897229 0.693865716971
1464.000000000000 63.309829711914 44.327045440674 17.924829483032 0.135949012210 -0.131746179622 0.694746717168 0.693893226093
1464.000000000000 63.309829711914 44.327095031738 17.924964904785 0.135980997422 -0.131681212098 0.694770909354 0.693875068176
1464.000000000000 63.309825897217 44.327602386475 17.924835205078 0.135987072042 -0.131696916387 0.694767935327 0.693873875062
1464.000000000000 63.309829711914 44.326988220215 17.924915313721 0.135960352153 -0.131717442135 0.694765716095 0.693877437174
1464.000000000000 63.309829711914 44.327526092529 17.924936294556 0.135971754306 -0.131697847214 0.694785946737 0.693858665210
1464.000000000000 63.309833526611 44.326599121094 17.925186157227 0.135954038993 -0.131705258175 0.694766167991 0.693880534434
1464.000000000000 63.309829711914 44.327072143555 17.924783706665 0.135965446303 -0.131694498861 0.694781458721 0.693865030822
1464.000000000000 63.309833526611 44.326713562012 17.925266265869 0.135930726733 -0.131680825913 0.694766329645 0.693889576812
1464.000000000000 63.309833526611 44.326499938965 17.924962997437 0.135973215326 -0.131703552003 0.694779915582 0.693863335253
1464.000000000000 63.309829711914 44.327301025391 17.924877166748 0.135975056678 -0.131704803614 0.694773936489 0.693868723781
1465.000000000000 63.309829711914 44.327243804932 17.924821853638 0.135962910807 -0.131730157446 0.694755090473 0.693885161079
1465.000000000000 63.309829711914 44.327220916748 17.925031661987 0.135971239076 -0.131683126420 0.694767967656 0.693879562662
1465.000000000000 63.309829711914 44.326946258545 17.924856185913 0.135971795535 -0.131722212511 0.694780025289 0.693859961382
1465.000000000000 63.309829711914 44.326553344727 17.924940109253 0.135961901431 -0.131712677608 0.694764663147 0.693879092320
1465.000000000000 63.309829711914 44.326988220215 17.924934387207 0.135971343883 -0.131698716462 0.694777743742 0.693866794512
1465.000000000000 63.309825897217 44.327690124512 17.924823760986 0.135985523450 -0.131700535519 0.694780876220 0.693860533821
1465.000000000000 63.309825897217 44.327125549316 17.924779891968 0.135965908594 -0.131733512765 0.694763852966 0.693875163071
1465.000000000000 63.309829711914 44.326892852783 17.925065994263 0.135965303668 -0.131692060704 0.694774649018 0.693872340152
1465.000000000000 63.309829711914 44.326549530029 17.924911499023 0.135974550612 -0.131708959074 0.694767697203 0.693874281559
1465.000000000000 63.309829711914 44.326786041260 17.924928665161 0.135940779953 -0.131740702086 0.694744756370 0.693897842089
1466.000000000000 63.309829711914 44.327133178711 17.925086975098 0.135952484705 -0.131692347004 0.694748302344 0.693901177426
1466.000000000000 63.309829711914 44.327133178711 17.924810409546 0.135948542154 -0.131717643360 0.694771319377 0.693874102475
1466.000000000000 63.309829711914 44.327312469482 17.924591064453 0.135974545542 -0.131718857117 0.694767199634 0.693872901876
1466.000000000000 63.309829711914 44.327461242676 17.924945831299 0.135954769343 -0.131705801958 0.694758754186 0.693887711309
1466.000000000000 63.309829711914 44.326942443848 17.924636840820 0.135975903557 -0.131705876293 0.694764807457 0.693877495039
1466.000000000000 63.309829711914 44.327110290527 17.924951553345 0.135936782776 -0.131707400049 0.694769102759 0.693880570208
1466.000000000000 63.309829711914 44.326797485352 17.924907684326 0.135951987902 -0.131723175870 0.694767279431 0.693876422252
1466.000000000000 63.309833526611 44.326530456543 17.925172805786 0.135978894696 -0.131684668356 0.694781578999 0.693864140737
1466.000000000000 63.309829711914 44.327041625977 17.925027847290 0.135969765325 -0.131675318662 0.694771235540 0.693878061073
1466.000000000000 63.309829711914 44.326938629150 17.924947738647 0.135971494503 -0.131700159540 0.694769818134 0.693874427018
1467.000000000000 63.309829711914 44.326587677002 17.924833297729 0.135986864086 -0.131702093162 0.694779996042 0.693860856767
1467.000000000000 63.309829711914 44.326984405518 17.925136566162 0.135951500182 -0.131685722100 0.694758131784 0.693892786037
1467.000000000000 63.309825897217 44.327274322510 17.924919128418 0.135938990156 -0.131731280121 0.694760749708 0.693883968296
1467.000000000000 63.309825897217 44.327075958252 17.924776077271 0.135973747084 -0.131716717333 0.694759770982 0.693880902680
1467.000000000000 63.309829711914 44.326850891113 17.925115585327 0.135960050987 -0.131684239278 0.694781111953 0.693868382430
1467.000000000000 63.309829711914 44.326480865479 17.924909591675 0.135950899856 -0.131740646645 0.694762562030 0.693878042059
1467.000000000000 63.309833526611 44.326583862305 17.925344467163 0.135918013517 -0.131691206139 0.694759309629 0.693897126028
1467.000000000000 63.309829711914 44.327331542969 17.924709320068 0.135954960606 -0.131727858860 0.694758180130 0.693884061662
1467.000000000000 63.309833526611 44.326499938965 17.924926757812 0.135957912798 -0.131713818172 0.694765729179 0.693878589963
1467.000000000000 63.309833526611 44.326309204102 17.924995422363 0.135949736470 -0.131723198702 0.694768055905 0.693876081568
1467.000000000000 63.309833526611 44.326480865479 17.925081253052 0.135959903247 -0.131691016108 0.694757355454 0.693890912196
1468.000000000000 63.309833526611 44.326591491699 17.925075531006 0.135929220200 -0.131726637169 0.694733434211 0.693914112513
1468.000000000000 63.309833526611 44.327072143555 17.925025939941 0.135973232024 -0.131681926194 0.694779633461 0.693867718960
1468.000000000000 63.309833526611 44.327068328857 17.925029754639 0.135969016554 -0.131675484414 0.694762338034 0.693887085189
1468.000000000000 63.309833526611 44.326648712158 17.924942016602 0.135970049482 -0.131701449853 0.694767646787 0.693876639417
1468.000000000000 63.309833526611 44.327144622803 17.925159454346 0.135957973446 -0.131673969761 0.694768479853 0.693883386850
1468.000000000000 63.309829711914 44.327491760254 17.924901962280 0.135935173044 -0.131736876708 0.694761848830 0.693882553070
1468.000000000000 63.309829711914 44.327404022217 17.924940109253 0.135962434601 -0.131715685750 0.694768330995 0.693874744281
1468.000000000000 63.309829711914 44.327293395996 17.924978256226 0.135961629220 -0.131701802117 0.694769339219 0.693876527907
1468.000000000000 63.309829711914 44.326618194580 17.924972534180 0.135933785544 -0.131733677368 0.694756070879 0.693889217506
1468.000000000000 63.309829711914 44.327392578125 17.924953460693 0.135942281316 -0.131722549060 0.694755811563 0.693889925362
1469.000000000000 63.309833526611 44.326610565186 17.925220489502 0.135954740370 -0.131700564578 0.694777314088 0.693870127394
1469.000000000000 63.309833526611 44.326480865479 17.924959182739 0.135954640773 -0.131718696575 0.694757447838 0.693886596857
1469.000000000000 63.309829711914 44.327190399170 17.924943923950 0.135964410471 -0.131696468372 0.694771086636 0.693875245616
1469.000000000000 63.309829711914 44.326538085938 17.924705505371 0.135977050741 -0.131702364497 0.694767712438 0.693875028093
1469.000000000000 63.309829711914 44.327281951904 17.924839019775 0.135933710031 -0.131721553937 0.694757635575 0.693889967153
1469.000000000000 63.309829711914 44.327392578125 17.924840927124 0.135970288824 -0.131708268515 0.694769446694 0.693873496037
1469.000000000000 63.309833526611 44.326854705811 17.925010681152 0.135949703713 -0.131714762697 0.694757444848 0.693888313906
1469.000000000000 63.309833526611 44.326747894287 17.924905776978 0.135947702658 -0.131735812615 0.694752445355 0.693889715653
1469.000000000000 63.309837341309 44.326282501221 17.925098419189 0.135962599027 -0.131687054378 0.694769750880 0.693878724733
1469.000000000000 63.309833526611 44.327224731445 17.924961090088 0.135948587828 -0.131679726179 0.694760123133 0.693892500669
1469.000000000000 63.309833526611 44.326869964600 17.925033569336 0.135973547172 -0.131695809100 0.694771640269 0.693873026001
1469.000000000000 63.309833526611 44.326477050781 17.924940109253 0.135942314287 -0.131737689045 0.694752977179 0.693889882598
1470.000000000000 63.309833526611 44.327346801758 17.925075531006 0.135960355723 -0.131683246031 0.694754826394 0.693894830351
1470.000000000000 63.309837341309 44.326393127441 17.925117492676 0.135953434405 -0.131694307497 0.694772021738 0.693876870098
1470.000000000000 63.309837341309 44.326377868652 17.924919128418 0.135965383511 -0.131724599845 0.694777419769 0.693863373628
1470.000000000000 63.309837341309 44.326450347900 17.924736022949 0.135957297708 -0.131770548133 0.694759283352 0.693874393562
1470.000000000000 63.309841156006 44.325778961182 17.925003051758 0.135945506745 -0.131739642346 0.694773063592 0.693868774292
1470.000000000000 63.309841156006 44.326183319092 17.925106048584 0.135931161256 -0.131734669866 0.694758434700 0.693887176397
1471.000000000000 63.309841156006 44.325645446777 17.924921035767 0.135947396484 -0.131751450676 0.694749704104 0.693889551212
1471.000000000000 63.309841156006 44.325702667236 17.924980163574 0.135945778424 -0.131743127107 0.694750748237 0.693890403172
1471.000000000000 63.309841156006 44.325637817383 17.925004959106 0.135946426647 -0.131739020812 0.694750150731 0.693891654033
1471.000000000000 63.309844970703 44.325717926025 17.925392150879 0.135909512113 -0.131741379873 0.694747718616 0.693900872477
1471.000000000000 63.309844970703 44.325904846191 17.925298690796 0.135934019243 -0.131750983071 0.694741211055 0.693900764183
1471.000000000000 63.309844970703 44.325748443604 17.925497055054 0.135930794685 -0.131718063544 0.694753623867 0.693895217534
1471.000000000000 63.309844970703 44.325618743896 17.925361633301 0.135927324767 -0.131728348035 0.694745160952 0.693902418240
1471.000000000000 63.309844970703 44.325763702393 17.925506591797 0.135917810919 -0.131712425897 0.694735650564 0.693916825978
1471.000000000000 63.309844970703 44.325641632080 17.925260543823 0.135938463946 -0.131732812302 0.694732814105 0.693911750289
1472.000000000000 63.309844970703 44.325553894043 17.925144195557 0.135933919706 -0.131738273499 0.694729380203 0.693915041667
1472.000000000000 63.309848785400 44.325172424316 17.925563812256 0.135926462324 -0.131716511069 0.694719610771 0.693930414351
1472.000000000000 63.309848785400 44.324703216553 17.925596237183 0.135939606876 -0.131693998848 0.694720437253 0.693931284792
1472.000000000000 63.309848785400 44.325187683105 17.925479888916 0.135929321883 -0.131727218088 0.694709189773 0.693938254539
1472.000000000000 63.309852600098 44.324634552002 17.925678253174 0.135956568978 -0.131655607379 0.694714009100 0.693941681957
1472.000000000000 63.309848785400 44.324844360352 17.925157546997 0.135999521410 -0.131694673358 0.694710301270 0.693929564505
1472.000000000000 63.309848785400 44.324398040771 17.925294876099 0.135988638431 -0.131666878454 0.694714473123 0.693932795138
1472.000000000000 63.309848785400 44.324829101562 17.925180435181 0.135981166670 -0.131694873621 0.694714397931 0.693929022221
1472.000000000000 63.309852600098 44.324810028076 17.925516128540 0.135977810862 -0.131668270913 0.694716925483 0.693932197578
1472.000000000000 63.309852600098 44.324810028076 17.925518035889 0.135976645079 -0.131690224294 0.694715023485 0.693930164327
1473.000000000000 63.309852600098 44.324771881104 17.925313949585 0.135997409488 -0.131707998234 0.694721549495 0.693916188369
1473.000000000000 63.309852600098 44.324924468994 17.925172805786 0.135985920941 -0.131697365032 0.694712558390 0.693929459358
1473.000000000000 63.309852600098 44.325019836426 17.925535202026 0.135940580246 -0.131714424046 0.694707089494 0.693940580272
1473.000000000000 63.309848785400 44.325233459473 17.925260543823 0.135978490403 -0.131715148989 0.694729927863 0.693910150528
1473.000000000000 63.309848785400 44.325050354004 17.925294876099 0.135947679389 -0.131748569864 0.694708858662 0.693930936408
1473.000000000000 63.309848785400 44.325107574463 17.925580978394 0.135925685270 -0.131724262774 0.694727380378 0.693921316601
1473.000000000000 63.309844970703 44.325309753418 17.925245285034 0.135951605760 -0.131753161442 0.694729470049 0.693908660262
1473.000000000000 63.309844970703 44.325366973877 17.925245285034 0.135944379818 -0.131762206599 0.694720418320 0.693917420791
1473.000000000000 63.309844970703 44.325370788574 17.925411224365 0.135951194856 -0.131720218497 0.694722326124 0.693922147104
1473.000000000000 63.309844970703 44.325134277344 17.925355911255 0.135955485075 -0.131727054610 0.694723502278 0.693918831381
1474.000000000000 63.309844970703 44.325664520264 17.925722122192 0.135955259795 -0.131725279357 0.694730650225 0.693912056207
1474.000000000000 63.309844970703 44.325382232666 17.925722122192 0.135952389103 -0.131734476003 0.694716412517 0.693925127020
1474.000000000000 63.309844970703 44.325004577637 17.925395965576 0.135995740897 -0.131738374860 0.694716868153 0.693915435878
1474.000000000000 63.309844970703 44.324665069580 17.925048828125 0.135990902864 -0.131776269734 0.694715090329 0.693910968600
1474.000000000000 63.309844970703 44.324893951416 17.925201416016 0.135984907848 -0.131753201774 0.694704132120 0.693927494393
1474.000000000000 63.309848785400 44.324958801270 17.925580978394 0.135947822206 -0.131763100127 0.694698104348 0.693938915826
1474.000000000000 63.309848785400 44.325141906738 17.925424575806 0.135978953786 -0.131775665447 0.694698858802 0.693929674897
1474.000000000000 63.309848785400 44.325222015381 17.925235748291 0.135988731133 -0.131775623930 0.694709329871 0.693917283927
1475.000000000000 63.309848785400 44.325016021729 17.925312042236 0.135984193320 -0.131783469436 0.694699216383 0.693926808177
1475.000000000000 63.309848785400 44.325096130371 17.925205230713 0.135963894814 -0.131819072752 0.694688248294 0.693935003475
1475.000000000000 63.309852600098 44.324703216553 17.925487518311 0.135928195748 -0.131779398439 0.694692509340 0.693945266729
1475.000000000000 63.309852600098 44.324890136719 17.925779342651 0.135906834492 -0.131813639551 0.694686014867 0.693949448818
1475.000000000000 63.309852600098 44.324680328369 17.925973892212 0.135881543401 -0.131812957787 0.694683614475 0.693956933896
1475.000000000000 63.309848785400 44.324821472168 17.925617218018 0.135940284421 -0.131800608441 0.694693255053 0.693938124093
1475.000000000000 63.309844970703 44.325122833252 17.925361633301 0.135950687606 -0.131804966910 0.694685832672 0.693942688644
1475.000000000000 63.309844970703 44.325046539307 17.925556182861 0.135913504800 -0.131817292675 0.694669512439 0.693963968122
1475.000000000000 63.309844970703 44.324554443359 17.925399780273 0.135946934720 -0.131806255878 0.694679871877 0.693949146163
1475.000000000000 63.309844970703 44.324939727783 17.925317764282 0.135941235697 -0.131795145798 0.694682127669 0.693950114547
1475.000000000000 63.309844970703 44.324848175049 17.925132751465 0.135958517953 -0.131806926290 0.694671041215 0.693955589411
1475.000000000000 63.309848785400 44.325141906738 17.925725936890 0.135899791441 -0.131827374950 0.694671421823 0.693962827248
1476.000000000000 63.309848785400 44.325302124023 17.925737380981 0.135881531792 -0.131822573826 0.694666641850 0.693972099618
1476.000000000000 63.309848785400 44.325431823730 17.925615310669 0.135899826387 -0.131849705589 0.694654891411 0.693975125031
1476.000000000000 63.309848785400 44.325283050537 17.925745010376 0.135906993736 -0.131850078645 0.694663216231 0.693965317455
1476.000000000000 63.309848785400 44.324966430664 17.925851821899 0.135907809228 -0.131831600800 0.694666618452 0.693965262552
1476.000000000000 63.309848785400 44.324954986572 17.925878524780 0.135881385629 -0.131828405765 0.694656783835 0.693980888170
1476.000000000000 63.309848785400 44.325469970703 17.925769805908 0.135893156235 -0.131862571328 0.694665531364 0.693963336140
1476.000000000000 63.309848785400 44.325210571289 17.925855636597 0.135908537212 -0.131828657553 0.694676134865 0.693956152944
1476.000000000000 63.309848785400 44.325435638428 17.925773620605 0.135909615338 -0.131855715032 0.694671228622 0.693955712561
1476.000000000000 63.309848785400 44.325592041016 17.925643920898 0.135915746448 -0.131835919507 0.694658883076 0.693970630761
1476.000000000000 63.309852600098 44.325084686279 17.925996780396 0.135887097677 -0.131831065417 0.694674073960 0.693961957058
1476.000000000000 63.309852600098 44.325447082520 17.925882339478 0.135887739916 -0.131847376728 0.694665409593 0.693967405651
1476.000000000000 63.309852600098 44.325443267822 17.925846099854 0.135895590004 -0.131852350262 0.694667358463 0.693962972668
1476.000000000000 63.309852600098 44.325717926025 17.925775527954 0.135899738004 -0.131849889135 0.694671781434 0.693958200488
1477.000000000000 63.309852600098 44.325187683105 17.925649642944 0.135918298101 -0.131854293424 0.694677396196 0.693948108119
1477.000000000000 63.309856414795 44.325160980225 17.926076889038 0.135859680495 -0.131849086827 0.694660723092 0.693977265702
1477.000000000000 63.309852600098 44.325469970703 17.925765991211 0.135909952691 -0.131826323021 0.694676776222 0.693955677185
1477.000000000000 63.309852600098 44.325431823730 17.925596237183 0.135889558933 -0.131851751728 0.694664999006 0.693966629237
1477.000000000000 63.309852600098 44.325603485107 17.925767898560 0.135888922488 -0.131856366783 0.694676830513 0.693954033371
1477.000000000000 63.309852600098 44.325077056885 17.925884246826 0.135898054792 -0.131867686576 0.694666917988 0.693960016855
1477.000000000000 63.309852600098 44.325141906738 17.926019668579 0.135890460983 -0.131845617675 0.694673985319 0.693958622566
1477.000000000000 63.309848785400 44.325313568115 17.925447463989 0.135912327361 -0.131881089952 0.694659751026 0.693961848871
1477.000000000000 63.309852600098 44.325054168701 17.925807952881 0.135876302095 -0.131892751999 0.694656670808 0.693969770379
1478.000000000000 63.309852600098 44.325336456299 17.925783157349 0.135905979465 -0.131847212693 0.694660259192 0.693969020598
1478.000000000000 63.309848785400 44.325580596924 17.925449371338 0.135922951353 -0.131865487965 0.694670113083 0.693952360302
1478.000000000000 63.309848785400 44.325496673584 17.925354003906 0.135912878726 -0.131862846284 0.694655931804 0.693969030704
1478.000000000000 63.309848785400 44.325328826904 17.925420761108 0.135939930105 -0.131849169775 0.694666017324 0.693956235081
1478.000000000000 63.309848785400 44.325229644775 17.925519943237 0.135894840988 -0.131873708510 0.694656740449 0.693969689645
1478.000000000000 63.309844970703 44.325416564941 17.925134658813 0.135922127452 -0.131874449050 0.694645841408 0.693975114807
1478.000000000000 63.309844970703 44.325836181641 17.925266265869 0.135929668106 -0.131889404570 0.694652305119 0.693964325656
1478.000000000000 63.309848785400 44.325016021729 17.925403594971 0.135924319895 -0.131873801608 0.694657498181 0.693963140182
1479.000000000000 63.309844970703 44.325481414795 17.925243377686 0.135934577518 -0.131873293857 0.694678906834 0.693939796670
1479.000000000000 63.309844970703 44.325191497803 17.925359725952 0.135911479570 -0.131900152191 0.694653429294 0.693964720099
1479.000000000000 63.309844970703 44.325294494629 17.925600051880 0.135904710657 -0.131844640299 0.694660842155 0.693969174260
1479.000000000000 63.309844970703 44.325592041016 17.925502777100 0.135931866352 -0.131868192421 0.694663336754 0.693956883464
1479.000000000000 63.309844970703 44.325336456299 17.925592422485 0.135917563842 -0.131844874567 0.694661677594 0.693965776225
1479.000000000000 63.309844970703 44.325237274170 17.925607681274 0.135934881558 -0.131848873737 0.694645775566 0.693977542114
1479.000000000000 63.309844970703 44.325531005859 17.925460815430 0.135935108762 -0.131870801110 0.694640247349 0.693978864796
1479.000000000000 63.309844970703 44.325111389160 17.925603866577 0.135926125185 -0.131854444337 0.694658332110 0.693965630007
1479.000000000000 63.309844970703 44.325340270996 17.925596237183 0.135916839235 -0.131829700838 0.694662587124 0.693967890352
1479.000000000000 63.309844970703 44.325786590576 17.925584793091 0.135916182506 -0.131873048888 0.694654135602 0.693968242934
1479.000000000000 63.309844970703 44.325187683105 17.925611495972 0.135914480829 -0.131849451449 0.694659741123 0.693967448888
1480.000000000000 63.309844970703 44.325454711914 17.925504684448 0.135924351266 -0.131854965730 0.694653560429 0.693970654804
1480.000000000000 63.309844970703 44.324890136719 17.925418853760 0.135943814873 -0.131861298512 0.694656713072 0.693962483234
1480.000000000000 63.309844970703 44.325153350830 17.925468444824 0.135930445729 -0.131857460715 0.694648712052 0.693973840157
1480.000000000000 63.309844970703 44.325321197510 17.925426483154 0.135936826331 -0.131856537022 0.694660940840 0.693960524932
1480.000000000000 63.309844970703 44.324985504150 17.925596237183 0.135932094762 -0.131833635597 0.694655159870 0.693971589480
1480.000000000000 63.309841156006 44.325210571289 17.925195693970 0.135938335394 -0.131862344593 0.694650740358 0.693969336475
1480.000000000000 63.309841156006 44.325496673584 17.925546646118 0.135924596019 -0.131866682127 0.694662258891 0.693959673479
1480.000000000000 63.309841156006 44.324985504150 17.925512313843 0.135910705577 -0.131878181625 0.694650168853 0.693972310855
1480.000000000000 63.309844970703 44.324066162109 17.925605773926 0.135913349240 -0.131874101653 0.694659133442 0.693963594965
1480.000000000000 63.309841156006 44.324920654297 17.925405502319 0.135888182742 -0.131897932698 0.694646030824 0.693977109854
1480.000000000000 63.309841156006 44.324832916260 17.925407409668 0.135927085540 -0.131878426084 0.694659558580 0.693959657202
1481.000000000000 63.309841156006 44.324710845947 17.925098419189 0.135936431252 -0.131887394257 0.694693094935 0.693922550249
1481.000000000000 63.309841156006 44.325386047363 17.925365447998 0.135900363536 -0.131900325612 0.694653791574 0.693966501458
1481.000000000000 63.309841156006 44.325225830078 17.925130844116 0.135921074998 -0.131891834762 0.694673432412 0.693944398058
1481.000000000000 63.309841156006 44.325042724609 17.925151824951 0.135912654223 -0.131901193180 0.694666936571 0.693950771233
1481.000000000000 63.309841156006 44.325134277344 17.925437927246 0.135867336429 -0.131885546352 0.694646862159 0.693982713364
1481.000000000000 63.309841156006 44.325450897217 17.925342559814 0.135881320818 -0.131912941705 0.694643355182 0.693978278885
1481.000000000000 63.309841156006 44.325439453125 17.925426483154 0.135888764258 -0.131923580912 0.694643281021 0.693974873234
1481.000000000000 63.309841156006 44.325111389160 17.925399780273 0.135902233907 -0.131913758917 0.694645258050 0.693972123717
1481.000000000000 63.309841156006 44.325538635254 17.925428390503 0.135857946918 -0.131935247707 0.694641236174 0.693980735813
1481.000000000000 63.309841156006 44.325454711914 17.925430297852 0.135867364441 -0.131947728085 0.694626880259 0.693990888668
1481.000000000000 63.309841156006 44.325973510742 17.925344467163 0.135883230731 -0.131923180489 0.694620681465 0.693998653411
1482.000000000000 63.309841156006 44.325572967529 17.925422668457 0.135855380063 -0.131913651619 0.694619242882 0.694007357053
1482.000000000000 63.309841156006 44.326026916504 17.925527572632 0.135840715092 -0.131943112126 0.694601754515 0.694022130706
1482.000000000000 63.309841156006 44.325508117676 17.925405502319 0.135857731332 -0.131923939184 0.694625712117 0.693998466262
1482.000000000000 63.309841156006 44.325531005859 17.925172805786 0.135876744241 -0.131942642289 0.694626843122 0.693990056365
1482.000000000000 63.309841156006 44.325908660889 17.925222396851 0.135864588534 -0.131914600533 0.694617006907 0.694007611964
1482.000000000000 63.309837341309 44.325714111328 17.924777984619 0.135883628760 -0.131943021981 0.694618650822 0.693996835956
1482.000000000000 63.309841156006 44.325698852539 17.925230026245 0.135815902702 -0.131953674651 0.694614911095 0.694011810853
1482.000000000000 63.309841156006 44.325660705566 17.925157546997 0.135849100805 -0.131965372286 0.694611455783 0.694006547392
1482.000000000000 63.309841156006 44.325775146484 17.925455093384 0.135804014493 -0.131967853103 0.694613406027 0.694012947691
1482.000000000000 63.309837341309 44.326179504395 17.925045013428 0.135876293061 -0.131948132554 0.694620353747 0.693995596139
1482.000000000000 63.309837341309 44.326225280762 17.925191879272 0.135839595373 -0.131950400890 0.694614451512 0.694008256280
1482.000000000000 63.309837341309 44.326232910156 17.925416946411 0.135836783713 -0.131962071838 0.694616656009 0.694004381096
1483.000000000000 63.309837341309 44.326255798340 17.925756454468 0.135804703445 -0.131976672079 0.694598394556 0.694026160047
1483.000000000000 63.309833526611 44.326389312744 17.925428390503 0.135848340096 -0.131954241278 0.694620295709 0.693999965051
1483.000000000000 63.309833526611 44.326576232910 17.925590515137 0.135824819116 -0.131981950601 0.694614047927 0.694005553040
1483.000000000000 63.309833526611 44.325958251953 17.925374984741 0.135862245318 -0.131937584472 0.694630770573 0.693989925484
1483.000000000000 63.309829711914 44.326789855957 17.924882888794 0.135868768203 -0.131971856039 0.694607402756 0.694005520927
1484.000000000000 63.309833526611 44.326129913330 17.925481796265 0.135855815635 -0.131964327343 0.694627173794 0.693989699559
1484.000000000000 63.309833526611 44.326236724854 17.925432205200 0.135856397253 -0.131934268175 0.694611130732 0.694011358171
1484.000000000000 63.309833526611 44.326396942139 17.925682067871 0.135853783721 -0.131934142224 0.694611194329 0.694011830070
1484.000000000000 63.309833526611 44.325962066650 17.925601959229 0.135822651512 -0.131946352945 0.694609471631 0.694017326297
1484.000000000000 63.309833526611 44.326007843018 17.925352096558 0.135851909544 -0.131957530963 0.694628738103 0.693990190778
1484.000000000000 63.309833526611 44.326053619385 17.925514221191 0.135848412354 -0.131969768271 0.694614455006 0.694002844389
1484.000000000000 63.309833526611 44.326713562012 17.925529479980 0.135850172145 -0.131963859934 0.694611902610 0.694006178035
1484.000000000000 63.309833526611 44.326580047607 17.925348281860 0.135870432249 -0.131961254454 0.694617737416 0.693996867306
1485.000000000000 63.309833526611 44.326377868652 17.925319671631 0.135861607133 -0.131948349326 0.694631378072 0.693987395718
1485.000000000000 63.309837341309 44.326244354248 17.925689697266 0.135850877812 -0.131923519314 0.694623931434 0.694001669976
1485.000000000000 63.309833526611 44.326656341553 17.925289154053 0.135854024677 -0.131953705850 0.694620982336 0.693998266849
1485.000000000000 63.309837341309 44.326534271240 17.925634384155 0.135838584826 -0.131931054687 0.694608690350 0.694017898164
1485.000000000000 63.309837341309 44.326759338379 17.925699234009 0.135818701903 -0.131962796918 0.694614640496 0.694009799391
1485.000000000000 63.309837341309 44.325881958008 17.925292968750 0.135830484011 -0.131978309595 0.694608439974 0.694010749576
1485.000000000000 63.309841156006 44.326087951660 17.925807952881 0.135838825296 -0.131919219805 0.694633398270 0.693995371019
1485.000000000000 63.309841156006 44.325447082520 17.925542831421 0.135833341078 -0.131951276279 0.694609622829 0.694014146840
1485.000000000000 63.309837341309 44.326469421387 17.925485610962 0.135838753571 -0.131960857388 0.694623471058 0.693997405327
1485.000000000000 63.309837341309 44.326400756836 17.925600051880 0.135832811837 -0.131973275041 0.694594069007 0.694025634399
1485.000000000000 63.309837341309 44.326282501221 17.925424575806 0.135860425693 -0.131922869894 0.694612420428 0.694011445523
1485.000000000000 63.309837341309 44.325668334961 17.925321578979 0.135877911167 -0.131945690968 0.694617872301 0.693998227211
1486.000000000000 63.309837341309 44.326568603516 17.925386428833 0.135824649373 -0.131963792292 0.694599278410 0.694023821334
1486.000000000000 63.309841156006 44.325862884521 17.925498962402 0.135853864987 -0.131938021201 0.694608037504 0.694014236284
1486.000000000000 63.309841156006 44.326225280762 17.925613403320 0.135848649640 -0.131944258383 0.694622630679 0.693999465432
1486.000000000000 63.309841156006 44.326229095459 17.925559997559 0.135861703354 -0.131912689753 0.694625951656 0.693999587269
1486.000000000000 63.309844970703 44.325500488281 17.925825119019 0.135844972910 -0.131927422129 0.694620391500 0.694005627022
1486.000000000000 63.309841156006 44.325660705566 17.925411224365 0.135851481954 -0.131957639360 0.694602155941 0.694016859469
1486.000000000000 63.309841156006 44.326244354248 17.925682067871 0.135842021715 -0.131936126081 0.694619982315 0.694004959593
1486.000000000000 63.309837341309 44.326522827148 17.925271987915 0.135868644045 -0.131941730590 0.694608558698 0.694010116265
1486.000000000000 63.309841156006 44.326477050781 17.925624847412 0.135860912519 -0.131927323044 0.694642836746 0.693980059686
1487.000000000000 63.309841156006 44.325622558594 17.925642013550 0.135860084923 -0.131944906995 0.694635976410 0.693983745573
1487.000000000000 63.309837341309 44.326183319092 17.925405502319 0.135862691962 -0.131934197231 0.694632487179 0.693988763806
1487.000000000000 63.309841156006 44.325962066650 17.925786972046 0.135830198962 -0.131940840675 0.694625435696 0.694000919088
1487.000000000000 63.309837341309 44.326484680176 17.925464630127 0.135866714286 -0.131946801239 0.694630596162 0.693987472846
1487.000000000000 63.309837341309 44.326435089111 17.925586700439 0.135845870569 -0.131949952158 0.694616864994 0.694004697708
1487.000000000000 63.309837341309 44.326301574707 17.925577163696 0.135878117858 -0.131928960660 0.694629704411 0.693989524544
1487.000000000000 63.309837341309 44.325969696045 17.925556182861 0.135852708356 -0.131927439644 0.694617679565 0.694006823840
1488.000000000000 63.309841156006 44.325908660889 17.925943374634 0.135812913246 -0.131920762065 0.694621356513 0.694012201772
1488.000000000000 63.309837341309 44.326656341553 17.925251007080 0.135889506176 -0.131921726781 0.694633775759 0.693984594706
1488.000000000000 63.309841156006 44.325851440430 17.925231933594 0.135897747002 -0.131921354903 0.694624223030 0.693992613261
1488.000000000000 63.309841156006 44.326259613037 17.925220489502 0.135863015993 -0.131931911454 0.694633005387 0.693988616227
1488.000000000000 63.309841156006 44.326049804688 17.925262451172 0.135856363431 -0.131937568713 0.694627353547 0.693994500109
1488.000000000000 63.309841156006 44.326511383057 17.925172805786 0.135864663847 -0.131946703252 0.694612211694 0.694006293908
1488.000000000000 63.309841156006 44.326515197754 17.925268173218 0.135873648204 -0.131938896865 0.694615788945 0.694002438732
1488.000000000000 63.309841156006 44.325912475586 17.925275802612 0.135887601481 -0.131908629395 0.694625446830 0.693995793842
1488.000000000000 63.309837341309 44.326229095459 17.924840927124 0.135894856427 -0.131930017228 0.694619141972 0.693996618260
1488.000000000000 63.309841156006 44.326198577881 17.925292968750 0.135856296389 -0.131923436037 0.694636056246 0.693988489183
1488.000000000000 63.309841156006 44.326141357422 17.925374984741 0.135864220117 -0.131934578159 0.694630970277 0.693989910525
1488.000000000000 63.309837341309 44.326770782471 17.925016403198 0.135886649033 -0.131944942385 0.694629821437 0.693984698653
1489.000000000000 63.309837341309 44.326389312744 17.924760818481 0.135896798267 -0.131947433918 0.694631673264 0.693980384018
1489.000000000000 63.309841156006 44.326313018799 17.925127029419 0.135869824285 -0.131936079015 0.694624299811 0.693995204605
1489.000000000000 63.309841156006 44.326168060303 17.925310134888 0.135877652293 -0.131929275216 0.694617245069 0.694002026511
1489.000000000000 63.309841156006 44.326438903809 17.925376892090 0.135883596349 -0.131978571320 0.694609383291 0.693999358501
1489.000000000000 63.309841156006 44.326339721680 17.925336837769 0.135888720742 -0.131965921429 0.694615698582 0.693994439776
1489.000000000000 63.309841156006 44.326099395752 17.924976348877 0.135877745190 -0.131999986578 0.694605870433 0.693999947165
1489.000000000000 63.309841156006 44.325721740723 17.924974441528 0.135874560590 -0.131999117384 0.694604385764 0.694002221951
1489.000000000000 63.309844970703 44.326118469238 17.925613403320 0.135844843010 -0.131988412940 0.694592860725 0.694021610116
1489.000000000000 63.309841156006 44.326103210449 17.924934387207 0.135891136176 -0.131983693577 0.694596714984 0.694009587305
1489.000000000000 63.309841156006 44.325958251953 17.924678802490 0.135897612509 -0.132000866833 0.694595222728 0.694006546535
1489.000000000000 63.309841156006 44.326049804688 17.924880981445 0.135873111749 -0.131997971309 0.694593009716 0.694014109314
1489.000000000000 63.309841156006 44.325740814209 17.925010681152 0.135909941608 -0.131946710257 0.694601340742 0.694008307489
1490.000000000000 63.309844970703 44.325984954834 17.925628662109 0.135845762393 -0.131944385606 0.694605348297 0.694017303865
1490.000000000000 63.309841156006 44.326133728027 17.924991607666 0.135868925238 -0.131986419631 0.694596084154 0.694014048896
1490.000000000000 63.309841156006 44.325992584229 17.924808502197 0.135898921591 -0.131994168378 0.694601807485 0.694000973820
1490.000000000000 63.309841156006 44.325668334961 17.924913406372 0.135894191445 -0.131993427256 0.694588373658 0.694015486190
1490.000000000000 63.309844970703 44.325592041016 17.925331115723 0.135889132698 -0.131947792931 0.694601974588 0.694011542018
1490.000000000000 63.309844970703 44.325881958008 17.925348281860 0.135861886668 -0.131951446822 0.694602252674 0.694015903285
1490.000000000000 63.309844970703 44.325729370117 17.925001144409 0.135882691186 -0.131982118972 0.694591109783 0.694017150162
1490.000000000000 63.309848785400 44.325645446777 17.925447463989 0.135877742309 -0.131940187200 0.694602759016 0.694014433073
1490.000000000000 63.309844970703 44.325950622559 17.925035476685 0.135866722216 -0.131959344182 0.694594727884 0.694020986191
1490.000000000000 63.309844970703 44.325965881348 17.925281524658 0.135859762537 -0.131971759370 0.694591266220 0.694023452444
1490.000000000000 63.309844970703 44.326095581055 17.925388336182 0.135848382907 -0.131983962745 0.694606066863 0.694008546285
1490.000000000000 63.309844970703 44.326309204102 17.925216674805 0.135883520287 -0.131967306213 0.694605254122 0.694005648357
1491.000000000000 63.309844970703 44.325653076172 17.925220489502 0.135856550227 -0.131991509060 0.694598861368 0.694012724006
1491.000000000000 63.309844970703 44.325828552246 17.925180435181 0.135855403557 -0.131977022713 0.694605857130 0.694008701704
1491.000000000000 63.309844970703 44.326091766357 17.924953460693 0.135879351733 -0.131980220904 0.694608847326 0.694000412305
1491.000000000000 63.309844970703 44.325851440430 17.925079345703 0.135870197093 -0.131986790014 0.694598565516 0.694011246009
1491.000000000000 63.309844970703 44.326267242432 17.925075531006 0.135884393446 -0.131979906053 0.694608759856 0.693999572584
1491.000000000000 63.309844970703 44.326423645020 17.925195693970 0.135885089163 -0.131954025108 0.694613598074 0.693999515254
1491.000000000000 63.309844970703 44.326309204102 17.925334930420 0.135863555087 -0.131956581225 0.694607012483 0.694009836587
1491.000000000000 63.309844970703 44.325946807861 17.925176620483 0.135890858395 -0.131993185598 0.694594004500 0.694010549252
1491.000000000000 63.309844970703 44.326156616211 17.925088882446 0.135884142572 -0.131992303308 0.694597557999 0.694008475515
1492.000000000000 63.309848785400 44.325691223145 17.925317764282 0.135845534741 -0.131932261737 0.694611803826 0.694013192231
1492.000000000000 63.309848785400 44.326244354248 17.925245285034 0.135856925560 -0.131981486237 0.694594205182 0.694019216733
1492.000000000000 63.309848785400 44.325916290283 17.925321578979 0.135872226771 -0.131963237561 0.694605478400 0.694008408668
1492.000000000000 63.309848785400 44.326133728027 17.925151824951 0.135884588317 -0.131983827603 0.694594444107 0.694013116680
1492.000000000000 63.309848785400 44.325954437256 17.925201416016 0.135875916462 -0.131953815492 0.694607193418 0.694007761307
1492.000000000000 63.309848785400 44.325885772705 17.925294876099 0.135875566792 -0.131941756791 0.694616392523 0.694000915275
1492.000000000000 63.309848785400 44.325984954834 17.925098419189 0.135852424451 -0.131988247749 0.694594529008 0.694018487865
1492.000000000000 63.309848785400 44.325809478760 17.925180435181 0.135892809355 -0.131972669938 0.694608344959 0.693999716044
1492.000000000000 63.309848785400 44.325927734375 17.925518035889 0.135844397787 -0.131973639986 0.694586352941 0.694031019657
1492.000000000000 63.309848785400 44.325443267822 17.925275802612 0.135870279522 -0.131950472227 0.694601921607 0.694014776876
1492.000000000000 63.309844970703 44.326103210449 17.925142288208 0.135869355366 -0.131973121413 0.694602941600 0.694009630349
1493.000000000000 63.309844970703 44.325912475586 17.924865722656 0.135892762066 -0.131992786119 0.694610893789 0.693993348571
1493.000000000000 63.309844970703 44.326255798340 17.925271987915 0.135875944938 -0.131952584840 0.694611623304 0.694003555979
1493.000000000000 63.309844970703 44.325973510742 17.925262451172 0.135857084265 -0.131950902286 0.694609698477 0.694009494764
1493.000000000000 63.309844970703 44.326431274414 17.925163269043 0.135864768625 -0.131987729156 0.694601175761 0.694009517680
1493.000000000000 63.309844970703 44.325954437256 17.925226211548 0.135875612601 -0.131980512969 0.694600929597 0.694009013414
1493.000000000000 63.309844970703 44.326026916504 17.925079345703 0.135887763967 -0.131989595935 0.694592587078 0.694013256462
1493.000000000000 63.309844970703 44.326068878174 17.925186157227 0.135868790374 -0.131977353312 0.694587178768 0.694024712173
1493.000000000000 63.309844970703 44.326400756836 17.925132751465 0.135875798647 -0.131993758578 0.694602197308 0.694005189126
1493.000000000000 63.309844970703 44.326164245605 17.925189971924 0.135884036109 -0.131972337974 0.694602031022 0.694007816412
1493.000000000000 63.309841156006 44.325992584229 17.924449920654 0.135929936299 -0.131987762974 0.694605619193 0.693992303004
1493.000000000000 63.309844970703 44.326339721680 17.925024032593 0.135891030432 -0.131946544331 0.694606760000 0.694006618304
1493.000000000000 63.309844970703 44.326393127441 17.925100326538 0.135870149072 -0.131962171084 0.694599985736 0.694014515561
1494.000000000000 63.309844970703 44.326766967773 17.925022125244 0.135873864837 -0.131968993868 0.694600906613 0.694011569099
1494.000000000000 63.309844970703 44.325859069824 17.924871444702 0.135888508948 -0.131978655022 0.694610784346 0.693996978397
1494.000000000000 63.309844970703 44.325798034668 17.924873352051 0.135881378284 -0.131987778445 0.694595091329 0.694012346056
1494.000000000000 63.309844970703 44.325614929199 17.924793243408 0.135882624907 -0.131966328682 0.694594462861 0.694016809959
1494.000000000000 63.309844970703 44.326091766357 17.925006866455 0.135861877263 -0.131954339529 0.694608785114 0.694008817111
1494.000000000000 63.309844970703 44.326477050781 17.925016403198 0.135889229932 -0.131950670265 0.694617623466 0.693995313367
1494.000000000000 63.309844970703 44.326160430908 17.924905776978 0.135903299149 -0.131959314897 0.694610852689 0.693997691508
1494.000000000000 63.309844970703 44.326297760010 17.924766540527 0.135890840603 -0.131995484692 0.694604330227 0.693999780901
1494.000000000000 63.309844970703 44.326301574707 17.924921035767 0.135890395639 -0.131967071171 0.694610186510 0.693999410156
1494.000000000000 63.309844970703 44.326583862305 17.925048828125 0.135884223505 -0.131952814734 0.694609492694 0.694004023869
1494.000000000000 63.309844970703 44.326606750488 17.925090789795 0.135877459295 -0.131965580410 0.694596670971 0.694015753653
1494.000000000000 63.309844970703 44.326385498047 17.925022125244 0.135890331226 -0.131967005039 0.694603016894 0.694006611194
1494.000000000000 63.309844970703 44.326194763184 17.924839019775 0.135921897440 -0.131960234419 0.694597179469 0.694007559470
1495.000000000000 63.309841156006 44.326450347900 17.924427032471 0.135922452974 -0.131995905154 0.694603720494 0.693994120492
1495.000000000000 63.309841156006 44.326412200928 17.924621582031 0.135900027072 -0.132004519336 0.694588767062 0.694011840092
1495.000000000000 63.309841156006 44.326404571533 17.924577713013 0.135925033944 -0.131985606609 0.694587580716 0.694011727214
1495.000000000000 63.309841156006 44.326282501221 17.924631118774 0.135933231165 -0.131952776977 0.694595211465 0.694008727267
1495.000000000000 63.309841156006 44.326648712158 17.924959182739 0.135891233937 -0.131952145839 0.694592745737 0.694019539578
1495.000000000000 63.309841156006 44.326889038086 17.924816131592 0.135896855789 -0.131993014598 0.694588216618 0.694015200135
1495.000000000000 63.309841156006 44.326564788818 17.924638748169 0.135910128164 -0.131983527404 0.694589408417 0.694013212605
1495.000000000000 63.309841156006 44.326530456543 17.924818038940 0.135904940790 -0.131983474029 0.694594719781 0.694008922784
1495.000000000000 63.309841156006 44.326446533203 17.924812316895 0.135895208259 -0.131980266516 0.694589030765 0.694017132328
1495.000000000000 63.309841156006 44.326328277588 17.924606323242 0.135923104261 -0.131965682149 0.694601439371 0.694002023690
1495.000000000000 63.309844970703 44.326313018799 17.924987792969 0.135865344070 -0.131963463872 0.694594890032 0.694020310383
1495.000000000000 63.309841156006 44.326591491699 17.924497604370 0.135906934145 -0.131995790852 0.694587031280 0.694013884894
1495.000000000000 63.309844970703 44.326538085938 17.924861907959 0.135904703112 -0.131976619466 0.694600472213 0.694004515539
1495.000000000000 63.309844970703 44.326435089111 17.924736022949 0.135898601016 -0.131985679951 0.694602172972 0.694002285178
1495.000000000000 63.309841156006 44.326995849609 17.924249649048 0.135947781392 -0.131996782405 0.694598635825 0.693994081588
1495.000000000000 63.309844970703 44.326587677002 17.924684524536 0.135905242574 -0.132005983696 0.694570103694 0.694029218667
1495.000000000000 63.309844970703 44.326583862305 17.924634933472 0.135921910676 -0.131975588501 0.694578252982 0.694023579371
1496.000000000000 63.309844970703 44.326465606689 17.924808502197 0.135899021055 -0.131992908822 0.694586876918 0.694016137068
1496.000000000000 63.309844970703 44.326366424561 17.924592971802 0.135929594629 -0.131969404470 0.694597230038 0.694004257632
1496.000000000000 63.309844970703 44.326438903809 17.924615859985 0.135921801290 -0.131999137937 0.694580771243 0.694016601917
1496.000000000000 63.309844970703 44.327171325684 17.924753189087 0.135930490723 -0.131959134130 0.694600254332 0.694003008129
1496.000000000000 63.309844970703 44.326343536377 17.924776077271 0.135905665047 -0.131953696225 0.694608170389 0.694000981188
1496.000000000000 63.309844970703 44.326805114746 17.924871444702 0.135901964736 -0.131976241196 0.694594731910 0.694010868894
1496.000000000000 63.309844970703 44.326461791992 17.924818038940 0.135904803271 -0.131985242282 0.694603808654 0.693999516766
1496.000000000000 63.309844970703 44.326946258545 17.924806594849 0.135904229135 -0.131983732794 0.694592113158 0.694011621747
1496.000000000000 63.309844970703 44.326374053955 17.924566268921 0.135921253814 -0.132001892911 0.694584867962 0.694012085073
1496.000000000000 63.309844970703 44.326526641846 17.924734115601 0.135887112213 -0.132004930938 0.694582830796 0.694020231769
1496.000000000000 63.309844970703 44.325988769531 17.924736022949 0.135929130761 -0.131972333663 0.694600464763 0.694000553969
1496.000000000000 63.309844970703 44.326534271240 17.924659729004 0.135896735536 -0.131989022347 0.694599772693 0.694004417151
1496.000000000000 63.309848785400 44.326320648193 17.924974441528 0.135887869354 -0.131979585413 0.694596018470 0.694011705321
1497.000000000000 63.309848785400 44.326385498047 17.924886703491 0.135915731210 -0.131984149112 0.694600502979 0.694000893122
1497.000000000000 63.309848785400 44.326229095459 17.924491882324 0.135909800663 -0.131969669672 0.694593548268 0.694011768686
1497.000000000000 63.309848785400 44.326961517334 17.924602508545 0.135890396147 -0.131994536137 0.694594018054 0.694010369338
1497.000000000000 63.309848785400 44.326698303223 17.924793243408 0.135898531234 -0.131981546725 0.694593425771 0.694011839531
1497.000000000000 63.309848785400 44.326362609863 17.924512863159 0.135926480655 -0.131994795061 0.694588069142 0.694009207532
1497.000000000000 63.309852600098 44.325866699219 17.925018310547 0.135886529573 -0.131974910839 0.694596389679 0.694012485071
1497.000000000000 63.309848785400 44.326251983643 17.924791336060 0.135920076167 -0.131972910792 0.694605600887 0.693997077031
1497.000000000000 63.309848785400 44.326549530029 17.924659729004 0.135905986610 -0.131942591786 0.694611780909 0.693999415777
1497.000000000000 63.309848785400 44.326602935791 17.924732208252 0.135896313408 -0.131996159777 0.694584846828 0.694018080718
1497.000000000000 63.309848785400 44.326026916504 17.924818038940 0.135922545057 -0.131964636790 0.694600390997 0.694003381267
1497.000000000000 63.309844970703 44.326911926270 17.924520492554 0.135941356116 -0.131989329520 0.694592232293 0.694003166728
1497.000000000000 63.309844970703 44.326709747314 17.924676895142 0.135920750974 -0.131969622432 0.694582862376 0.694020327875
1497.000000000000 63.309844970703 44.326950073242 17.924585342407 0.135909515972 -0.131978760891 0.694590382785 0.694013263767
1498.000000000000 63.309848785400 44.326248168945 17.924959182739 0.135889931115 -0.131955627234 0.694593068503 0.694018809724
1498.000000000000 63.309848785400 44.326618194580 17.924821853638 0.135901314945 -0.131989420000 0.694607360204 0.693995850676
1498.000000000000 63.309848785400 44.326690673828 17.924783706665 0.135903658376 -0.131967167840 0.694609234213 0.693997747834
1498.000000000000 63.309848785400 44.326351165771 17.924663543701 0.135923376867 -0.131995052347 0.694599824810 0.693998000826
1498.000000000000 63.309848785400 44.326576232910 17.924808502197 0.135915913117 -0.131994971968 0.694592317705 0.694006991407
1498.000000000000 63.309848785400 44.327095031738 17.924739837646 0.135909475059 -0.131989121999 0.694582778638 0.694018911761
1498.000000000000 63.309848785400 44.326641082764 17.924909591675 0.135871715350 -0.131967878909 0.694591260286 0.694021856312
1498.000000000000 63.309848785400 44.326480865479 17.924663543701 0.135906399527 -0.131981726703 0.694592134362 0.694011557012
1498.000000000000 63.309848785400 44.326427459717 17.924861907959 0.135904035974 -0.131977729225 0.694606057546 0.693998844967
1498.000000000000 63.309848785400 44.326000213623 17.924758911133 0.135901866978 -0.131980636225 0.694606240500 0.693998533767
1498.000000000000 63.309844970703 44.326454162598 17.924322128296 0.135940447107 -0.131996089257 0.694602790476 0.693991491824
1498.000000000000 63.309844970703 44.326976776123 17.924629211426 0.135919028913 -0.131952728294 0.694598183860 0.694008543214
1498.000000000000 63.309844970703 44.327175140381 17.924751281738 0.135903304473 -0.131995775099 0.694604597094 0.693997017923
1498.000000000000 63.309844970703 44.326477050781 17.924804687500 0.135900301713 -0.131993620226 0.694600812063 0.694001804101
1498.000000000000 63.309844970703 44.326560974121 17.924684524536 0.135910431595 -0.131980117344 0.694612516040 0.693990674123
1499.000000000000 63.309844970703 44.326316833496 17.924797058105 0.135920490820 -0.131976781724 0.694613448403 0.693988405205
1499.000000000000 63.309844970703 44.326190948486 17.924884796143 0.135903635724 -0.131956776106 0.694592155502 0.694016821519
1499.000000000000 63.309844970703 44.326427459717 17.924880981445 0.135898192391 -0.131982959883 0.694604307170 0.694000746445
1499.000000000000 63.309844970703 44.326457977295 17.924598693848 0.135911206942 -0.132005287294 0.694587085047 0.694011188123
1499.000000000000 63.309844970703 44.326652526855 17.924718856812 0.135888359204 -0.132005838336 0.694586541008 0.694016101779
1499.000000000000 63.309844970703 44.326805114746 17.924718856812 0.135901678765 -0.131992021595 0.694600324625 0.694002326347
1499.000000000000 63.309848785400 44.326217651367 17.924999237061 0.135884739351 -0.131953161163 0.694597482157 0.694015877809
1499.000000000000 63.309844970703 44.326412200928 17.924526214600 0.135895607947 -0.132005201454 0.694604411393 0.693996918007
1499.000000000000 63.309844970703 44.326263427734 17.924825668335 0.135884904295 -0.131981907813 0.694596066413 0.694011796238
1499.000000000000 63.309844970703 44.326263427734 17.924783706665 0.135891877511 -0.131986555819 0.694590143950 0.694015474350
1499.000000000000 63.309844970703 44.326515197754 17.924690246582 0.135916223366 -0.131992461514 0.694582799482 0.694016934227
1500.000000000000 63.309844970703 44.326316833496 17.924953460693 0.135883935943 -0.131948829070 0.694611155475 0.694003173731
1500.000000000000 63.309841156006 44.326477050781 17.924623489380 0.135894186893 -0.131986908739 0.694593040706 0.694012055870
1500.000000000000 63.309841156006 44.326511383057 17.924705505371 0.135899770793 -0.131990071269 0.694587599204 0.694015807037
1500.000000000000 63.309841156006 44.326347351074 17.924819946289 0.135938164402 -0.131973169649 0.694601562643 0.693997526743
1500.000000000000 63.309841156006 44.326690673828 17.924743652344 0.135906253781 -0.131995678079 0.694586496628 0.694014574670
1500.000000000000 63.309841156006 44.326362609863 17.924701690674 0.135899952190 -0.131974526277 0.694611141529 0.693995165309
1500.000000000000 63.309841156006 44.327022552490 17.924747467041 0.135899119619 -0.131987719065 0.694598503865 0.694005468085
1500.000000000000 63.309841156006 44.326263427734 17.924795150757 0.135921794283 -0.131968290871 0.694596520869 0.694006706913
1500.000000000000 63.309841156006 44.326232910156 17.924728393555 0.135887478912 -0.131986036130 0.694598127727 0.694008443968
1500.000000000000 63.309841156006 44.326515197754 17.924915313721 0.135904993661 -0.131965891338 0.694586100442 0.694020882463
1500.000000000000 63.309841156006 44.326381683350 17.924667358398 0.135909729996 -0.131980008950 0.694605477179 0.693997877232
1501.000000000000 63.309841156006 44.326282501221 17.924837112427 0.135908633303 -0.131978003970 0.694594073044 0.694009887216
1501.000000000000 63.309841156006 44.326667785645 17.924865722656 0.135908682663 -0.131972920276 0.694589591378 0.694015329686
1501.000000000000 63.309841156006 44.326675415039 17.925115585327 0.135866860503 -0.131960095040 0.694585850816 0.694029700647
1501.000000000000 63.309837341309 44.326816558838 17.924619674683 0.135908833205 -0.131984030255 0.694591505622 0.694011271617
1501.000000000000 63.309837341309 44.326370239258 17.924716949463 0.135904389681 -0.131982932709 0.694605560769 0.693998283346
1501.000000000000 63.309837341309 44.326503753662 17.924795150757 0.135897895431 -0.131996240169 0.694576622175 0.694025986924
1501.000000000000 63.309837341309 44.327011108398 17.924705505371 0.135913560748 -0.131972433014 0.694580658009 0.694023407709
1501.000000000000 63.309837341309 44.326869964600 17.924825668335 0.135894294170 -0.131948794800 0.694596962227 0.694015357487
1501.000000000000 63.309837341309 44.327247619629 17.924680709839 0.135893003506 -0.132004865403 0.694598696827 0.694003211429
1501.000000000000 63.309841156006 44.326435089111 17.924791336060 0.135902274579 -0.131993531343 0.694603461704 0.693998782735
1501.000000000000 63.309837341309 44.326366424561 17.924308776855 0.135915854688 -0.131994474071 0.694604727479 0.693994677085
1501.000000000000 63.309837341309 44.326828002930 17.924589157104 0.135916859607 -0.131984396450 0.694592832644 0.694008301973
1502.000000000000 63.309932708740 44.400276184082 17.965427398682 0.135882205490 -0.131977461650 0.694551246433 0.694058024898
1502.000000000000 63.309974670410 44.480991363525 17.998174667358 0.135849425431 -0.132134989722 0.694514400469 0.694071340456
1502.000000000000 63.310253143311 44.544857025146 18.020029067993 0.135946141776 -0.132164889061 0.694362640959 0.694198538947
1502.000000000000 63.310070037842 44.592094421387 18.044475555420 0.135796098882 -0.132330176270 0.694503405815 0.694055590920
1502.000000000000 63.310028076172 44.657932281494 18.074455261230 0.135929401289 -0.132199584113 0.694569179204 0.693988561235
1502.000000000000 63.309997558594 44.724464416504 18.107297897339 0.135834233511 -0.132304673043 0.694585575125 0.693970758264
1502.000000000000 63.309951782227 44.901847839355 18.175546646118 0.135737080607 -0.132554251797 0.694556570266 0.693971170856
1502.000000000000 63.309875488281 44.998790740967 18.213148117065 0.135837611651 -0.132621664351 0.694569802209 0.693925375862
1502.000000000000 63.309673309326 45.226329803467 18.306217193604 0.135808055860 -0.132569206357 0.694639652970 0.693871263284
1503.000000000000 63.308567047119 46.068408966064 18.641086578369 0.135757488502 -0.132870660718 0.694798840431 0.693664085254
1503.000000000000 63.306728363037 46.777332305908 18.932785034180 0.135755182751 -0.132735716087 0.695060138806 0.693428556864
1503.000000000000 63.305656433105 47.389274597168 19.196424484253 0.135642536636 -0.132609719070 0.695113738332 0.693420979958
1503.000000000000 63.305847167969 47.596240997314 19.285219192505 0.135750653903 -0.132515099052 0.695050180998 0.693481617913
1503.000000000000 63.303409576416 48.548118591309 19.636020660400 0.136153563144 -0.132603286443 0.695169108101 0.693266533744
1503.000000000000 63.302017211914 49.014034271240 19.839336395264 0.135993507911 -0.132357492614 0.695304219045 0.693209422133
1503.000000000000 63.299137115479 50.043357849121 20.232412338257 0.136010324444 -0.132473968950 0.695366068990 0.693121828608
1503.000000000000 63.299388885498 50.308223724365 20.339889526367 0.135786963857 -0.132254954514 0.695300389493 0.693273319711
1504.000000000000 63.297664642334 50.827507019043 20.567646026611 0.134491972021 -0.131587378117 0.695529736296 0.693422711851
1504.000000000000 63.299388885498 51.618858337402 20.877182006836 0.134620175558 -0.131399536287 0.695111647856 0.693852554374
1504.000000000000 63.296344757080 52.142604827881 21.080575942993 0.134727562726 -0.131472436520 0.695419949634 0.693508886698
1504.000000000000 63.295608520508 52.644344329834 21.280853271484 0.134899321745 -0.131545054988 0.695375430791 0.693506367493
1504.000000000000 63.293289184570 53.157630920410 21.503988265991 0.135094792275 -0.131970497761 0.695480352144 0.693282240218
1504.000000000000 63.292972564697 53.409297943115 21.616310119629 0.135259291212 -0.132396772044 0.695366388736 0.693283206424
1504.000000000000 63.293926239014 53.666881561279 21.723293304443 0.135392203534 -0.132638108043 0.695121990815 0.693456200060
1504.000000000000 63.291866302490 54.458576202393 22.019678115845 0.135595572050 -0.132837120842 0.695165359653 0.693334885107
1504.000000000000 63.291351318359 54.994129180908 22.219530105591 0.135746430268 -0.132903822399 0.695079928291 0.693378232964
1504.000000000000 63.290142059326 55.258468627930 22.312595367432 0.135869049805 -0.133045623892 0.695142968019 0.693263815067
1504.000000000000 63.288364410400 55.513313293457 22.414419174194 0.135806270935 -0.133095919502 0.695299429249 0.693109541612
1505.000000000000 63.286556243896 56.047328948975 22.606678009033 0.135906526453 -0.133300276478 0.695311072376 0.693038934685
1505.000000000000 63.284755706787 56.801418304443 22.930820465088 0.135876448862 -0.133002570514 0.695351374207 0.693061594138
1505.000000000000 63.282161712646 57.834590911865 23.369630813599 0.135763640425 -0.132780856023 0.695393531310 0.693083916149
1505.000000000000 63.280925750732 58.104629516602 23.463289260864 0.135939326489 -0.132925423513 0.695425872524 0.692989312415
1505.000000000000 63.278656005859 58.620311737061 23.671115875244 0.135846221645 -0.132961009240 0.695528207475 0.692898034846
1505.000000000000 63.278354644775 58.895179748535 23.770698547363 0.135979875152 -0.132981980355 0.695451854498 0.692944431055
1505.000000000000 63.277118682861 59.421424865723 23.970281600952 0.136085732488 -0.133189184744 0.695370193518 0.692965806117
1505.000000000000 63.277046203613 59.684055328369 24.072038650513 0.136205904140 -0.133076950876 0.695306826367 0.693027340031
1505.000000000000 63.274951934814 60.201988220215 24.286605834961 0.136244155852 -0.132946812174 0.695437020496 0.692914154605
1505.000000000000 63.272521972656 60.726535797119 24.499406814575 0.136277705119 -0.132938043995 0.695559991545 0.692785797854
1506.000000000000 63.270038604736 61.506076812744 24.820543289185 0.136172820394 -0.132904325169 0.695570429661 0.692802411022
1506.000000000000 63.268180847168 61.767375946045 24.919179916382 0.136299850718 -0.132849029873 0.695709439704 0.692648440021
1506.000000000000 63.266735076904 62.291034698486 25.127258300781 0.136336125160 -0.132942041741 0.695635141699 0.692698075750
1506.000000000000 63.265933990479 62.540767669678 25.231460571289 0.136339483689 -0.133002260203 0.695618656298 0.692702410114
1506.000000000000 63.264099121094 63.061176300049 25.444303512573 0.136224608975 -0.133193034874 0.695592114621 0.692715007379
1506.000000000000 63.262699127197 63.316780090332 25.553319931030 0.136232674528 -0.133012962826 0.695697646287 0.692642039629
1506.000000000000 63.262603759766 63.835720062256 25.747375488281 0.136536823072 -0.133002682044 0.695459145233 0.692823613791
1506.000000000000 63.262413024902 64.091575622559 25.849252700806 0.136617917577 -0.133018075794 0.695382489303 0.692881613033
1506.000000000000 63.260337829590 64.871559143066 26.161155700684 0.136400516361 -0.133269945902 0.695328779652 0.692929945120
1506.000000000000 63.259567260742 65.131156921387 26.272106170654 0.136204395301 -0.133187694253 0.695357687729 0.692955328226
1506.000000000000 63.258419036865 65.636291503906 26.499803543091 0.135822994500 -0.132977351528 0.695380991941 0.693047194780
1506.000000000000 63.257061004639 65.898246765137 26.602266311646 0.135738616802 -0.133084425739 0.695443537185 0.692980411066
1507.000000000000 63.256103515625 66.165847778320 26.704660415649 0.135725296330 -0.133220736122 0.695437228166 0.692963159976
1507.000000000000 63.255615234375 66.950447082520 27.016468048096 0.135564690158 -0.133365055601 0.695172478175 0.693232430224
1507.000000000000 63.254096984863 67.470649719238 27.218313217163 0.135608504733 -0.133492936792 0.695188908012 0.693182769151
1507.000000000000 63.252418518066 67.990005493164 27.432266235352 0.135762180978 -0.133360832318 0.695271828702 0.693094945035
1507.000000000000 63.250541687012 69.023902893066 27.842248916626 0.136014346656 -0.133412199987 0.695159400700 0.693148389608
1507.000000000000 63.250583648682 69.290763854980 27.947107315063 0.136079755066 -0.133492195919 0.695061988455 0.693217834519
1507.000000000000 63.250659942627 69.808547973633 28.161836624146 0.136252643531 -0.133757572953 0.694868886965 0.693326300335
1507.000000000000 63.249832153320 70.071723937988 28.269495010376 0.136342694779 -0.133758025247 0.694920988876 0.693256287012
1507.000000000000 63.249488830566 70.591873168945 28.478330612183 0.136622991323 -0.133879411104 0.694824093952 0.693274793994
1507.000000000000 63.248813629150 70.847061157227 28.580455780029 0.136816277712 -0.133827489423 0.694870813680 0.693199871266
1508.000000000000 63.248207092285 71.370178222656 28.791505813599 0.136991591498 -0.133827737968 0.694838740326 0.693197349499
1508.000000000000 63.248355865479 71.897087097168 28.993360519409 0.137217367309 -0.134045566908 0.694667495445 0.693282230317
1508.000000000000 63.247497558594 72.158531188965 29.102121353149 0.137262046861 -0.133995731214 0.694749484222 0.693200857386
