0 0
1 1
2 2
3 3
4 4
5 5
6 18
7 19
8 20
9 21
10 22
11 23
12 24
13 38
14 39
15 40
16 41
17 42
18 43
19 44
20 45
21 46
22 47
23 48
24 49
25 58
26 59
27 60
28 61
29 62
30 63
31 64
32 65
33 66
34 67
35 68
36 69
37 70
38 71
39 78
40 79
41 80
42 81
43 82
44 83
45 84
46 85
47 86
48 87
49 88
50 89
51 90
52 98
53 99
54 100
55 101
56 102
57 103
58 104
59 118
60 119
61 120
62 121
63 122
64 123
65 124
66 125
67 126
68 127
69 138
70 139
71 140
72 141
73 142
74 143
75 144
76 145
77 146
78 147
79 148
80 149
81 150
82 151
83 152
84 153
85 158
86 159
87 160
88 161
89 162
90 163
91 164
92 165
93 166
94 167
95 168
96 169
97 178
98 179
99 180
100 181
101 182
102 183
103 184
104 185
105 186
106 198
107 199
108 200
109 201
110 202
111 203
112 204
113 205
114 206
115 207
116 208
117 209
118 218
119 219
120 220
121 221
122 222
123 223
124 224
125 225
126 226
127 227
128 228
129 229
130 230
131 231
132 232
133 233
134 234
135 235
136 238
137 239
138 240
139 241
140 242
141 243
142 244
143 245
144 246
145 247
146 248
147 249
148 250
149 251
150 252
151 258
152 259
153 260
154 261
155 262
156 263
157 264
158 265
159 266
160 267
161 268
162 278
163 279
164 280
165 281
166 282
167 283
168 284
169 285
170 286
171 298
172 299
173 300
174 301
175 302
176 303
177 304
178 305
179 306
180 307
181 308
182 318
183 319
184 320
185 321
186 322
187 323
188 324
189 338
190 339
191 340
192 341
193 342
194 343
195 344
196 345
197 346
198 347
199 348
200 349
201 350
202 351
203 358
204 359
205 360
206 361
207 362
208 363
209 364
210 365
211 366
212 367
213 368
214 369
215 378
216 379
217 380
218 381
219 382
220 383
221 384
222 385
223 386
224 387
225 398
226 399
227 400
228 401
229 402
230 403
231 404
232 405
233 406
234 407
235 408
236 409
237 410
238 418
239 419
240 420
241 421
242 422
243 423
244 424
245 438
246 439
247 440
248 441
249 442
250 443
251 444
252 445
253 458
254 459
255 460
256 461
257 462
258 463
259 464
260 465
261 466
262 478
263 479
264 480
265 481
266 482
267 483
268 484
269 485
270 486
271 487
272 488
273 489
274 498
275 499
276 500
277 501
278 502
279 503
280 504
281 505
282 506
283 507
284 518
285 519
286 520
287 521
288 522
289 523
290 524
291 525
292 538
293 539
294 540
295 541
296 542
297 543
298 544
299 545
300 546
301 547
302 548
303 549
304 550
305 558
306 559
307 560
308 561
309 562
310 563
311 564
312 565
313 566
314 567
315 578
316 579
317 580
318 581
319 582
320 583
321 584
322 585
323 586
324 587
325 588
326 589
327 598
328 599
329 600
330 601
331 602
332 603
333 604
334 605
335 606
336 607
337 608
338 609
339 610
340 611
341 612
342 618
343 619
344 620
345 621
346 622
347 623
348 624
349 625
350 626
351 627
352 628
353 629
354 630
355 638
356 639
357 640
358 641
359 642
360 643
361 644
362 645
363 646
364 647
365 648
366 649
367 650
368 651
369 652
370 658
371 659
372 660
373 661
374 662
375 663
376 664
377 665
378 666
379 667
380 668
381 678
382 679
383 680
384 681
385 682
386 683
387 684
388 685
389 686
390 687
391 688
392 689
393 698
394 699
395 700
396 701
397 702
398 703
399 704
400 705
401 718
402 719
403 720
404 721
405 722
406 723
407 724
408 725
409 726
410 727
411 728
412 729
413 738
414 739
415 740
416 741
417 742
418 743
419 744
420 745
421 746
422 747
423 758
424 759
425 760
426 761
427 762
428 763
429 764
430 765
431 766
432 767
433 778
434 779
435 780
436 781
437 782
438 783
439 784
440 785
441 786
442 787
443 788
444 789
445 790
446 791
447 798
448 799
449 800
450 801
451 802
452 803
453 804
454 805
455 806
456 818
457 819
458 820
459 821
460 822
461 823
462 824
463 825
464 826
465 827
466 838
467 839
468 840
469 841
470 842
471 843
472 844
473 845
474 846
475 847
476 848
477 858
478 859
479 860
480 861
481 862
482 863
483 864
484 865
485 866
486 867
487 868
488 878
489 879
490 880
491 881
492 882
493 883
494 884
495 885
496 886
497 887
498 888
499 889
500 890
501 891
502 892
503 898
504 899
505 900
506 901
507 902
508 903
509 904
510 905
511 906
512 907
513 908
514 909
515 910
516 911
517 912
518 913
519 918
520 919
521 920
522 921
523 922
524 923
525 924
526 925
527 926
528 927
529 928
530 929
531 930
532 931
533 932
534 938
535 939
536 940
537 941
538 942
539 943
540 944
541 945
542 946
543 947
544 948
545 949
546 950
547 958
548 959
549 960
550 961
551 962
552 963
553 964
554 965
555 966
556 967
557 968
558 969
559 970
560 978
561 979
562 980
563 981
564 982
565 983
566 984
567 985
568 986
569 987
570 988
571 989
572 990
573 998
574 999
575 1000
576 1001
577 1002
578 1003
579 1004
580 1005
581 1006
582 1007
583 1008
584 1009
585 1010
586 1011
587 1018
588 1019
589 1020
590 1021
591 1022
592 1023
593 1024
594 1025
595 1026
596 1027
597 1028
598 1029
599 1038
600 1039
601 1040
602 1041
603 1042
604 1043
605 1044
606 1045
607 1046
608 1047
609 1048
610 1049
611 1050
612 1058
613 1059
614 1060
615 1061
616 1062
617 1063
618 1064
619 1065
620 1066
621 1067
622 1068
623 1069
624 1070
625 1078
626 1079
627 1080
628 1081
629 1082
630 1083
631 1084
632 1085
633 1086
634 1087
635 1088
636 1089
637 1090
638 1091
639 1092
640 1093
641 1098
642 1099
643 1100
644 1101
645 1102
646 1103
647 1104
648 1105
649 1106
650 1107
651 1108
652 1109
653 1110
654 1111
655 1118
656 1119
657 1120
658 1121
659 1122
660 1123
661 1124
662 1125
663 1126
664 1127
665 1128
666 1138
667 1139
668 1140
669 1141
670 1142
671 1143
672 1144
673 1145
674 1146
675 1147
676 1148
677 1149
678 1150
679 1151
680 1152
681 1153
682 1158
683 1159
684 1160
685 1161
686 1162
687 1163
688 1164
689 1165
690 1166
691 1167
692 1168
693 1169
694 1170
695 1178
696 1179
697 1180
698 1181
699 1182
700 1183
701 1184
702 1185
703 1186
704 1187
705 1188
706 1189
707 1190
708 1191
709 1192
710 1198
711 1199
712 1200
713 1201
714 1202
715 1203
716 1204
717 1205
718 1206
719 1207
720 1208
721 1209
722 1210
723 1211
724 1212
725 1218
726 1219
727 1220
728 1221
729 1222
730 1223
731 1224
732 1225
733 1238
734 1239
735 1240
736 1241
737 1242
738 1243
739 1244
740 1245
741 1258
742 1259
743 1260
744 1261
745 1262
746 1263
747 1264
748 1265
749 1278
750 1279
751 1280
752 1281
753 1282
754 1283
755 1284
756 1285
757 1298
758 1299
759 1300
760 1301
761 1302
762 1303
763 1304
764 1305
765 1306
766 1307
767 1308
768 1318
769 1319
770 1320
771 1321
772 1322
773 1323
774 1324
775 1325
776 1326
777 1327
778 1328
779 1329
780 1330
781 1338
782 1339
783 1340
784 1341
785 1342
786 1343
787 1344
788 1345
789 1346
790 1347
791 1358
792 1359
793 1360
794 1361
795 1362
796 1363
797 1364
798 1365
799 1366
800 1367
801 1368
802 1369
803 1370
804 1371
805 1372
806 1373
807 1378
808 1379
809 1380
810 1381
811 1382
812 1383
813 1384
814 1385
815 1386
816 1387
817 1388
818 1398
819 1399
820 1400
821 1401
822 1402
823 1403
824 1404
825 1405
826 1406
827 1407
828 1408
829 1409
830 1410
831 1411
832 1418
833 1419
834 1420
835 1421
836 1422
837 1423
838 1424
839 1438
840 1439
841 1440
842 1441
843 1442
844 1443
845 1444
846 1445
847 1446
848 1447
849 1448
850 1449
851 1458
852 1459
853 1460
854 1461
855 1462
856 1463
857 1464
858 1465
859 1466
860 1467
861 1468
862 1469
863 1470
864 1478
865 1479
866 1480
867 1481
868 1482
869 1483
870 1484
871 1485
872 1486
873 1498
874 1499
875 1500
876 1501
877 1502
878 1503
879 1504
880 1505
881 1506
882 1507
883 1508
884 1509
885 1518
886 1519
887 1520
888 1521
889 1522
890 1523
891 1524
892 1525
893 1526
894 1527
895 1528
896 1538
897 1539
898 1540
899 1541
900 1542
901 1543
902 1544
903 1545
904 1546
905 1547
906 1548
907 1549
908 1550
909 1558
910 1559
911 1560
912 1561
913 1562
914 1563
915 1564
916 1565
917 1566
918 1567
919 1568
920 1569
921 1578
922 1579
923 1580
924 1581
925 1582
926 1583
927 1584
928 1585
929 1586
930 1587
931 1598
932 1599
933 1600
934 1601
935 1602
936 1603
937 1604
938 1605
939 1606
940 1607
941 1608
942 1609
943 1610
944 1611
945 1612
946 1618
947 1619
948 1620
949 1621
950 1622
951 1623
952 1624
953 1625
954 1626
955 1627
956 1628
957 1629
958 1630
959 1631
960 1638
961 1639
962 1640
963 1641
964 1642
965 1643
966 1658
967 1659
968 1660
969 1661
970 1662
971 1663
972 1664
973 1665
974 1666
975 1667
976 1668
977 1669
978 1678
979 1679
980 1680
981 1681
982 1682
983 1683
984 1684
985 1685
986 1686
987 1687
988 1688
989 1689
990 1690
991 1691
992 1698
993 1699
994 1700
995 1701
996 1702
997 1703
998 1704
999 1705
1000 1706
1001 1707
1002 1708
1003 1709
1004 1710
1005 1718
1006 1719
1007 1720
1008 1721
1009 1722
1010 1723
1011 1724
1012 1725
1013 1726
1014 1727
1015 1728
1016 1729
1017 1730
1018 1731
1019 1738
1020 1739
1021 1740
1022 1741
1023 1742
1024 1743
1025 1744
1026 1758
1027 1759
1028 1760
1029 1761
1030 1762
1031 1763
1032 1764
1033 1765
1034 1778
1035 1779
1036 1780
1037 1781
1038 1782
1039 1783
1040 1784
1041 1785
1042 1798
1043 1799
1044 1800
1045 1801
1046 1802
1047 1803
1048 1804
1049 1805
1050 1806
1051 1807
1052 1818
1053 1819
1054 1820
1055 1821
1056 1822
1057 1823
1058 1824
1059 1825
1060 1826
1061 1827
1062 1828
1063 1838
1064 1839
1065 1840
1066 1841
1067 1842
1068 1858
1069 1859
1070 1860
1071 1861
1072 1862
1073 1863
1074 1864
1075 1865
1076 1866
1077 1867
1078 1868
1079 1878
1080 1879
1081 1880
1082 1881
1083 1882
1084 1883
1085 1884
1086 1885
1087 1898
1088 1899
1089 1900
1090 1901
1091 1902
1092 1903
1093 1904
1094 1905
1095 1906
1096 1907
1097 1908
1098 1909
1099 1918
1100 1919
1101 1920
1102 1921
1103 1922
1104 1923
1105 1924
1106 1925
1107 1926
1108 1927
1109 1928
1110 1929
1111 1938
1112 1939
1113 1940
1114 1941
1115 1942
1116 1943
1117 1944
1118 1945
1119 1946
1120 1947
1121 1948
1122 1949
1123 1950
1124 1951
1125 1958
1126 1959
1127 1960
1128 1961
1129 1962
1130 1963
1131 1964
1132 1965
1133 1966
1134 1978
1135 1979
1136 1980
1137 1981
1138 1982
1139 1983
1140 1984
1141 1985
1142 1986
1143 1987
1144 1988
1145 1989
1146 1990
1147 1998
1148 1999
1149 2000
1150 2001
1151 2002
1152 2003
1153 2004
1154 2005
1155 2006
1156 2007
1157 2008
1158 2018
1159 2019
1160 2020
1161 2021
1162 2022
1163 2023
1164 2024
1165 2025
1166 2026
1167 2027
1168 2038
1169 2039
1170 2040
1171 2041
1172 2042
1173 2043
1174 2044
1175 2045
1176 2046
1177 2058
1178 2059
1179 2060
1180 2061
1181 2062
1182 2063
1183 2064
1184 2065
1185 2078
1186 2079
1187 2080
1188 2081
1189 2082
1190 2083
1191 2084
1192 2085
1193 2086
1194 2087
1195 2088
1196 2098
1197 2099
1198 2100
1199 2101
1200 2102
1201 2103
1202 2104
1203 2105
1204 2106
1205 2107
1206 2108
1207 2109
1208 2118
1209 2119
1210 2120
1211 2121
1212 2122
1213 2123
1214 2124
1215 2125
1216 2126
1217 2127
1218 2128
1219 2129
1220 2130
1221 2138
1222 2139
1223 2140
1224 2141
1225 2142
1226 2143
1227 2144
1228 2145
1229 2146
1230 2147
1231 2148
1232 2149
1233 2150
1234 2158
1235 2159
1236 2160
1237 2161
1238 2162
1239 2163
1240 2164
1241 2165
1242 2166
1243 2167
1244 2168
1245 2169
1246 2178
1247 2179
1248 2180
1249 2181
1250 2182
1251 2183
1252 2184
1253 2185
1254 2186
1255 2187
1256 2188
1257 2189
1258 2190
1259 2191
1260 2198
1261 2199
1262 2200
1263 2201
1264 2202
1265 2203
1266 2204
1267 2205
1268 2206
1269 2207
1270 2208
1271 2218
1272 2219
1273 2220
1274 2221
1275 2222
1276 2223
1277 2224
1278 2225
1279 2226
1280 2227
1281 2228
1282 2229
1283 2230
1284 2231
1285 2232
1286 2233
1287 2234
1288 2238
1289 2239
1290 2240
1291 2241
1292 2242
1293 2243
1294 2244
1295 2245
1296 2246
1297 2247
1298 2248
1299 2249
1300 2250
1301 2251
1302 2252
1303 2253
1304 2254
1305 2255
1306 2258
1307 2259
1308 2260
1309 2261
1310 2262
1311 2263
1312 2264
1313 2265
1314 2266
1315 2267
1316 2278
1317 2279
1318 2280
1319 2281
1320 2282
1321 2283
1322 2284
1323 2285
1324 2286
1325 2287
1326 2288
1327 2289
1328 2298
1329 2299
1330 2300
1331 2301
1332 2302
1333 2303
1334 2304
1335 2305
1336 2306
1337 2318
1338 2319
1339 2320
1340 2321
1341 2322
1342 2323
1343 2324
1344 2325
1345 2326
1346 2338
1347 2339
1348 2340
1349 2341
1350 2342
1351 2343
1352 2344
1353 2345
1354 2346
1355 2347
1356 2358
1357 2359
1358 2360
1359 2361
1360 2362
1361 2363
1362 2364
1363 2365
1364 2366
1365 2367
1366 2368
1367 2369
1368 2370
1369 2371
1370 2372
1371 2378
1372 2379
1373 2380
1374 2381
1375 2382
1376 2383
1377 2384
1378 2385
1379 2386
1380 2387
1381 2398
1382 2399
1383 2400
1384 2401
1385 2402
1386 2403
1387 2404
1388 2405
1389 2406
1390 2407
1391 2408
1392 2409
1393 2418
1394 2419
1395 2420
1396 2421
1397 2422
1398 2423
1399 2424
1400 2425
1401 2426
1402 2427
1403 2428
1404 2438
1405 2439
1406 2440
1407 2441
1408 2442
1409 2443
1410 2444
1411 2445
1412 2446
1413 2447
1414 2458
1415 2459
1416 2460
1417 2461
1418 2462
1419 2463
1420 2464
1421 2465
1422 2466
1423 2478
1424 2479
1425 2480
1426 2481
1427 2482
1428 2483
1429 2484
1430 2485
1431 2486
1432 2498
1433 2499
1434 2500
1435 2501
1436 2502
1437 2503
1438 2504
1439 2505
1440 2506
1441 2507
1442 2518
1443 2519
1444 2520
1445 2521
1446 2522
1447 2523
1448 2524
1449 2525
1450 2526
1451 2527
1452 2528
1453 2529
1454 2538
1455 2539
1456 2540
1457 2541
1458 2542
1459 2543
1460 2544
1461 2545
1462 2546
1463 2547
1464 2548
1465 2558
1466 2559
1467 2560
1468 2561
1469 2562
1470 2563
1471 2564
1472 2565
1473 2578
1474 2579
1475 2580
1476 2581
1477 2582
1478 2583
1479 2598
1480 2599
1481 2600
1482 2601
1483 2602
1484 2603
1485 2604
1486 2605
1487 2606
1488 2618
1489 2619
1490 2620
1491 2621
1492 2622
1493 2623
1494 2624
1495 2625
1496 2626
1497 2627
1498 2628
1499 2638
1500 2639
1501 2640
1502 2641
1503 2642
1504 2643
1505 2644
1506 2645
1507 2658
1508 2659
1509 2660
1510 2661
1511 2662
1512 2663
1513 2664
1514 2665
1515 2666
1516 2667
1517 2668
1518 2678
1519 2679
1520 2680
1521 2681
1522 2682
1523 2683
1524 2684
1525 2685
1526 2686
1527 2698
1528 2699
1529 2700
1530 2701
1531 2702
1532 2703
1533 2704
1534 2705
1535 2718
1536 2719
1537 2720
1538 2721
1539 2722
1540 2723
1541 2724
1542 2725
1543 2726
1544 2738
1545 2739
1546 2740
1547 2741
1548 2742
1549 2743
1550 2744
1551 2745
1552 2758
1553 2759
1554 2760
1555 2778
1556 2779
1557 2780
1558 2781
1559 2782
1560 2783
1561 2784
1562 2785
1563 2786
1564 2787
1565 2788
1566 2798
1567 2799
1568 2800
1569 2801
1570 2802
1571 2803
1572 2804
1573 2805
1574 2806
1575 2818
1576 2819
1577 2820
1578 2821
1579 2822
1580 2823
1581 2824
1582 2825
1583 2826
1584 2827
1585 2828
1586 2829
1587 2830
1588 2838
1589 2839
1590 2840
1591 2841
1592 2842
1593 2843
1594 2844
1595 2845
1596 2846
1597 2847
1598 2848
1599 2858
1600 2859
1601 2860
1602 2861
1603 2862
1604 2863
1605 2864
1606 2865
1607 2866
1608 2867
1609 2868
1610 2878
1611 2879
1612 2880
1613 2881
1614 2882
1615 2883
1616 2884
1617 2898
1618 2899
1619 2900
1620 2901
1621 2902
1622 2903
1623 2918
1624 2919
1625 2920
1626 2921
1627 2922
1628 2923
1629 2924
1630 2925
1631 2926
1632 2927
1633 2928
1634 2938
1635 2939
1636 2940
1637 2941
1638 2942
1639 2943
1640 2944
1641 2945
1642 2946
1643 2947
1644 2948
1645 2949
1646 2958
1647 2959
1648 2960
1649 2961
1650 2962
1651 2963
1652 2964
1653 2965
1654 2966
1655 2967
1656 2968
1657 2969
1658 2978
1659 2979
1660 2980
1661 2981
1662 2982
1663 2983
1664 2984
1665 2985
1666 2986
1667 2998
1668 2999
1669 3000
1670 3001
1671 3002
1672 3003
1673 3004
1674 3005
1675 3006
1676 3018
1677 3019
1678 3020
1679 3021
1680 3022
1681 3023
1682 3024
1683 3025
1684 3038
1685 3039
1686 3040
1687 3041
1688 3042
1689 3043
1690 3044
1691 3045
1692 3046
1693 3058
1694 3059
1695 3060
1696 3061
1697 3062
1698 3063
1699 3064
1700 3065
1701 3066
1702 3067
1703 3068
1704 3069
1705 3070
1706 3078
1707 3079
1708 3080
1709 3081
1710 3082
1711 3083
1712 3084
1713 3085
1714 3086
1715 3087
1716 3088
1717 3098
1718 3099
1719 3100
1720 3101
1721 3102
1722 3103
1723 3104
1724 3105
1725 3106
1726 3107
1727 3108
1728 3109
1729 3110
1730 3111
1731 3112
1732 3118
1733 3119
1734 3120
1735 3121
1736 3122
1737 3123
1738 3124
1739 3125
1740 3126
1741 3127
1742 3138
1743 3139
1744 3140
1745 3141
1746 3142
1747 3143
1748 3144
1749 3145
1750 3146
1751 3147
1752 3148
1753 3149
1754 3150
1755 3151
1756 3152
1757 3158
1758 3159
1759 3160
1760 3161
1761 3162
1762 3163
1763 3164
1764 3165
1765 3166
1766 3167
1767 3168
1768 3169
1769 3170
1770 3171
1771 3178
1772 3179
1773 3180
1774 3181
1775 3182
1776 3183
1777 3184
1778 3185
1779 3186
1780 3187
1781 3188
1782 3189
1783 3190
1784 3191
1785 3192
1786 3193
1787 3198
1788 3199
1789 3200
1790 3201
1791 3202
1792 3203
1793 3204
1794 3205
1795 3206
1796 3207
1797 3218
1798 3219
1799 3220
1800 3221
1801 3222
1802 3223
1803 3224
1804 3225
1805 3226
1806 3227
1807 3228
1808 3229
1809 3230
1810 3238
1811 3239
1812 3240
1813 3241
1814 3242
1815 3243
1816 3244
1817 3245
1818 3246
1819 3247
1820 3248
1821 3249
1822 3250
1823 3258
1824 3259
1825 3260
1826 3261
1827 3262
1828 3263
1829 3264
1830 3265
1831 3266
1832 3267
1833 3278
1834 3279
1835 3280
1836 3281
1837 3282
1838 3283
1839 3284
1840 3285
1841 3286
1842 3287
1843 3298
1844 3299
1845 3300
1846 3301
1847 3302
1848 3303
1849 3304
1850 3305
1851 3306
1852 3307
1853 3308
1854 3309
1855 3310
1856 3311
1857 3312
1858 3318
1859 3319
1860 3320
1861 3321
1862 3322
1863 3323
1864 3324
1865 3325
1866 3326
1867 3338
1868 3339
1869 3340
1870 3341
1871 3342
1872 3343
1873 3344
1874 3345
1875 3358
1876 3359
1877 3360
1878 3361
1879 3362
1880 3363
1881 3364
1882 3365
1883 3366
1884 3367
1885 3368
1886 3369
1887 3378
1888 3379
1889 3380
1890 3381
1891 3382
1892 3383
1893 3384
1894 3385
1895 3386
1896 3387
1897 3388
1898 3398
1899 3399
1900 3400
1901 3401
1902 3402
1903 3403
1904 3404
1905 3418
1906 3419
1907 3420
1908 3421
1909 3422
1910 3423
1911 3424
1912 3425
1913 3426
1914 3427
1915 3428
1916 3429
1917 3430
1918 3431
1919 3438
1920 3439
1921 3440
1922 3441
1923 3442
1924 3443
1925 3444
1926 3445
1927 3446
1928 3447
1929 3458
1930 3459
1931 3460
1932 3461
1933 3462
1934 3463
1935 3464
1936 3465
1937 3466
1938 3467
1939 3468
1940 3469
1941 3478
1942 3479
1943 3480
1944 3481
1945 3482
1946 3483
1947 3484
1948 3485
1949 3486
1950 3487
1951 3488
1952 3489
1953 3490
1954 3498
1955 3499
1956 3500
1957 3501
1958 3502
1959 3503
1960 3504
1961 3505
1962 3506
1963 3507
1964 3518
1965 3519
1966 3520
1967 3521
1968 3522
1969 3523
1970 3524
1971 3525
1972 3526
1973 3527
1974 3528
1975 3538
1976 3539
1977 3540
1978 3541
1979 3542
1980 3543
1981 3544
1982 3545
1983 3546
1984 3547
1985 3548
1986 3549
1987 3550
1988 3558
1989 3559
1990 3560
1991 3561
1992 3562
1993 3563
1994 3564
1995 3565
1996 3566
1997 3567
1998 3568
1999 3578
2000 3579
2001 3580
2002 3581
2003 3582
2004 3583
2005 3584
2006 3585
2007 3586
2008 3587
2009 3588
2010 3589
2011 3590
2012 3598
2013 3599
2014 3600
2015 3601
2016 3602
2017 3603
2018 3604
2019 3605
2020 3606
2021 3607
2022 3608
2023 3618
2024 3619
2025 3620
2026 3621
2027 3622
2028 3623
2029 3624
2030 3625
2031 3626
2032 3627
2033 3628
2034 3629
2035 3638
2036 3639
2037 3640
2038 3641
2039 3642
2040 3643
2041 3644
2042 3645
2043 3646
2044 3647
2045 3648
2046 3649
2047 3650
2048 3651
2049 3652
2050 3653
2051 3658
2052 3659
2053 3660
2054 3661
2055 3662
2056 3663
2057 3664
2058 3665
2059 3666
2060 3667
2061 3668
2062 3678
2063 3679
2064 3680
2065 3681
2066 3682
2067 3683
2068 3684
2069 3685
2070 3686
2071 3687
2072 3688
2073 3689
2074 3690
2075 3698
2076 3699
2077 3700
2078 3701
2079 3702
2080 3703
2081 3704
2082 3705
2083 3718
2084 3719
2085 3720
2086 3721
2087 3722
2088 3723
2089 3724
2090 3725
2091 3726
2092 3727
2093 3728
2094 3729
2095 3730
2096 3738
2097 3739
2098 3740
2099 3741
2100 3742
2101 3743
2102 3744
2103 3745
2104 3746
2105 3747
2106 3748
2107 3758
2108 3759
2109 3760
2110 3761
2111 3762
2112 3763
2113 3764
2114 3765
2115 3778
2116 3779
2117 3780
2118 3781
2119 3782
2120 3783
2121 3784
2122 3785
2123 3786
2124 3798
2125 3799
2126 3800
2127 3801
2128 3802
2129 3803
2130 3804
2131 3805
2132 3806
2133 3807
2134 3818
2135 3819
2136 3820
2137 3821
2138 3822
2139 3823
2140 3824
2141 3825
2142 3826
2143 3827
2144 3828
2145 3829
2146 3830
2147 3838
2148 3839
2149 3840
2150 3841
2151 3842
2152 3843
2153 3844
2154 3845
2155 3846
2156 3847
2157 3858
2158 3859
2159 3860
2160 3861
2161 3862
2162 3863
2163 3864
2164 3865
2165 3866
2166 3867
2167 3878
2168 3879
2169 3880
2170 3881
2171 3882
2172 3883
2173 3884
2174 3885
2175 3886
2176 3898
2177 3899
2178 3900
2179 3901
2180 3902
2181 3903
2182 3904
2183 3905
2184 3906
2185 3907
2186 3918
2187 3919
2188 3920
2189 3921
2190 3922
2191 3923
2192 3924
2193 3925
2194 3926
2195 3927
2196 3938
2197 3939
2198 3940
2199 3941
2200 3942
2201 3943
2202 3944
2203 3945
2204 3946
2205 3947
2206 3948
2207 3958
2208 3959
2209 3960
2210 3961
2211 3962
2212 3963
2213 3964
2214 3965
2215 3966
2216 3978
2217 3979
2218 3980
2219 3981
2220 3982
2221 3983
2222 3984
2223 3985
2224 3986
2225 3987
2226 3988
2227 3989
2228 3990
2229 3998
2230 3999
2231 4000
2232 4001
2233 4002
2234 4003
2235 4004
2236 4005
2237 4006
2238 4018
2239 4019
2240 4020
2241 4021
2242 4022
2243 4023
2244 4024
2245 4025
2246 4026
2247 4027
2248 4038
2249 4039
2250 4040
2251 4041
2252 4042
2253 4043
2254 4044
2255 4045
2256 4046
2257 4047
2258 4048
2259 4058
2260 4059
2261 4060
2262 4061
2263 4062
2264 4063
2265 4064
2266 4065
2267 4066
2268 4067
2269 4068
2270 4069
2271 4078
2272 4079
2273 4080
2274 4081
2275 4082
2276 4083
2277 4084
2278 4085
2279 4086
2280 4098
2281 4099
2282 4100
2283 4101
2284 4102
2285 4103
2286 4104
2287 4105
2288 4106
2289 4107
2290 4108
2291 4109
2292 4110
2293 4111
2294 4118
2295 4119
2296 4120
2297 4121
2298 4122
2299 4123
2300 4124
2301 4125
2302 4126
2303 4127
2304 4128
2305 4129
2306 4130
2307 4131
2308 4132
2309 4138
2310 4139
2311 4140
2312 4141
2313 4142
2314 4143
2315 4144
2316 4145
2317 4146
2318 4147
2319 4148
2320 4149
2321 4150
2322 4151
2323 4152
2324 4158
2325 4159
2326 4160
2327 4161
2328 4162
2329 4163
2330 4164
2331 4165
2332 4166
2333 4167
2334 4168
2335 4169
2336 4170
2337 4178
2338 4179
2339 4180
2340 4181
2341 4182
2342 4183
2343 4184
2344 4185
2345 4186
2346 4187
2347 4188
2348 4189
2349 4190
2350 4198
2351 4199
2352 4200
2353 4201
2354 4202
2355 4203
2356 4204
2357 4205
2358 4206
2359 4207
2360 4208
2361 4218
2362 4219
2363 4220
2364 4221
2365 4222
2366 4223
2367 4224
2368 4225
2369 4226
2370 4227
2371 4228
2372 4229
2373 4230
2374 4231
2375 4232
2376 4233
2377 4234
2378 4238
2379 4239
2380 4240
2381 4241
2382 4242
2383 4243
2384 4244
2385 4245
2386 4246
2387 4247
2388 4248
2389 4249
2390 4250
2391 4258
2392 4259
2393 4260
2394 4261
2395 4262
2396 4263
2397 4264
2398 4265
2399 4266
2400 4267
2401 4268
2402 4269
2403 4270
2404 4271
2405 4272
2406 4278
2407 4279
2408 4280
2409 4281
2410 4282
2411 4283
2412 4284
2413 4285
2414 4286
2415 4287
2416 4288
2417 4289
2418 4290
2419 4291
2420 4298
2421 4299
2422 4300
2423 4301
2424 4302
2425 4303
2426 4304
2427 4305
2428 4306
2429 4307
2430 4308
2431 4309
2432 4310
2433 4311
2434 4318
2435 4319
2436 4320
2437 4321
2438 4322
2439 4323
2440 4324
2441 4325
2442 4326
2443 4327
2444 4328
2445 4329
2446 4330
2447 4331
2448 4332
2449 4333
2450 4334
2451 4338
2452 4339
2453 4340
2454 4341
2455 4342
2456 4343
2457 4344
2458 4345
2459 4346
2460 4347
2461 4348
2462 4349
2463 4350
2464 4351
2465 4352
2466 4353
2467 4358
2468 4359
2469 4360
2470 4361
2471 4362
2472 4363
2473 4364
2474 4365
2475 4366
2476 4367
2477 4368
2478 4369
2479 4370
2480 4371
2481 4372
2482 4373
2483 4378
2484 4379
2485 4380
2486 4381
2487 4382
2488 4383
2489 4384
2490 4385
2491 4386
2492 4387
2493 4388
2494 4389
2495 4390
2496 4391
2497 4398
2498 4399
2499 4400
2500 4401
2501 4402
2502 4403
2503 4404
2504 4405
2505 4406
2506 4407
2507 4408
2508 4409
2509 4410
2510 4418
2511 4419
2512 4420
2513 4421
2514 4422
