0 3
1 4
2 5
3 6
4 7
5 8
6 9
7 10
8 23
9 24
10 25
11 26
12 27
13 28
14 29
15 30
16 31
17 32
18 33
19 43
20 44
21 45
22 46
23 47
24 48
25 49
26 50
27 51
28 52
29 53
30 54
31 55
32 63
33 64
34 65
35 66
36 67
37 68
38 69
39 70
40 71
41 72
42 83
43 84
44 85
45 86
46 87
47 88
48 89
49 90
50 91
51 92
52 93
53 103
54 104
55 105
56 106
57 107
58 108
59 109
60 110
61 111
62 123
63 124
64 125
65 126
66 127
67 128
68 129
69 130
70 131
71 132
72 133
73 134
74 135
75 136
76 143
77 144
78 145
79 146
80 147
81 148
82 163
83 164
84 165
85 166
86 167
87 168
88 169
89 170
90 171
91 172
92 173
93 174
94 183
95 184
96 185
97 186
98 187
99 188
100 189
101 190
102 191
103 192
104 193
105 203
106 204
107 205
108 206
109 207
110 208
111 209
112 210
113 211
114 212
115 213
116 214
117 215
118 216
119 223
120 224
121 225
122 226
123 227
124 228
125 229
126 230
127 243
128 244
129 245
130 246
131 247
132 248
133 249
134 250
135 251
136 252
137 263
138 264
139 265
140 266
141 267
142 268
143 269
144 270
145 271
146 272
147 273
148 274
149 275
150 276
151 277
152 278
153 283
154 284
155 285
156 286
157 287
158 288
159 289
160 290
161 291
162 292
163 293
164 294
165 295
166 303
167 304
168 305
169 306
170 307
171 308
172 309
173 310
174 311
175 312
176 313
177 314
178 315
179 323
180 324
181 325
182 326
183 327
184 328
185 329
186 330
187 331
188 332
189 333
190 334
191 335
192 336
193 337
194 338
195 343
196 344
197 345
198 346
199 347
200 348
201 349
202 350
203 351
204 352
205 353
206 354
207 363
208 364
209 365
210 366
211 367
212 368
213 369
214 383
215 384
216 385
217 386
218 387
219 388
220 389
221 390
222 391
223 392
224 393
225 394
226 403
227 404
228 405
229 406
230 407
231 408
232 409
233 410
234 423
235 424
236 425
237 426
238 427
239 428
240 429
241 430
242 431
243 432
244 433
245 443
246 444
247 445
248 446
249 447
250 448
251 449
252 450
253 451
254 452
255 453
256 454
257 455
258 456
259 463
260 464
261 465
262 466
263 467
264 468
265 469
266 470
267 471
268 472
269 473
270 474
271 475
272 476
273 477
274 478
275 483
276 484
277 485
278 486
279 487
280 503
281 504
282 505
283 506
284 507
285 508
286 509
287 510
288 511
289 512
290 513
291 523
292 524
293 525
294 526
295 527
296 528
297 529
298 530
299 531
300 532
301 533
302 543
303 544
304 545
305 546
306 547
307 548
308 549
309 550
310 551
311 563
312 564
313 565
314 566
315 567
316 568
317 569
318 570
319 571
320 572
321 573
322 574
323 583
324 584
325 585
326 586
327 587
328 588
329 589
330 590
331 591
332 592
333 593
334 594
335 595
336 596
337 597
338 603
339 604
340 605
341 606
342 607
343 608
344 609
345 610
346 611
347 612
348 613
349 614
350 615
351 616
352 623
353 624
354 625
355 626
356 627
357 628
358 629
359 630
360 631
361 632
362 633
363 634
364 635
365 636
366 643
367 644
368 645
369 646
370 647
371 648
372 649
373 650
374 663
375 664
376 665
377 666
378 667
379 668
380 669
381 670
382 671
383 683
384 684
385 685
386 686
387 687
388 688
389 689
390 690
391 691
392 692
393 693
394 694
395 695
396 703
397 704
398 705
399 706
400 707
401 708
402 709
403 710
404 711
405 712
406 713
407 723
408 724
409 725
410 726
411 727
412 728
413 729
414 730
415 731
416 732
417 733
418 743
419 744
420 745
421 746
422 747
423 748
424 749
425 750
426 763
427 764
428 765
429 766
430 767
431 768
432 769
433 770
434 771
435 772
436 773
437 774
438 783
439 784
440 785
441 786
442 787
443 788
444 789
445 790
446 791
447 792
448 793
449 794
450 795
451 796
452 803
453 804
454 805
455 806
456 807
457 808
458 809
459 810
460 811
461 812
462 813
463 814
464 815
465 816
466 823
467 824
468 825
469 826
470 827
471 828
472 829
473 830
474 831
475 832
476 833
477 834
478 843
479 844
480 845
481 846
482 847
483 848
484 849
485 850
486 851
487 852
488 853
489 863
490 864
491 865
492 866
493 867
494 868
495 869
496 870
497 871
498 872
499 883
500 884
501 885
502 886
503 887
504 888
505 889
506 890
507 891
508 892
509 893
510 894
511 895
512 896
513 903
514 904
515 905
516 906
517 907
518 908
519 909
520 910
521 911
522 912
523 913
524 923
525 924
526 925
527 926
528 927
529 928
530 929
531 930
532 931
533 932
534 933
535 934
536 935
537 936
538 937
539 943
540 944
541 945
542 946
543 947
544 948
545 949
546 950
547 951
548 963
549 964
550 965
551 966
552 967
553 968
554 969
555 970
556 971
557 972
558 973
559 983
560 984
561 985
562 986
563 987
564 988
565 989
566 990
567 991
568 992
569 993
570 994
571 995
572 1003
573 1004
574 1005
575 1006
576 1007
577 1008
578 1009
579 1010
580 1011
581 1012
582 1023
583 1024
584 1025
585 1026
586 1027
587 1028
588 1029
589 1030
590 1031
591 1043
592 1044
593 1045
594 1046
595 1047
596 1048
597 1049
598 1050
599 1051
600 1063
601 1064
602 1065
603 1066
604 1067
605 1068
606 1069
607 1070
608 1071
609 1072
610 1073
611 1083
612 1084
613 1085
614 1086
615 1087
616 1088
617 1089
618 1090
619 1091
620 1092
621 1093
622 1094
623 1095
624 1103
625 1104
626 1105
627 1106
628 1107
629 1108
630 1109
631 1110
632 1111
633 1112
634 1113
635 1114
636 1123
637 1124
638 1125
639 1126
640 1127
641 1128
642 1129
643 1130
644 1131
645 1132
646 1133
647 1134
648 1143
649 1144
650 1145
651 1146
652 1147
653 1148
654 1149
655 1150
656 1151
657 1152
658 1153
659 1154
660 1163
661 1164
662 1165
663 1166
664 1167
665 1168
666 1169
667 1170
668 1171
669 1172
670 1173
671 1183
672 1184
673 1185
674 1186
675 1187
676 1188
677 1189
678 1190
679 1191
680 1192
681 1193
682 1194
683 1203
684 1204
685 1205
686 1206
687 1207
688 1208
689 1209
690 1210
691 1211
692 1212
693 1213
694 1214
695 1223
696 1224
697 1225
698 1226
699 1227
700 1228
701 1229
702 1230
703 1231
704 1232
705 1233
706 1243
707 1244
708 1245
709 1246
710 1247
711 1248
712 1249
713 1250
714 1251
715 1252
716 1253
717 1254
718 1255
719 1256
720 1263
721 1264
722 1265
723 1266
724 1267
725 1268
726 1269
727 1270
728 1271
729 1283
730 1284
731 1285
732 1286
733 1287
734 1288
735 1303
736 1304
737 1305
738 1306
739 1307
740 1308
741 1309
742 1310
743 1311
744 1323
745 1324
746 1325
747 1326
748 1327
749 1328
750 1329
751 1330
752 1331
753 1332
754 1333
755 1334
756 1335
757 1336
758 1343
759 1344
760 1345
761 1346
762 1347
763 1348
764 1349
765 1350
766 1351
767 1363
768 1364
769 1365
770 1366
771 1367
772 1368
773 1383
774 1384
775 1385
776 1386
777 1387
778 1388
779 1389
780 1403
781 1404
782 1405
783 1406
784 1407
785 1408
786 1409
787 1410
788 1411
789 1412
790 1413
791 1414
792 1423
793 1424
794 1425
795 1426
796 1427
797 1428
798 1429
799 1430
800 1431
801 1432
802 1433
803 1434
804 1443
805 1444
806 1445
807 1446
808 1447
809 1448
810 1449
811 1463
812 1464
813 1465
814 1466
815 1467
816 1468
817 1469
818 1470
819 1471
820 1483
821 1484
822 1485
823 1486
824 1487
825 1488
826 1489
827 1490
828 1491
829 1492
830 1493
831 1494
832 1503
833 1504
834 1505
835 1506
836 1507
837 1508
838 1509
839 1523
840 1524
841 1525
842 1526
843 1527
844 1528
845 1529
846 1530
847 1543
848 1544
849 1545
850 1546
851 1547
852 1548
853 1549
854 1563
855 1564
856 1565
857 1566
858 1567
859 1568
860 1569
861 1570
862 1571
863 1572
864 1583
865 1584
866 1585
867 1586
868 1587
869 1588
870 1589
871 1590
872 1603
873 1604
874 1605
875 1606
876 1607
877 1608
878 1609
879 1610
880 1611
881 1612
882 1623
883 1624
884 1625
885 1626
886 1627
887 1628
888 1629
889 1630
890 1631
891 1632
892 1643
893 1644
894 1645
895 1646
896 1647
897 1648
898 1649
899 1650
900 1651
901 1663
902 1664
903 1665
904 1666
905 1667
906 1668
907 1669
908 1670
909 1683
910 1684
911 1685
912 1686
913 1687
914 1688
915 1689
916 1690
917 1691
918 1703
919 1704
920 1705
921 1706
922 1707
923 1708
924 1709
925 1710
926 1711
927 1712
928 1713
929 1723
930 1724
931 1725
932 1726
933 1727
934 1728
935 1729
936 1730
937 1731
938 1732
939 1733
940 1734
941 1735
942 1736
943 1737
944 1743
945 1744
946 1745
947 1746
948 1747
949 1748
950 1749
951 1750
952 1751
953 1752
954 1763
955 1764
956 1765
957 1766
958 1767
959 1768
960 1769
961 1770
962 1771
963 1772
964 1783
965 1784
966 1785
967 1786
968 1787
969 1788
970 1789
971 1790
972 1791
973 1792
974 1803
975 1804
976 1805
977 1806
978 1807
979 1808
980 1809
981 1810
982 1811
983 1812
984 1813
985 1814
986 1815
987 1816
988 1823
989 1824
990 1825
991 1826
992 1827
993 1828
994 1829
995 1830
996 1831
997 1832
998 1843
999 1844
1000 1845
1001 1846
1002 1847
1003 1848
1004 1849
1005 1850
1006 1863
1007 1864
1008 1865
1009 1866
1010 1867
1011 1868
1012 1869
1013 1870
1014 1871
1015 1872
1016 1873
1017 1874
1018 1875
1019 1883
1020 1884
1021 1885
1022 1886
1023 1887
1024 1888
1025 1889
1026 1890
1027 1903
1028 1904
1029 1905
1030 1906
1031 1907
1032 1908
1033 1909
1034 1910
1035 1911
1036 1912
1037 1913
1038 1914
1039 1915
1040 1916
1041 1917
1042 1923
1043 1924
1044 1925
1045 1926
1046 1927
1047 1928
1048 1929
1049 1930
1050 1931
1051 1932
1052 1933
1053 1943
1054 1944
1055 1945
1056 1946
1057 1947
1058 1948
1059 1949
1060 1950
1061 1951
1062 1952
1063 1953
1064 1954
1065 1955
1066 1956
1067 1957
1068 1963
1069 1964
1070 1965
1071 1966
1072 1967
1073 1968
1074 1969
1075 1970
1076 1971
1077 1972
1078 1973
1079 1983
1080 1984
1081 1985
1082 1986
1083 1987
1084 1988
1085 1989
1086 1990
1087 1991
1088 1992
1089 1993
1090 1994
1091 1995
1092 1996
1093 1997
1094 2003
1095 2004
1096 2005
1097 2006
1098 2007
1099 2008
1100 2009
1101 2010
1102 2011
1103 2012
1104 2013
1105 2014
1106 2015
1107 2023
1108 2024
1109 2025
1110 2026
1111 2027
1112 2028
1113 2029
1114 2030
1115 2031
1116 2032
1117 2033
1118 2034
1119 2035
1120 2036
1121 2043
1122 2044
1123 2045
1124 2046
1125 2047
1126 2048
1127 2049
1128 2050
1129 2051
1130 2052
1131 2063
1132 2064
1133 2065
1134 2066
1135 2067
1136 2068
1137 2069
1138 2070
1139 2071
1140 2072
1141 2073
1142 2074
1143 2083
1144 2084
1145 2085
1146 2086
1147 2087
1148 2088
1149 2089
1150 2090
1151 2091
1152 2092
1153 2093
1154 2094
1155 2095
1156 2096
1157 2103
1158 2104
1159 2105
1160 2106
1161 2107
1162 2108
1163 2109
1164 2110
1165 2111
1166 2112
1167 2113
1168 2114
1169 2123
1170 2124
1171 2125
1172 2126
1173 2127
1174 2128
1175 2129
1176 2130
1177 2131
1178 2132
1179 2133
1180 2134
1181 2143
1182 2144
1183 2145
1184 2146
1185 2147
1186 2148
1187 2149
1188 2150
1189 2151
1190 2152
1191 2153
1192 2163
1193 2164
1194 2165
1195 2166
1196 2167
1197 2168
1198 2169
1199 2170
1200 2171
1201 2172
1202 2173
1203 2174
1204 2183
1205 2184
1206 2185
1207 2186
1208 2187
1209 2188
1210 2189
1211 2190
1212 2191
1213 2192
1214 2193
1215 2203
1216 2204
1217 2205
1218 2206
1219 2207
1220 2208
1221 2209
1222 2210
1223 2211
1224 2212
1225 2213
1226 2214
1227 2215
1228 2216
1229 2217
1230 2223
1231 2224
1232 2225
1233 2226
1234 2227
1235 2228
1236 2229
1237 2230
1238 2231
1239 2232
1240 2233
1241 2234
1242 2235
1243 2243
1244 2244
1245 2245
1246 2246
1247 2247
1248 2248
1249 2249
1250 2250
1251 2251
1252 2252
1253 2253
1254 2254
1255 2255
1256 2256
1257 2257
1258 2263
1259 2264
1260 2265
1261 2266
1262 2267
1263 2268
1264 2269
1265 2270
1266 2271
1267 2272
1268 2273
1269 2274
1270 2283
1271 2284
1272 2285
1273 2286
1274 2287
1275 2288
1276 2289
1277 2290
1278 2291
1279 2303
1280 2304
1281 2305
1282 2306
1283 2307
1284 2308
1285 2309
1286 2310
1287 2311
1288 2312
1289 2323
1290 2324
1291 2325
1292 2326
1293 2327
1294 2328
1295 2329
1296 2330
1297 2331
1298 2332
1299 2343
1300 2344
1301 2345
1302 2346
1303 2347
1304 2348
1305 2349
1306 2350
1307 2363
1308 2364
1309 2365
1310 2366
1311 2367
1312 2368
1313 2369
1314 2370
1315 2371
1316 2372
1317 2373
1318 2374
1319 2375
1320 2383
1321 2384
1322 2385
1323 2386
1324 2387
1325 2388
1326 2389
1327 2390
1328 2391
1329 2392
1330 2393
1331 2403
1332 2404
1333 2405
1334 2406
1335 2407
1336 2408
1337 2409
1338 2410
1339 2411
1340 2412
1341 2413
1342 2414
1343 2415
1344 2423
1345 2424
1346 2425
1347 2426
1348 2427
1349 2428
1350 2429
1351 2430
1352 2431
1353 2432
1354 2433
1355 2443
1356 2444
1357 2445
1358 2446
1359 2447
1360 2448
1361 2449
1362 2450
1363 2451
1364 2452
1365 2453
1366 2454
1367 2455
1368 2456
1369 2463
1370 2464
1371 2465
1372 2466
1373 2467
1374 2468
1375 2469
1376 2470
1377 2471
1378 2472
1379 2473
1380 2474
1381 2475
1382 2476
1383 2477
1384 2483
1385 2484
1386 2485
1387 2486
1388 2487
1389 2488
1390 2489
1391 2490
1392 2491
1393 2492
1394 2503
1395 2504
1396 2505
1397 2506
1398 2507
1399 2508
1400 2509
1401 2510
1402 2511
1403 2512
1404 2513
1405 2523
1406 2524
1407 2525
1408 2526
1409 2527
1410 2528
1411 2529
1412 2530
1413 2531
1414 2532
1415 2533
1416 2534
1417 2535
1418 2543
1419 2544
1420 2545
1421 2546
1422 2547
1423 2548
1424 2549
1425 2550
1426 2551
1427 2552
1428 2553
1429 2554
1430 2555
1431 2563
1432 2564
1433 2565
1434 2566
1435 2567
1436 2568
1437 2569
1438 2570
1439 2571
1440 2572
1441 2573
1442 2574
1443 2575
1444 2576
1445 2583
1446 2584
1447 2585
1448 2586
1449 2587
1450 2588
1451 2589
1452 2603
1453 2604
1454 2605
1455 2606
1456 2607
1457 2608
1458 2623
1459 2624
1460 2625
1461 2626
1462 2627
1463 2628
1464 2629
1465 2630
1466 2631
1467 2632
1468 2633
1469 2643
1470 2644
1471 2645
1472 2646
1473 2647
1474 2648
1475 2649
1476 2650
1477 2651
1478 2652
1479 2653
1480 2654
1481 2655
1482 2656
1483 2663
1484 2664
1485 2665
1486 2666
1487 2667
1488 2668
1489 2669
1490 2670
1491 2671
1492 2672
1493 2673
1494 2674
1495 2675
1496 2676
1497 2683
1498 2684
1499 2685
1500 2686
1501 2687
1502 2688
1503 2689
1504 2690
1505 2691
1506 2692
1507 2693
1508 2694
1509 2695
1510 2696
1511 2697
1512 2698
1513 2699
1514 2700
1515 2703
1516 2704
1517 2705
1518 2706
1519 2707
1520 2708
1521 2709
1522 2710
1523 2711
1524 2712
1525 2713
1526 2714
1527 2723
1528 2724
1529 2725
1530 2726
1531 2727
1532 2728
1533 2729
1534 2730
1535 2743
1536 2744
1537 2745
1538 2746
1539 2747
1540 2748
1541 2749
1542 2750
1543 2751
1544 2752
1545 2753
1546 2754
1547 2755
1548 2763
1549 2764
1550 2765
1551 2766
1552 2767
1553 2768
1554 2769
1555 2770
1556 2771
1557 2772
1558 2773
1559 2774
1560 2775
1561 2776
1562 2777
1563 2778
1564 2779
1565 2783
1566 2784
1567 2785
1568 2786
1569 2787
1570 2788
1571 2789
1572 2803
1573 2804
1574 2805
1575 2806
1576 2807
1577 2808
1578 2809
1579 2810
1580 2811
1581 2823
1582 2824
1583 2825
1584 2826
1585 2827
1586 2828
1587 2829
1588 2830
1589 2831
1590 2832
1591 2843
1592 2844
1593 2845
1594 2846
1595 2847
1596 2848
1597 2849
1598 2850
1599 2851
1600 2852
1601 2853
1602 2854
1603 2855
1604 2863
1605 2864
1606 2865
1607 2866
1608 2867
1609 2868
1610 2869
1611 2870
1612 2871
1613 2872
1614 2873
1615 2874
1616 2875
1617 2876
1618 2883
1619 2884
1620 2885
1621 2886
1622 2887
1623 2888
1624 2889
1625 2890
1626 2891
1627 2892
1628 2893
1629 2894
1630 2895
1631 2903
1632 2904
1633 2905
1634 2906
1635 2907
1636 2908
1637 2909
1638 2910
1639 2911
1640 2912
1641 2913
1642 2914
1643 2915
1644 2923
1645 2924
1646 2925
1647 2926
1648 2927
1649 2928
1650 2929
1651 2930
1652 2931
1653 2932
1654 2933
1655 2934
1656 2943
1657 2944
1658 2945
1659 2946
1660 2947
1661 2948
1662 2949
1663 2950
1664 2951
1665 2952
1666 2963
1667 2964
1668 2965
1669 2966
1670 2967
1671 2968
1672 2969
1673 2970
1674 2971
1675 2972
1676 2973
1677 2974
1678 2975
1679 2976
1680 2977
1681 2983
1682 2984
1683 2985
1684 2986
1685 2987
1686 2988
1687 2989
1688 2990
1689 2991
1690 2992
1691 2993
1692 2994
1693 3003
1694 3004
1695 3005
1696 3006
1697 3007
1698 3008
1699 3009
1700 3010
1701 3011
1702 3012
1703 3013
1704 3014
1705 3023
1706 3024
1707 3025
1708 3026
1709 3027
1710 3028
1711 3029
1712 3030
1713 3031
1714 3032
1715 3033
1716 3034
1717 3035
1718 3036
1719 3043
1720 3044
1721 3045
1722 3046
1723 3047
1724 3048
1725 3049
1726 3050
1727 3051
1728 3063
1729 3064
1730 3065
1731 3066
1732 3067
1733 3068
1734 3069
1735 3070
1736 3071
1737 3072
1738 3083
1739 3084
1740 3085
1741 3086
1742 3087
1743 3088
1744 3089
1745 3090
1746 3091
1747 3092
1748 3103
1749 3104
1750 3105
1751 3106
1752 3107
1753 3108
1754 3109
1755 3110
1756 3111
1757 3112
1758 3113
1759 3123
1760 3124
1761 3125
1762 3126
1763 3127
1764 3128
1765 3129
1766 3130
1767 3131
1768 3132
1769 3133
1770 3134
1771 3135
1772 3136
1773 3143
1774 3144
1775 3145
1776 3146
1777 3147
1778 3148
1779 3149
1780 3163
1781 3164
1782 3165
1783 3166
1784 3167
1785 3168
1786 3169
1787 3170
1788 3171
1789 3172
1790 3173
1791 3174
1792 3175
1793 3176
1794 3183
1795 3184
1796 3185
1797 3186
1798 3187
1799 3188
1800 3189
1801 3190
1802 3191
1803 3192
1804 3193
1805 3194
1806 3195
1807 3196
1808 3197
1809 3198
1810 3203
1811 3204
1812 3205
1813 3206
1814 3207
1815 3208
1816 3209
1817 3210
1818 3211
1819 3223
1820 3224
1821 3225
1822 3226
1823 3227
1824 3228
1825 3229
1826 3230
1827 3231
1828 3232
1829 3243
1830 3244
1831 3245
1832 3246
1833 3247
1834 3248
1835 3249
1836 3250
1837 3251
1838 3263
1839 3264
1840 3265
1841 3266
1842 3267
1843 3268
1844 3269
1845 3270
1846 3271
1847 3272
1848 3273
1849 3283
1850 3284
1851 3285
1852 3286
1853 3287
1854 3288
1855 3289
1856 3290
1857 3291
1858 3292
1859 3293
1860 3294
1861 3295
1862 3296
1863 3297
1864 3298
1865 3299
1866 3303
1867 3304
1868 3305
1869 3306
1870 3307
1871 3308
1872 3309
1873 3310
1874 3311
1875 3312
1876 3323
1877 3324
1878 3325
1879 3326
1880 3327
1881 3328
1882 3329
1883 3330
1884 3331
1885 3332
1886 3333
1887 3334
1888 3343
1889 3344
1890 3345
1891 3346
1892 3347
1893 3348
1894 3349
1895 3350
1896 3363
1897 3364
1898 3365
1899 3366
1900 3367
1901 3368
1902 3369
1903 3370
1904 3371
1905 3383
1906 3384
1907 3385
1908 3386
1909 3387
1910 3388
1911 3389
1912 3390
1913 3391
1914 3403
1915 3404
1916 3405
1917 3406
1918 3407
1919 3408
1920 3409
1921 3410
1922 3411
1923 3412
1924 3413
1925 3414
1926 3415
1927 3423
1928 3424
1929 3425
1930 3426
1931 3427
1932 3428
1933 3429
1934 3430
1935 3431
1936 3432
1937 3433
1938 3434
1939 3435
1940 3436
1941 3443
1942 3444
1943 3445
1944 3446
1945 3447
1946 3448
1947 3449
1948 3450
1949 3451
1950 3452
1951 3453
1952 3454
1953 3463
1954 3464
1955 3465
1956 3466
1957 3467
1958 3468
1959 3469
1960 3470
1961 3471
1962 3472
1963 3473
1964 3474
1965 3475
1966 3476
1967 3483
1968 3484
1969 3485
1970 3486
1971 3487
1972 3488
1973 3489
1974 3490
1975 3491
1976 3492
1977 3493
1978 3494
1979 3495
1980 3503
1981 3504
1982 3505
1983 3506
1984 3507
1985 3508
1986 3509
1987 3510
1988 3511
1989 3512
1990 3513
1991 3514
1992 3523
1993 3524
1994 3525
1995 3526
1996 3527
1997 3528
1998 3529
1999 3530
2000 3531
2001 3543
2002 3544
2003 3545
2004 3546
2005 3547
2006 3548
2007 3549
2008 3550
2009 3551
2010 3552
2011 3553
2012 3554
2013 3555
2014 3556
2015 3563
2016 3564
2017 3565
2018 3566
2019 3567
2020 3568
2021 3569
2022 3570
2023 3571
2024 3572
2025 3573
2026 3583
2027 3584
2028 3585
2029 3586
2030 3587
2031 3588
2032 3589
2033 3590
2034 3591
2035 3592
2036 3593
2037 3594
2038 3603
2039 3604
2040 3605
2041 3606
2042 3607
2043 3608
2044 3609
2045 3610
2046 3611
2047 3612
2048 3613
2049 3614
2050 3623
2051 3624
2052 3625
2053 3626
2054 3627
2055 3628
2056 3629
2057 3630
2058 3631
2059 3632
2060 3643
2061 3644
2062 3645
2063 3646
2064 3647
2065 3648
2066 3649
2067 3650
2068 3651
2069 3652
2070 3653
2071 3663
2072 3664
2073 3665
2074 3666
2075 3667
2076 3668
2077 3669
2078 3670
2079 3671
2080 3672
2081 3683
2082 3684
2083 3685
2084 3686
2085 3687
2086 3688
2087 3689
2088 3690
2089 3691
2090 3692
2091 3693
2092 3694
2093 3695
2094 3696
2095 3703
2096 3704
2097 3705
2098 3706
2099 3707
2100 3708
2101 3709
2102 3710
2103 3723
2104 3724
2105 3725
2106 3726
2107 3727
2108 3728
2109 3729
2110 3730
2111 3731
2112 3743
2113 3744
2114 3745
2115 3746
2116 3747
2117 3748
2118 3749
2119 3750
2120 3751
2121 3752
2122 3753
2123 3763
2124 3764
2125 3765
2126 3766
2127 3767
2128 3768
2129 3769
2130 3770
2131 3771
2132 3772
2133 3773
2134 3783
2135 3784
2136 3785
2137 3786
2138 3787
2139 3788
2140 3789
2141 3790
2142 3791
2143 3792
2144 3793
2145 3803
2146 3804
2147 3805
2148 3806
2149 3807
2150 3808
2151 3809
2152 3810
2153 3823
2154 3824
2155 3825
2156 3826
2157 3827
2158 3828
2159 3829
2160 3830
2161 3831
2162 3832
2163 3833
2164 3843
2165 3844
2166 3845
2167 3846
2168 3847
2169 3848
2170 3849
2171 3850
2172 3851
2173 3863
2174 3864
2175 3865
2176 3866
2177 3867
2178 3868
2179 3869
2180 3870
2181 3871
2182 3872
2183 3873
2184 3874
2185 3875
2186 3883
2187 3884
2188 3885
2189 3886
2190 3887
2191 3888
2192 3889
2193 3890
2194 3891
2195 3892
2196 3893
2197 3894
2198 3895
2199 3903
2200 3904
2201 3905
2202 3906
2203 3907
2204 3908
