1 0
2 1
3 2
4 3
5 4
6 5
7 6
8 7
9 8
10 9
11 10
12 11
13 12
14 16
15 17
16 18
17 19
18 20
19 21
20 22
21 23
22 24
23 25
24 26
25 27
26 28
27 29
28 36
29 37
30 38
31 39
32 40
33 41
34 42
35 43
36 44
37 45
38 46
39 47
40 48
41 49
42 50
43 51
44 56
45 57
46 58
47 59
48 60
49 61
50 62
51 63
52 64
53 65
54 66
55 67
56 68
57 69
58 70
59 71
60 76
61 77
62 78
63 79
64 80
65 81
66 82
67 83
68 84
69 85
70 86
71 87
72 88
73 96
74 97
75 98
76 99
77 100
78 101
79 102
80 103
81 104
82 105
83 106
84 107
85 116
86 117
87 118
88 119
89 120
90 121
91 122
92 123
93 124
94 125
95 126
96 127
97 128
98 129
99 130
100 131
101 136
102 137
103 138
104 139
105 140
106 141
107 142
108 143
109 144
110 145
111 156
112 157
113 158
114 159
115 160
116 161
117 162
118 163
119 164
120 165
121 166
122 167
123 168
124 176
125 177
126 178
127 179
128 180
129 181
130 182
131 183
132 184
133 185
134 186
135 196
136 197
137 198
138 199
139 200
140 201
141 202
142 203
143 204
144 205
145 206
146 207
147 208
148 209
149 210
150 216
151 217
152 218
153 219
154 220
155 221
156 222
157 223
158 224
159 225
160 226
161 227
162 228
163 229
164 230
165 231
166 232
167 233
168 236
169 237
170 238
171 239
172 240
173 241
174 242
175 243
176 244
177 245
178 246
179 247
180 248
181 249
182 250
183 251
184 252
185 253
186 256
187 257
188 258
189 259
190 260
191 261
192 262
193 263
194 264
195 265
196 266
197 267
198 268
199 269
200 270
201 276
202 277
203 278
204 279
205 280
206 281
207 282
208 283
209 284
210 285
211 286
212 287
213 288
214 289
215 290
216 296
217 297
218 298
219 299
220 300
221 301
222 302
223 303
224 304
225 305
226 306
227 307
228 308
229 309
230 310
231 316
232 317
233 318
234 319
235 320
236 321
237 322
238 323
239 324
240 325
241 326
242 327
243 328
244 329
245 336
246 337
247 338
248 339
249 340
250 341
251 342
252 343
253 344
254 345
255 356
256 357
257 358
258 359
259 360
260 361
261 362
262 363
263 364
264 365
265 366
266 367
267 368
268 369
269 370
270 371
271 372
272 376
273 377
274 378
275 379
276 380
277 381
278 382
279 383
280 384
281 385
282 386
283 387
284 388
285 389
286 390
287 391
288 392
289 393
290 394
291 396
292 397
293 398
294 399
295 400
296 401
297 402
298 403
299 404
300 405
301 406
302 407
303 408
304 409
305 410
306 411
307 416
308 417
309 418
310 419
311 420
312 421
313 422
314 423
315 424
316 425
317 426
318 427
319 428
320 429
321 430
322 436
323 437
324 438
325 439
326 440
327 441
328 442
329 443
330 444
331 445
332 446
333 447
334 448
335 449
336 450
337 456
338 457
339 458
340 459
341 460
342 461
343 462
344 463
345 464
346 465
347 466
348 467
349 468
350 469
351 476
352 477
353 478
354 479
355 480
356 481
357 482
358 483
359 484
360 485
361 486
362 487
363 496
364 497
365 498
366 499
367 500
368 501
369 502
370 503
371 504
372 505
373 506
374 507
375 508
376 509
377 510
378 516
379 517
380 518
381 519
382 520
383 521
384 522
385 523
386 524
387 525
388 526
389 527
390 528
391 529
392 530
393 531
394 532
395 533
396 536
397 537
398 538
399 539
400 540
401 541
402 542
403 543
404 544
405 545
406 546
407 547
408 548
409 549
410 550
411 551
412 556
413 557
414 558
415 559
416 560
417 561
418 562
419 563
420 564
421 565
422 566
423 567
424 568
425 576
426 577
427 578
428 579
429 580
430 581
431 582
432 583
433 584
434 585
435 586
436 596
437 597
438 598
439 599
440 600
441 601
442 602
443 603
444 604
445 605
446 606
447 607
448 608
449 609
450 610
451 616
452 617
453 618
454 619
455 620
456 621
457 622
458 623
459 624
460 625
461 626
462 627
463 628
464 636
465 637
466 638
467 639
468 640
469 641
470 642
471 643
472 644
473 645
474 646
475 647
476 648
477 649
478 656
479 657
480 658
481 659
482 660
483 661
484 662
485 663
486 664
487 676
488 677
489 678
490 679
491 680
492 681
493 682
494 683
495 684
496 685
497 686
498 687
499 688
500 696
501 697
502 698
503 699
504 700
505 701
506 702
507 703
508 704
509 705
510 706
511 716
512 717
513 718
514 719
515 720
516 721
517 722
518 723
519 724
520 725
521 726
522 727
523 736
524 737
525 738
526 739
527 740
528 741
529 742
530 743
531 744
532 745
533 746
534 747
535 748
536 749
537 750
538 751
539 752
540 756
541 757
542 758
543 759
544 760
545 761
546 762
547 763
548 764
549 765
550 766
551 767
552 768
553 769
554 770
555 776
556 777
557 778
558 779
559 780
560 781
561 782
562 783
563 784
564 785
565 786
566 787
567 788
568 789
569 790
570 791
571 792
572 793
573 796
574 797
575 798
576 799
577 800
578 801
579 802
580 803
581 804
582 805
583 806
584 807
585 808
586 809
587 810
588 811
589 812
590 813
591 816
592 817
593 818
594 819
595 820
596 821
597 822
598 823
599 824
600 825
601 826
602 827
603 828
604 836
605 837
606 838
607 839
608 840
609 841
610 842
611 843
612 844
613 845
614 846
615 847
616 848
617 849
618 850
619 851
620 852
621 856
622 857
623 858
624 859
625 860
626 861
627 862
628 863
629 864
630 865
631 866
632 867
633 868
634 869
635 870
636 871
637 876
638 877
639 878
640 879
641 880
642 881
643 882
644 883
645 884
646 885
647 886
648 887
649 888
650 889
651 890
652 896
653 897
654 898
655 899
656 900
657 901
658 902
659 903
660 904
661 905
662 906
663 907
664 908
665 909
666 910
667 911
668 916
669 917
670 918
671 919
672 920
673 921
674 922
675 923
676 924
677 925
678 926
679 927
680 928
681 936
682 937
683 938
684 939
685 940
686 941
687 942
688 943
689 944
690 945
691 946
692 947
693 948
694 949
695 950
696 951
697 956
698 957
699 958
700 959
701 960
702 961
703 962
704 963
705 964
706 965
707 966
708 967
709 968
710 969
711 976
712 977
713 978
714 979
715 980
716 981
717 982
718 983
719 984
720 985
721 986
722 987
723 988
724 989
725 990
726 991
727 996
728 997
729 998
730 999
731 1000
732 1001
733 1002
734 1003
735 1004
736 1016
737 1017
738 1018
739 1019
740 1020
741 1021
742 1022
743 1023
744 1024
745 1025
746 1026
747 1036
748 1037
749 1038
750 1039
751 1040
752 1041
753 1042
754 1043
755 1044
756 1045
757 1046
758 1047
759 1048
760 1049
761 1050
762 1051
763 1056
764 1057
765 1058
766 1059
767 1060
768 1061
769 1062
770 1063
771 1064
772 1065
773 1066
774 1067
775 1068
776 1069
777 1070
778 1071
779 1072
780 1073
781 1074
782 1076
783 1077
784 1078
785 1079
786 1080
787 1081
788 1082
789 1083
790 1084
791 1085
792 1086
793 1087
794 1088
795 1089
796 1090
797 1091
798 1096
799 1097
800 1098
801 1099
802 1100
803 1101
804 1102
805 1103
806 1104
807 1105
808 1106
809 1107
810 1108
811 1116
812 1117
813 1118
814 1119
815 1120
816 1121
817 1122
818 1123
819 1124
820 1125
821 1126
822 1127
823 1136
824 1137
825 1138
826 1139
827 1140
828 1141
829 1142
830 1143
831 1144
832 1145
833 1146
834 1147
835 1148
836 1149
837 1150
838 1156
839 1157
840 1158
841 1159
842 1160
843 1161
844 1162
845 1163
846 1164
847 1165
848 1166
849 1167
850 1168
851 1169
852 1170
853 1171
854 1172
855 1176
856 1177
857 1178
858 1179
859 1180
860 1181
861 1182
862 1183
863 1184
864 1185
865 1186
866 1187
867 1188
868 1189
869 1190
870 1191
871 1192
872 1193
873 1196
874 1197
875 1198
876 1199
877 1200
878 1201
879 1202
880 1203
881 1204
882 1205
883 1206
884 1207
885 1208
886 1216
887 1217
888 1218
889 1219
890 1220
891 1221
892 1222
893 1223
894 1224
895 1225
896 1226
897 1227
898 1228
899 1229
900 1236
901 1237
902 1238
903 1239
904 1240
905 1241
906 1242
907 1243
908 1244
909 1245
910 1246
911 1247
912 1256
913 1257
914 1258
915 1259
916 1260
917 1261
918 1262
919 1263
920 1264
921 1265
922 1266
923 1267
924 1268
925 1269
926 1270
927 1271
928 1272
929 1276
930 1277
931 1278
932 1279
933 1280
934 1281
935 1282
936 1283
937 1284
938 1285
939 1286
940 1296
941 1297
942 1298
943 1299
944 1300
945 1301
946 1302
947 1303
948 1304
949 1305
950 1316
951 1317
952 1318
953 1319
954 1320
955 1321
956 1322
957 1323
958 1324
959 1325
960 1326
961 1327
962 1328
963 1329
964 1330
965 1336
966 1337
967 1338
968 1339
969 1340
970 1341
971 1342
972 1343
973 1344
974 1345
975 1346
976 1347
977 1348
978 1349
979 1350
980 1351
981 1356
982 1357
983 1358
984 1359
985 1360
986 1361
987 1362
988 1363
