0 0
1 1
2 2
3 3
4 4
5 5
6 6
7 7
8 8
9 9
10 10
11 11
12 12
13 13
14 14
15 15
16 16
17 17
18 18
19 19
20 20
21 21
22 22
23 23
24 24
25 25
26 26
27 27
28 28
29 29
30 30
31 31
32 32
33 33
34 34
35 35
36 36
37 37
39 38
40 39
41 40
42 41
43 42
44 43
45 45
46 46
47 47
48 48
49 49
50 50
51 51
52 52
53 53
54 54
55 55
56 56
57 57
58 58
59 59
60 60
61 61
62 62
63 63
64 64
65 65
66 66
67 67
68 68
69 69
70 70
71 71
72 72
73 73
74 74
75 75
76 76
77 77
78 78
79 79
80 80
81 81
82 82
83 83
84 84
85 85
86 86
87 87
88 88
89 89
90 90
91 91
92 92
93 94
94 95
95 96
96 97
97 98
98 99
99 100
101 101
102 102
103 103
104 104
105 105
106 106
107 107
108 108
109 109
110 110
111 111
112 112
113 113
114 114
115 115
116 117
117 118
118 119
119 120
120 121
121 122
122 123
124 124
125 125
126 126
127 127
128 128
129 129
130 130
131 131
133 132
134 133
135 134
136 135
137 136
138 137
139 138
140 139
141 140
142 141
143 142
144 143
145 144
146 145
147 146
148 148
149 149
150 150
151 151
152 152
153 153
154 154
155 155
157 156
158 157
159 158
160 159
161 160
162 161
163 163
164 164
165 165
166 166
167 167
168 168
169 170
170 171
171 172
172 173
173 174
174 175
175 176
176 177
179 178
180 179
181 180
182 181
183 182
184 183
185 186
186 187
187 188
188 189
189 190
190 191
191 192
193 193
194 194
195 195
196 196
197 197
198 198
199 199
200 200
201 201
202 202
203 203
204 204
205 205
206 206
207 207
211 208
212 209
213 210
214 211
215 212
216 213
217 214
218 215
219 216
220 220
221 221
222 222
223 223
224 224
225 225
226 226
227 227
228 228
229 229
230 230
231 231
232 232
233 233
234 234
235 235
236 236
237 237
238 238
239 239
240 240
241 241
242 242
243 243
246 244
247 245
248 246
249 247
250 248
251 249
252 250
253 254
254 255
255 256
256 257
257 258
258 259
259 260
260 261
261 262
262 263
263 264
267 265
268 266
269 267
270 268
271 269
272 270
273 271
274 272
275 275
276 276
277 277
278 278
279 279
280 280
281 281
282 282
283 283
284 284
285 285
286 286
287 287
288 288
289 289
290 290
291 291
292 292
293 293
294 294
295 295
296 296
297 297
298 298
299 299
300 300
301 301
302 302
303 303
304 304
305 305
306 306
307 307
308 308
309 309
310 310
311 311
312 312
313 313
314 314
315 315
316 316
317 317
318 318
319 319
320 320
321 321
322 322
323 323
324 324
325 325
326 326
327 327
328 328
329 329
330 330
331 331
332 332
333 333
334 334
335 335
337 336
338 337
339 338
340 339
341 340
342 341
343 342
344 343
345 344
346 346
347 347
348 348
349 349
350 350
351 351
352 352
353 353
354 354
355 355
356 356
357 357
358 358
359 359
360 360
361 361
362 362
363 363
364 364
365 365
366 366
369 367
370 368
371 369
372 370
373 371
374 372
375 373
376 374
377 377
378 378
379 379
380 380
381 381
382 382
383 383
384 384
385 385
386 386
387 387
388 388
389 389
390 390
391 391
392 392
393 393
394 394
395 395
396 396
397 397
398 398
399 399
400 400
401 401
402 402
403 403
404 404
405 405
406 406
407 407
408 408
409 409
410 410
411 411
412 412
413 413
414 414
415 415
416 416
417 417
418 418
419 419
420 420
421 421
422 422
423 423
424 424
425 425
426 426
427 427
428 428
429 429
430 430
431 431
432 432
433 434
434 435
435 436
436 437
437 438
438 439
439 440
440 441
441 442
442 443
443 444
444 445
445 446
446 447
447 448
448 449
449 450
450 451
451 452
452 453
453 454
454 455
455 456
456 457
460 458
461 459
462 460
463 461
464 462
465 463
466 464
467 465
468 466
469 467
470 470
471 471
472 472
473 473
474 474
475 475
476 476
477 477
478 478
479 479
480 480
481 481
483 482
484 483
485 484
486 485
487 486
488 487
489 488
490 489
491 490
492 491
493 492
494 494
495 495
496 496
497 497
498 498
499 499
500 500
501 501
502 502
503 503
504 504
505 505
506 506
507 507
508 508
509 509
510 510
511 511
512 512
513 513
514 514
515 515
516 516
517 517
520 518
521 519
522 520
523 521
524 522
525 523
526 524
527 525
528 526
529 527
530 531
531 532
532 533
533 534
534 535
535 536
536 537
537 538
538 539
539 540
540 541
541 542
544 543
545 544
546 545
547 546
548 547
549 548
550 549
551 550
552 551
553 552
554 553
555 554
556 555
557 556
558 557
559 558
560 559
561 560
562 561
563 562
564 563
565 564
566 565
567 566
568 567
569 568
570 569
571 570
572 571
573 572
574 573
575 574
576 575
577 576
578 577
579 578
580 579
581 580
582 582
583 583
584 584
585 585
586 586
587 587
588 588
589 589
590 590
591 591
592 592
593 593
594 594
596 595
597 596
598 597
599 598
600 599
601 600
602 601
603 602
604 603
605 604
606 605
607 606
608 607
609 608
610 609
611 610
612 611
613 612
614 613
615 614
616 615
617 616
618 618
619 619
620 620
621 621
622 622
623 623
624 624
625 625
626 626
627 627
628 628
630 629
631 630
632 631
633 632
634 633
635 634
636 635
637 636
638 637
639 638
640 639
641 640
642 641
643 642
644 643
645 644
646 645
647 646
648 647
649 648
650 650
651 651
652 652
653 653
654 654
655 655
656 656
657 657
658 658
659 660
660 661
661 662
662 663
663 664
664 665
665 666
666 667
667 668
668 669
669 670
670 671
671 672
672 673
673 674
674 675
675 676
676 677
677 678
678 679
680 680
681 681
682 682
683 683
684 684
685 685
686 686
687 687
688 688
689 690
690 691
691 692
692 693
693 694
694 695
695 696
696 697
697 698
698 699
701 700
702 701
703 702
704 703
705 704
706 705
707 706
708 707
709 710
710 711
711 712
712 713
713 714
714 715
715 716
716 717
717 718
718 719
719 720
720 721
721 722
722 723
723 724
724 725
725 726
726 727
727 728
728 729
730 730
731 731
732 732
733 733
734 734
735 735
736 736
737 737
738 738
739 739
740 740
742 741
743 742
744 743
745 744
746 745
747 746
748 747
749 748
750 749
751 750
752 751
753 752
754 753
755 754
756 755
757 756
758 757
759 758
760 759
761 760
762 761
763 762
764 763
765 764
766 765
767 766
768 767
769 768
770 769
771 771
772 772
773 773
774 774
775 775
776 776
777 777
778 778
779 779
780 780
781 781
782 782
783 783
784 784
785 785
786 786
787 787
788 788
789 789
791 790
792 791
793 792
794 793
795 794
796 795
797 796
798 797
799 798
800 800
801 801
802 802
803 803
804 804
805 805
806 806
807 807
808 808
809 810
810 811
811 812
812 813
813 814
814 815
815 816
816 817
817 818
818 819
820 820
821 821
822 822
823 823
824 824
825 825
826 826
827 827
828 828
829 829
831 830
832 831
833 832
834 833
835 834
836 835
837 836
838 837
839 838
840 839
841 840
842 841
843 842
844 843
845 844
846 845
847 846
848 847
849 848
850 849
854 850
855 851
856 852
857 853
858 854
859 855
860 856
861 862
862 863
863 864
864 865
865 866
866 867
867 868
868 869
869 870
870 871
871 872
874 873
875 874
876 875
877 876
878 877
879 878
880 879
881 880
882 881
883 884
884 885
885 886
886 887
887 888
888 889
889 890
890 891
891 892
892 893
893 894
894 895
895 896
896 897
897 898
898 899
899 900
900 901
901 902
902 903
906 904
907 905
908 906
909 907
910 908
911 909
912 910
913 911
914 914
915 915
916 916
917 917
918 918
919 919
920 920
921 921
922 922
923 923
924 924
925 925
926 926
927 927
928 928
929 929
930 930
931 931
932 932
933 933
936 934
937 935
938 936
939 937
940 938
941 939
942 940
943 941
944 944
945 945
946 946
947 947
948 948
949 949
950 950
951 951
953 952
954 953
955 954
956 955
957 956
958 957
959 960
960 961
961 962
962 963
963 964
964 965
966 966
967 967
968 968
969 969
970 970
971 971
972 972
973 973
974 974
975 975
976 976
977 977
978 978
979 979
980 980
981 981
982 982
983 983
984 984
985 986
986 987
987 988
988 989
989 990
990 991
992 992
993 993
994 994
995 995
996 996
998 997
999 998
1000 999
1001 1000
1002 1001
1003 1002
1004 1004
1005 1005
1006 1006
1007 1007
1008 1008
1009 1009
1010 1010
1011 1011
1012 1012
1013 1013
1014 1014
1015 1016
1016 1017
1017 1018
1018 1019
1019 1020
1020 1021
1021 1022
1022 1023
1023 1024
1024 1025
1025 1026
1026 1027
1027 1028
1028 1029
1029 1030
1030 1031
1032 1032
1033 1033
1034 1034
1035 1035
1036 1036
1037 1037
1038 1038
1039 1039
1040 1040
1042 1041
1043 1042
1044 1043
1045 1044
1046 1045
1047 1046
1048 1047
1049 1049
1050 1050
1051 1051
1052 1052
1053 1053
1054 1054
1055 1056
1056 1057
1057 1058
1058 1059
1059 1060
1060 1061
1062 1062
1063 1063
1064 1064
1065 1065
1066 1066
1067 1067
1069 1068
1070 1069
1071 1070
1072 1071
1073 1074
1074 1075
1075 1076
1076 1077
1077 1078
1078 1079
1079 1080
1080 1081
1081 1082
1082 1083
1083 1084
1084 1085
1085 1086
1086 1087
1087 1088
1088 1089
1089 1090
1092 1091
1093 1092
1094 1093
1095 1094
1096 1095
1097 1098
1098 1099
1099 1100
