3316.000000000000 276.931365966797 268.869384765625 -16.481271743774 0.076888763742 0.005470851666 0.883983350315 0.461119967208
3316.000000000000 276.804748535156 269.053436279297 -16.452701568604 0.077123796956 0.005495565773 0.883933058764 0.461176827610
3316.000000000000 276.682495117188 269.229858398438 -16.414985656738 0.076948060315 0.005489312200 0.884079225422 0.460926009943
3316.000000000000 276.544677734375 269.429107666016 -16.380475997925 0.076932812696 0.005363338869 0.884115154927 0.460861117643
3316.000000000000 276.403839111328 269.632415771484 -16.350372314453 0.076953650884 0.005144559937 0.884119908414 0.460851013523
3316.000000000000 276.260040283203 269.839843750000 -16.316364288330 0.076955488089 0.005005375203 0.884159773410 0.460775752570
3316.000000000000 276.112518310547 270.037872314453 -16.286973953247 0.077171772810 0.004865213844 0.884930768782 0.459258512864
3316.000000000000 275.952697753906 270.243560791016 -16.249773025513 0.077211612112 0.005064156925 0.886146624761 0.456899201897
3316.000000000000 275.791748046875 270.450408935547 -16.211240768433 0.077305653198 0.004881090117 0.887241462751 0.454755536216
3316.000000000000 275.469146728516 270.871215820312 -16.132579803467 0.077713085955 0.004815774250 0.888873733755 0.451487508167
3316.000000000000 275.301544189453 271.086486816406 -16.095277786255 0.077908316392 0.004506675821 0.889660269776 0.449905088315
3316.000000000000 274.911407470703 271.532104492188 -16.035020828247 0.078564484123 0.004153044957 0.893496678505 0.442124484227
3316.000000000000 274.541229248047 271.920532226562 -15.983469963074 0.078719545962 0.003213072080 0.898338517975 0.432181462320
3317.000000000000 274.327331542969 272.146301269531 -15.940069198608 0.078641437796 0.002523153714 0.900238369728 0.428228952344
3317.000000000000 274.138366699219 272.349121093750 -15.898339271545 0.078574051693 0.002093301178 0.901776745842 0.424994631906
3317.000000000000 273.950775146484 272.567077636719 -15.752361297607 0.077530878791 0.001922936242 0.902881458972 0.422836063026
3317.000000000000 273.737945556641 272.777709960938 -15.700870513916 0.077589555809 0.001857492091 0.905015643232 0.418238085375
3317.000000000000 273.522003173828 272.967987060547 -15.664973258972 0.077563065035 0.001346122988 0.908045848436 0.411624702895
3317.000000000000 273.355377197266 273.114410400391 -15.608834266663 0.077004747843 0.001003172222 0.910923101195 0.405325013000
3317.000000000000 273.178619384766 273.277465820312 -15.501814842224 0.076092312679 0.000698876102 0.913212346042 0.400315728593
3317.000000000000 272.965209960938 273.482635498047 -15.451254844666 0.075749403045 0.000316145467 0.914544434448 0.397329089561
3317.000000000000 272.782684326172 273.666900634766 -15.380194664001 0.075164168210 0.000371599184 0.915399818092 0.395466032384
3317.000000000000 272.584869384766 273.844085693359 -15.327496528625 0.074941681741 0.000453630552 0.917221078397 0.391265935013
3317.000000000000 272.410247802734 274.002197265625 -15.246127128601 0.074218077875 0.000351367880 0.918907515731 0.387428097833
3317.000000000000 272.187225341797 274.195617675781 -15.205612182617 0.074079877799 -0.000335373577 0.920576739937 0.383471674465
3317.000000000000 271.967620849609 274.384124755859 -15.165763854980 0.074094124417 -0.000637520846 0.922158786635 0.379648293195
3317.000000000000 271.742004394531 274.564727783203 -15.123992919922 0.074014752469 -0.000836327995 0.924224449648 0.374606838761
3317.000000000000 271.478393554688 274.749572753906 -15.052344322205 0.073917258347 -0.000922794436 0.927272997795 0.367015224383
3317.000000000000 271.237487792969 274.906677246094 -15.006719589233 0.073674684073 -0.001662113670 0.930520340549 0.358749458717
3317.000000000000 270.985626220703 275.081909179688 -14.880402565002 0.072836445626 -0.002512824646 0.933026431667 0.352349564654
3317.000000000000 270.762176513672 275.230316162109 -14.829247474670 0.072715019779 -0.003210641572 0.935455668003 0.345868343277
3318.000000000000 270.068267822266 275.703277587891 -14.692182540894 0.073232686470 -0.004773566657 0.941116863035 0.330020055157
3318.000000000000 269.844604492188 275.850311279297 -14.640324592590 0.073135366070 -0.005369065325 0.942689601041 0.325512991226
3318.000000000000 269.607543945312 276.003295898438 -14.548942565918 0.072892274084 -0.005593471399 0.944287724312 0.320898929837
3318.000000000000 269.359405517578 276.131256103516 -14.464436531067 0.072507265423 -0.005908357962 0.947191770027 0.312306801977
3318.000000000000 269.122772216797 276.247589111328 -14.392021179199 0.071912003938 -0.006601810553 0.950024848845 0.303706875729
3318.000000000000 268.901428222656 276.357940673828 -14.329790115356 0.071642764221 -0.007087256534 0.952408623782 0.296200773929
3318.000000000000 268.636383056641 276.488983154297 -14.286524772644 0.071638172127 -0.008066038574 0.954506686292 0.289343908074
3318.000000000000 268.413665771484 276.598541259766 -14.223150253296 0.071148934405 -0.008783215476 0.956428877056 0.283027361561
3318.000000000000 268.173675537109 276.717956542969 -14.163767814636 0.070749179854 -0.008983918972 0.958066191389 0.277530206765
3318.000000000000 267.164581298828 277.211090087891 -14.033654212952 0.069765493311 -0.010456483118 0.963973685165 0.256472556453
3318.000000000000 266.902374267578 277.302978515625 -13.968236923218 0.069389479148 -0.010481208298 0.966294282089 0.247690542529
3318.000000000000 266.589385986328 277.401550292969 -13.801493644714 0.068070434821 -0.011563985455 0.968684502584 0.238501623886
3318.000000000000 266.314270019531 277.488250732422 -13.748221397400 0.067720752125 -0.012425340887 0.970753533216 0.229993670311
3318.000000000000 266.029266357422 277.580932617188 -13.685562133789 0.067331429269 -0.013098848658 0.972453578656 0.222775528629
3318.000000000000 265.736053466797 277.673736572266 -13.635619163513 0.067021803440 -0.013718975898 0.974025102039 0.215858676367
3318.000000000000 265.449523925781 277.766082763672 -13.541275024414 0.066361862566 -0.014186158071 0.975346655673 0.209985136100
3318.000000000000 265.190551757812 277.846405029297 -13.485040664673 0.065667852320 -0.014566328828 0.976638570723 0.204089826824
3319.000000000000 264.348449707031 278.108489990234 -13.370058059692 0.066300727972 -0.015942492002 0.979789672406 0.188048526357
3319.000000000000 264.072937011719 278.159393310547 -13.306816101074 0.065769913645 -0.016792956699 0.981561707421 0.178686679942
3319.000000000000 263.781646728516 278.203857421875 -13.252719879150 0.065424899936 -0.017626973578 0.983342039087 0.168663293086
3319.000000000000 263.512847900391 278.243804931641 -13.164607048035 0.064343749078 -0.018750839570 0.984882544346 0.159733095543
3319.000000000000 262.956909179688 278.335113525391 -13.091811180115 0.064019000256 -0.020136163718 0.987250491827 0.144334919215
3319.000000000000 262.386291503906 278.423156738281 -13.017637252808 0.063859383222 -0.021541149296 0.989082524978 0.131048528585
3319.000000000000 261.242401123047 278.531829833984 -12.852771759033 0.062842170450 -0.022834159908 0.992906935056 0.098312161369
3319.000000000000 260.979400634766 278.527038574219 -12.761941909790 0.061696726015 -0.023642534998 0.993885605084 0.088464391394
3319.000000000000 260.647186279297 278.527923583984 -12.721968650818 0.061495841079 -0.024529798486 0.994596410397 0.079965811078
3319.000000000000 259.771545410156 278.541870117188 -12.617780685425 0.060697912978 -0.025151106188 0.996102304981 0.058850515955
3319.000000000000 259.493865966797 278.540222167969 -12.581937789917 0.060549970687 -0.025881338610 0.996426465931 0.052897593083
3320.000000000000 259.234863281250 278.537689208984 -12.545324325562 0.060093474478 -0.026077955582 0.996727152714 0.047367685184
3320.000000000000 258.962799072266 278.528137207031 -12.532307624817 0.059947440565 -0.026680550599 0.997007877011 0.040862522769
3320.000000000000 258.694580078125 278.493927001953 -12.475649833679 0.059243711022 -0.026747245498 0.997403919379 0.030986919341
3320.000000000000 258.173767089844 278.416717529297 -12.400958061218 0.058273656603 -0.028029663516 0.997848989086 0.010766331288
3320.000000000000 257.870819091797 278.370239257812 -12.357427597046 0.057990686751 -0.028916019591 0.997895272534 0.002443177498
3320.000000000000 257.587646484375 278.327087402344 -12.330760002136 0.057804687421 -0.029333163389 0.997883330444 -0.005200236574
3320.000000000000 257.300354003906 278.282043457031 -12.300264358521 0.057702536724 -0.030020510985 0.997807352241 -0.012234132162
3320.000000000000 257.028961181641 278.240295410156 -12.268535614014 0.057487621093 -0.030287818109 0.997717144891 -0.018393484896
3320.000000000000 256.746978759766 278.195068359375 -12.240485191345 0.057416708289 -0.030868698015 0.997576851695 -0.024307818774
3320.000000000000 256.451263427734 278.138549804688 -12.225297927856 0.057550825984 -0.031552179390 0.997352977921 -0.031295364464
3320.000000000000 255.896224975586 277.976806640625 -12.175186157227 0.056904244954 -0.032441796487 0.996444562385 -0.052987459282
3320.000000000000 255.626129150391 277.892425537109 -12.148486137390 0.056548161390 -0.033045239465 0.995889658341 -0.062562816441
3320.000000000000 255.357666015625 277.806793212891 -12.095713615417 0.055532354489 -0.034206000168 0.995342159975 -0.070993603473
3320.000000000000 255.068862915039 277.717742919922 -12.072960853577 0.055399195409 -0.035102786090 0.994743726534 -0.078636137230
3320.000000000000 254.524917602539 277.552062988281 -12.022912979126 0.055089314893 -0.036126253091 0.993581493680 -0.091955840695
3320.000000000000 253.963455200195 277.373901367188 -11.965180397034 0.054675132138 -0.036951267741 0.992422195075 -0.103650472552
3321.000000000000 253.683670043945 277.273223876953 -11.940558433533 0.054146881418 -0.037138515861 0.991729644898 -0.110277637369
3321.000000000000 253.424758911133 277.156280517578 -11.916916847229 0.053671312057 -0.037670251074 0.990593676589 -0.120102083033
3321.000000000000 252.936477661133 276.923706054688 -11.829467773438 0.052284594796 -0.038751734623 0.988163628911 -0.138914602214
3321.000000000000 252.683151245117 276.805786132812 -11.806444168091 0.051960572699 -0.039242420904 0.987079158028 -0.146406513081
3321.000000000000 252.417160034180 276.680389404297 -11.784815788269 0.051555683399 -0.039703204086 0.986016625720 -0.153417342234
3321.000000000000 251.905273437500 276.436218261719 -11.735703468323 0.050196369421 -0.041340704349 0.983934514408 -0.166265276041
3321.000000000000 251.436096191406 276.197265625000 -11.665745735168 0.048344667173 -0.042222372242 0.981831946016 -0.178566778042
3321.000000000000 251.191101074219 276.047332763672 -11.636055946350 0.047384277661 -0.042447329890 0.980213685755 -0.187440883145
3321.000000000000 250.494979858398 275.625885009766 -11.588255882263 0.045308801845 -0.043717231079 0.975381140448 -0.211346982568
3321.000000000000 250.262588500977 275.481201171875 -11.573939323425 0.044864072172 -0.044195804293 0.974018129159 -0.217537651868
3321.000000000000 250.028793334961 275.334442138672 -11.553038597107 0.044429917857 -0.044338558444 0.972757043334 -0.223167670771
3321.000000000000 249.795471191406 275.188446044922 -11.530988693237 0.044157077531 -0.045307426548 0.971581484537 -0.228093858987
3321.000000000000 249.554275512695 275.038024902344 -11.514433860779 0.044112757431 -0.045764447497 0.970493868098 -0.232596930250
3321.000000000000 249.296783447266 274.878997802734 -11.499662399292 0.044004798699 -0.045901211722 0.969548951313 -0.236498387862
3321.000000000000 249.047363281250 274.723968505859 -11.485375404358 0.044108166982 -0.046174983569 0.968634310545 -0.240145607774
3322.000000000000 248.816223144531 274.578308105469 -11.468185424805 0.044102946237 -0.046337883864 0.967752266769 -0.243645810175
3322.000000000000 248.579376220703 274.428924560547 -11.450183868408 0.044070691732 -0.046836878462 0.966934454692 -0.246782984170
3322.000000000000 248.334732055664 274.277862548828 -11.438924789429 0.044042319655 -0.046877587101 0.966285956844 -0.249307471835
3322.000000000000 248.102874755859 274.130279541016 -11.415619850159 0.044050804109 -0.047140117046 0.965581794276 -0.251970503401
3322.000000000000 247.856338500977 273.974914550781 -11.402082443237 0.044184836822 -0.047389617921 0.964934609986 -0.254368085184
3322.000000000000 247.626495361328 273.829223632812 -11.386682510376 0.044086641867 -0.047426419985 0.964347650672 -0.256594449158
3322.000000000000 246.936126708984 273.385375976562 -11.331237792969 0.043892331574 -0.047419270947 0.962534588565 -0.263347758273
3322.000000000000 246.712783813477 273.224029541016 -11.308246612549 0.043678515550 -0.047424686938 0.961421011696 -0.267418631771
3322.000000000000 246.483337402344 273.064300537109 -11.290839195251 0.043846409639 -0.047603517295 0.960578668697 -0.270370151362
3322.000000000000 246.245010375977 272.901275634766 -11.270956039429 0.043671289805 -0.047799573932 0.959952310441 -0.272579494567
3322.000000000000 246.007720947266 272.737457275391 -11.254372596741 0.044066003831 -0.047756996608 0.959283683685 -0.274867733276
3322.000000000000 245.335311889648 272.275604248047 -11.188501358032 0.045067325591 -0.048272976212 0.957647240922 -0.280268474658
3322.000000000000 244.865875244141 271.955383300781 -11.154001235962 0.045408803791 -0.048393628340 0.956908309839 -0.282705825613
3322.000000000000 244.637161254883 271.798339843750 -11.148723602295 0.045430968737 -0.048385064721 0.956504618165 -0.284066590821
3323.000000000000 244.169616699219 271.475646972656 -11.118728637695 0.045069358059 -0.048605269387 0.955835842210 -0.286328698349
3323.000000000000 243.932723999023 271.312622070312 -11.103616714478 0.044885000003 -0.048607650943 0.955590993113 -0.287173269868
3323.000000000000 243.701995849609 271.154052734375 -11.090077400208 0.044652797995 -0.048368651185 0.955384160070 -0.287936985990
3323.000000000000 243.470840454102 270.994171142578 -11.071746826172 0.044130478099 -0.048476952427 0.955190105397 -0.288642250090
3323.000000000000 243.241668701172 270.834472656250 -11.051095962524 0.043444714229 -0.048292894370 0.955001416898 -0.289400495648
3323.000000000000 243.013229370117 270.666931152344 -11.039383888245 0.043286744029 -0.047927251272 0.954404163168 -0.291447987990
3323.000000000000 242.552444458008 270.337768554688 -11.015718460083 0.043006119596 -0.048023308660 0.953663061704 -0.293889435407
3323.000000000000 242.314773559570 270.169158935547 -11.003687858582 0.042826674552 -0.047874020744 0.953422185666 -0.294720358925
3323.000000000000 242.082656860352 270.005096435547 -10.990544319153 0.042842572192 -0.047816699673 0.953226738250 -0.295358871080
3323.000000000000 241.848602294922 269.837615966797 -10.970991134644 0.042625242821 -0.047702359888 0.953016846861 -0.296085229511
3323.000000000000 241.186233520508 269.367767333984 -10.919713020325 0.042634444065 -0.048205426656 0.952545804429 -0.297514758431
3323.000000000000 240.959564208984 269.206359863281 -10.906091690063 0.042643356867 -0.048184767916 0.952388742374 -0.298019220279
3323.000000000000 240.721069335938 269.037597656250 -10.891937255859 0.042602486635 -0.048120255260 0.952293702585 -0.298339023902
3323.000000000000 240.488723754883 268.873107910156 -10.878744125366 0.042400239178 -0.047962342338 0.952214016149 -0.298647452501
3323.000000000000 240.253173828125 268.705047607422 -10.865588188171 0.042346108157 -0.047790814875 0.952079360744 -0.299111577816
3323.000000000000 240.022506713867 268.540344238281 -10.856554031372 0.042456833482 -0.047547694513 0.951923467013 -0.299630350577
3323.000000000000 239.784072875977 268.369598388672 -10.842910766602 0.042478402534 -0.047509754587 0.951786038480 -0.300069567755
3324.000000000000 239.323287963867 268.040985107422 -10.810286521912 0.042611317158 -0.047642488225 0.951624035785 -0.300543114182
3324.000000000000 239.087203979492 267.874786376953 -10.801183700562 0.042641866219 -0.047528997360 0.951611021512 -0.300597953073
3324.000000000000 238.629791259766 267.536590576172 -10.764475822449 0.042442558077 -0.047683758542 0.951008591984 -0.302502142817
3324.000000000000 238.404296875000 267.373870849609 -10.751322746277 0.042550742474 -0.047876603289 0.950895699272 -0.302811218878
3324.000000000000 237.939712524414 267.038818359375 -10.721720695496 0.042530344709 -0.047881441684 0.950739287267 -0.303304047068
3324.000000000000 237.714752197266 266.876800537109 -10.704086303711 0.042506867960 -0.047798723013 0.950711878755 -0.303406281820
3324.000000000000 237.483810424805 266.707885742188 -10.665061950684 0.042097518136 -0.048190204009 0.950711452369 -0.303402764552
3324.000000000000 237.250808715820 266.539947509766 -10.650460243225 0.042140389585 -0.048293763098 0.950650058957 -0.303572669088
3324.000000000000 236.797241210938 266.213867187500 -10.621582984924 0.042082091293 -0.048221116957 0.950594766670 -0.303765388171
3324.000000000000 236.578811645508 266.058532714844 -10.607666969299 0.042193206991 -0.048275508822 0.950639877894 -0.303600117076
3324.000000000000 236.349914550781 265.896270751953 -10.599587440491 0.042296173935 -0.048100191982 0.950670026771 -0.303519201042
3324.000000000000 236.108520507812 265.723388671875 -10.589849472046 0.042462019730 -0.048011802532 0.950624517051 -0.303652550261
3324.000000000000 235.883438110352 265.559906005859 -10.570449829102 0.042189549183 -0.047748084421 0.950578585837 -0.303875820891
3324.000000000000 235.659576416016 265.397979736328 -10.552603721619 0.042122438125 -0.047731748165 0.950540540327 -0.304006680219
3324.000000000000 235.426986694336 265.231475830078 -10.539186477661 0.042147243154 -0.047762681595 0.950542929816 -0.303990912229
3324.000000000000 235.201553344727 265.067474365234 -10.519394874573 0.041927791151 -0.048003438988 0.950477393446 -0.304188189649
3325.000000000000 234.975021362305 264.902069091797 -10.499174118042 0.041740852112 -0.047792316582 0.950407371632 -0.304465800522
3325.000000000000 234.754730224609 264.740631103516 -10.483531951904 0.041676760840 -0.047911750899 0.950276000788 -0.304865599990
3325.000000000000 234.530075073242 264.577392578125 -10.465063095093 0.041683978104 -0.048188395975 0.950226494216 -0.304975300889
3325.000000000000 234.306671142578 264.416839599609 -10.453300476074 0.041605427191 -0.047916729197 0.950241214354 -0.304982966793
3325.000000000000 234.079315185547 264.254577636719 -10.445335388184 0.041612482975 -0.047882590008 0.950268036744 -0.304903783474
3325.000000000000 233.403869628906 263.761352539062 -10.380434036255 0.041310944837 -0.047950895022 0.950118215644 -0.305400546502
3325.000000000000 233.174468994141 263.594238281250 -10.363457679749 0.041138202476 -0.047945559057 0.950074862110 -0.305559532743
3325.000000000000 232.948165893555 263.430175781250 -10.345096588135 0.041062806357 -0.047731666907 0.950083976521 -0.305574821389
3325.000000000000 232.734695434570 263.276000976562 -10.316946029663 0.040679902328 -0.047668062994 0.950205547479 -0.305257790821
3325.000000000000 232.512496948242 263.115753173828 -10.302135467529 0.040712791212 -0.047480254273 0.950215361383 -0.305252127064
3325.000000000000 232.285339355469 262.951599121094 -10.284713745117 0.040610530050 -0.047304549597 0.950230564811 -0.305245701257
3325.000000000000 232.060379028320 262.791381835938 -10.290543556213 0.040772751231 -0.047233960786 0.950186809163 -0.305371189534
3325.000000000000 231.839584350586 262.634063720703 -10.283778190613 0.040786944790 -0.047139314371 0.950232675388 -0.305241171537
3325.000000000000 231.603775024414 262.466430664062 -10.282990455627 0.040843667908 -0.047207788697 0.950245215701 -0.305183960122
3325.000000000000 231.385620117188 262.305389404297 -10.259696006775 0.040561229262 -0.047352099073 0.950144496220 -0.305512686638
3325.000000000000 230.937637329102 261.984710693359 -10.236639976501 0.040572288678 -0.047164258992 0.950240861912 -0.305240440340
3325.000000000000 230.704864501953 261.816070556641 -10.219510078430 0.040598819428 -0.047060954295 0.950223169460 -0.305307927613
3326.000000000000 230.472213745117 261.650085449219 -10.207974433899 0.040447158163 -0.047252667025 0.950284731099 -0.305106772617
3326.000000000000 230.004425048828 261.311950683594 -10.190778732300 0.040529174471 -0.047171672166 0.950164450365 -0.305482792680
3326.000000000000 229.777221679688 261.146911621094 -10.158145904541 0.040399888784 -0.047383364997 0.950232025996 -0.305256879496
3326.000000000000 229.540832519531 260.975402832031 -10.139004707336 0.040379246430 -0.047620668194 0.950206966977 -0.305300685107
3326.000000000000 229.296859741211 260.798828125000 -10.121752738953 0.040292869488 -0.047548590671 0.950200692287 -0.305342857409
3326.000000000000 228.826431274414 260.439025878906 -9.991535186768 0.039342964964 -0.047833007982 0.949987536837 -0.306084652194
3326.000000000000 228.606216430664 260.280395507812 -9.987005233765 0.039359871004 -0.047944759110 0.949959105704 -0.306153226538
3326.000000000000 228.379821777344 260.115020751953 -9.949072837830 0.038887654199 -0.047950162265 0.950069634590 -0.305869615553
3326.000000000000 228.155380249023 259.953979492188 -9.938167572021 0.039036202557 -0.048031408225 0.950097909265 -0.305750096525
3326.000000000000 227.690811157227 259.620239257812 -9.926101684570 0.038985508674 -0.048001814137 0.950087807674 -0.305792599097
3326.000000000000 227.462570190430 259.453094482422 -9.906243324280 0.038813605230 -0.048005733665 0.950039397601 -0.305964208022
3326.000000000000 227.232604980469 259.288665771484 -9.895715713501 0.038819754610 -0.048064177907 0.950099241835 -0.305768363501
3326.000000000000 227.003326416016 259.123565673828 -9.873703956604 0.038560314188 -0.048012989445 0.950191854361 -0.305521349368
3326.000000000000 226.770034790039 258.954467773438 -9.853359222412 0.038398325586 -0.048072545476 0.950207650325 -0.305483256868
3326.000000000000 226.535781860352 258.786926269531 -9.850170135498 0.038284051292 -0.047974640101 0.950217558498 -0.305482171078
3326.000000000000 226.286148071289 258.602478027344 -9.818622589111 0.038190709092 -0.047925763547 0.950147862434 -0.305718220652
3326.000000000000 226.063049316406 258.442138671875 -9.809238433838 0.038229966688 -0.047829277140 0.950162611033 -0.305682584539
3327.000000000000 225.592437744141 258.101593017578 -9.769940376282 0.038019937482 -0.047843653537 0.950214666410 -0.305544688889
3327.000000000000 225.374679565430 257.945312500000 -9.761444091797 0.037951828763 -0.047869238703 0.950230723777 -0.305499208297
3327.000000000000 225.130035400391 257.767211914062 -9.728220939636 0.037938737360 -0.048124591317 0.950268026558 -0.305344647275
3327.000000000000 224.886489868164 257.593963623047 -9.718655586243 0.038129506217 -0.048016718654 0.950333351779 -0.305134488352
3327.000000000000 224.435241699219 257.255706787109 -9.655886650085 0.037693895587 -0.048553268889 0.949986974179 -0.306180501023
3327.000000000000 224.199661254883 257.075958251953 -9.600751876831 0.037287328006 -0.048650456039 0.949867833162 -0.306584226308
3327.000000000000 223.978790283203 256.913360595703 -9.582936286926 0.037200951130 -0.048758403936 0.949791077609 -0.306815280218
3327.000000000000 223.714477539062 256.719818115234 -9.578227043152 0.037426223493 -0.048755345739 0.949659199848 -0.307196351217
3327.000000000000 223.492309570312 256.554687500000 -9.556336402893 0.037045517705 -0.048704477060 0.949577767785 -0.307502140579
3327.000000000000 223.291778564453 256.408325195312 -9.543748855591 0.036916955380 -0.048546980177 0.949580142771 -0.307535171284
3327.000000000000 223.054916381836 256.236663818359 -9.532318115234 0.036866929453 -0.048508554908 0.949606413624 -0.307466110030
3327.000000000000 222.812820434570 256.049316406250 -9.474469184875 0.036101615547 -0.048594224636 0.949445620143 -0.308039427798
3327.000000000000 222.403533935547 255.708724975586 -9.459836959839 0.035812166064 -0.048992805690 0.947410006944 -0.314215646484
3327.000000000000 221.866210937500 255.209518432617 -9.304648399353 0.034640367527 -0.049615528846 0.944742744958 -0.322179282519
3327.000000000000 221.646697998047 255.012603759766 -9.272866249084 0.034242754429 -0.049949982094 0.943732634684 -0.325117128572
3328.000000000000 221.236709594727 254.651306152344 -9.226398468018 0.033615631449 -0.050385070580 0.942095260862 -0.329830037210
3328.000000000000 221.024307250977 254.466598510742 -9.232845306396 0.033609413244 -0.050647346162 0.941314387904 -0.332012766008
3328.000000000000 220.826446533203 254.296035766602 -9.197216987610 0.032926443056 -0.050594693855 0.941037997653 -0.332871616805
3328.000000000000 220.070541381836 253.642700195312 -9.226922035217 0.033275347255 -0.051087221229 0.939097558793 -0.338199086577
3328.000000000000 219.876724243164 253.473419189453 -9.208235740662 0.032997472594 -0.051179334642 0.938777676366 -0.339099272876
3328.000000000000 219.345001220703 252.960159301758 -8.964481353760 0.030304326640 -0.054199682642 0.936926614542 -0.343965930219
3328.000000000000 218.752120971680 252.402633666992 -8.953459739685 0.029455409102 -0.053839295176 0.934358172350 -0.351010704870
3328.000000000000 218.574966430664 252.200637817383 -8.897344589233 0.028638414345 -0.054193879470 0.932490570168 -0.355955335961
3328.000000000000 218.213302612305 251.807571411133 -8.890266418457 0.027938542258 -0.054662530609 0.929022269699 -0.364895968746
3328.000000000000 217.638458251953 251.181030273438 -8.839485168457 0.027034069640 -0.056032667872 0.924957342924 -0.374944546542
3328.000000000000 217.446548461914 250.954864501953 -8.781163215637 0.026302610759 -0.056395624815 0.923610454722 -0.378247847446
3329.000000000000 217.252517700195 250.741470336914 -8.778319358826 0.026025243042 -0.056450776939 0.922587874823 -0.380746122420
3329.000000000000 216.691314697266 250.013885498047 -8.805691719055 0.024336964996 -0.055988546020 0.914816702343 -0.399228500941
3329.000000000000 216.521408081055 249.770538330078 -8.809910774231 0.024022057479 -0.056154088661 0.912017488187 -0.405578303564
3329.000000000000 216.063476562500 249.114044189453 -8.747058868408 0.023180804917 -0.058285187578 0.904850261093 -0.421083711620
3329.000000000000 215.722259521484 248.613891601562 -8.690093040466 0.021941559755 -0.058565958406 0.901134700650 -0.429004484540
3329.000000000000 215.460952758789 248.156738281250 -8.606484413147 0.019517957749 -0.059066902385 0.895028139482 -0.441650064988
3329.000000000000 215.321609497070 247.890548706055 -8.626867294312 0.019013160679 -0.058904076861 0.891087195428 -0.449591391816
3329.000000000000 215.214797973633 247.670883178711 -8.595744132996 0.017867460209 -0.059403211772 0.887331326597 -0.456941056523
3329.000000000000 215.088577270508 247.428497314453 -8.587966918945 0.017456538411 -0.059856660745 0.884236193630 -0.462859377463
3329.000000000000 214.961395263672 247.182357788086 -8.612203598022 0.017182666315 -0.060034806155 0.881028388947 -0.468923827393
3329.000000000000 214.832687377930 246.925399780273 -8.591328620911 0.016432543302 -0.060585059345 0.878261633934 -0.474042112544
3329.000000000000 214.699081420898 246.665176391602 -8.599267959595 0.016068040714 -0.060849065042 0.875698343349 -0.478739616917
3329.000000000000 214.566070556641 246.405548095703 -8.614109039307 0.015546026616 -0.060819942883 0.873301133844 -0.483119431643
3329.000000000000 214.452041625977 246.177398681641 -8.615262985229 0.015093685321 -0.061032985088 0.871004499980 -0.487235380910
3330.000000000000 214.333023071289 245.928024291992 -8.626507759094 0.014851830467 -0.061211948152 0.868364333083 -0.491910464988
3330.000000000000 214.232803344727 245.658386230469 -8.648283958435 -0.013869096092 0.060809431919 -0.863708331956 0.500117764605
3330.000000000000 214.134887695312 245.369293212891 -8.668679237366 -0.013475398546 0.061183699150 -0.858680847052 0.508667053679
3330.000000000000 214.047058105469 245.091613769531 -8.650585174561 -0.012486106453 0.061476141189 -0.853956959509 0.516548441596
3330.000000000000 213.956253051758 244.824615478516 -8.658525466919 -0.012005586976 0.061799567706 -0.849923902129 0.523130996886
3330.000000000000 213.873825073242 244.578247070312 -8.667712211609 -0.011933112727 0.061739340503 -0.846099540919 0.529302769227
3330.000000000000 213.780654907227 244.303955078125 -8.690833091736 -0.012384633951 0.061276837690 -0.842607028678 0.534887993161
3330.000000000000 213.594894409180 243.750625610352 -8.695492744446 -0.014405279308 0.059813455896 -0.836441777757 0.544591581687
3330.000000000000 213.515090942383 243.477005004883 -8.712757110596 -0.015418947222 0.058640822653 -0.832700431617 0.550393950884
3330.000000000000 212.962921142578 241.284805297852 -8.872766494751 -0.011531583696 0.058496702164 -0.795718776193 0.602724470739
3330.000000000000 212.915420532227 241.014480590820 -8.890367507935 -0.010216855368 0.059430310757 -0.792594095648 0.606760458149
3330.000000000000 212.874481201172 240.722229003906 -8.903715133667 -0.008661453762 0.061082941110 -0.788743558692 0.611618714679
3331.000000000000 212.867202758789 240.449874877930 -8.896175384521 -0.005860282370 0.061451790019 -0.782094523590 0.620094743377
3331.000000000000 212.860305786133 240.160903930664 -8.901967048645 -0.003689790772 0.061220633671 -0.775803801369 0.627986370265
3331.000000000000 212.854202270508 239.878631591797 -8.924596786499 -0.002289762081 0.060876277873 -0.769814960318 0.635353258158
3331.000000000000 212.853744506836 239.613250732422 -8.944306373596 -0.001427078338 0.060726168646 -0.763718206520 0.642685612814
3331.000000000000 212.852401733398 239.329757690430 -8.962862014771 -0.000983310730 0.060958010924 -0.758260970841 0.649094333748
3331.000000000000 212.850448608398 239.045578002930 -8.982541084290 -0.000410887590 0.061214205676 -0.753369019158 0.654742524331
3331.000000000000 212.848022460938 238.745101928711 -9.009070396423 -0.000195191306 0.061547643302 -0.748900643704 0.659817910763
3331.000000000000 212.848007202148 238.473937988281 -9.033778190613 0.000178280504 0.061525140411 -0.744599236772 0.664670295645
3331.000000000000 212.858840942383 238.181228637695 -9.056607246399 0.000839112528 0.061671302943 -0.739504333474 0.670320286920
3331.000000000000 212.892303466797 237.888351440430 -9.075629234314 0.002073278037 0.061370524098 -0.732367917639 0.678134642607
3331.000000000000 212.968200683594 237.341033935547 -9.131119728088 0.003591181550 0.061199666795 -0.717431862131 0.693925952388
3331.000000000000 213.005661010742 237.063919067383 -9.161198616028 0.003839543690 0.061426749645 -0.711436020899 0.700050569959
3331.000000000000 213.047882080078 236.775741577148 -9.188475608826 0.004247470528 0.061527915620 -0.705648733825 0.705872608226
3331.000000000000 213.087371826172 236.501632690430 -9.219614982605 0.004568065593 0.061684181563 -0.700434216355 0.711031717352
3331.000000000000 213.130935668945 236.224594116211 -9.246994018555 0.005016272352 0.061862799797 -0.695290290713 0.716044162502
3331.000000000000 213.259704589844 235.361297607422 -9.341807365417 0.006105978094 0.061668084876 -0.682027943184 0.728695854973
3332.000000000000 213.411163330078 234.836837768555 -9.397340774536 0.007687092347 0.061530025710 -0.666037988345 0.743335968878
3332.000000000000 213.496826171875 234.573059082031 -9.425834655762 0.008445943863 0.061496436563 -0.658326278507 0.750168891217
3332.000000000000 213.580688476562 234.305480957031 -9.457709312439 0.008768854053 0.061554871648 -0.651673940449 0.755946545937
3332.000000000000 213.665405273438 234.031723022461 -9.488994598389 0.009045991477 0.061857144138 -0.645776772944 0.760962695067
3332.000000000000 213.752838134766 233.759857177734 -9.522192001343 0.009397210958 0.061850561826 -0.640017494243 0.765809250069
3332.000000000000 213.842041015625 233.485961914062 -9.556871414185 0.009923549075 0.061651064888 -0.634671629240 0.770254887949
3332.000000000000 214.135848999023 232.685546875000 -9.646246910095 0.011507391735 0.061518749594 -0.615829369739 0.785389846351
3332.000000000000 214.413192749023 232.186935424805 -9.722470283508 0.013124335505 0.060960144387 -0.594519637208 0.801659537203
3332.000000000000 214.535537719727 231.931152343750 -9.761174201965 0.013216538488 0.060935827635 -0.588304402713 0.806232024773
3332.000000000000 214.644912719727 231.673461914062 -9.795426368713 0.013756986149 0.060639495575 -0.584535878172 0.808981708099
3332.000000000000 214.770263671875 231.432113647461 -9.825532913208 0.014926475150 0.059661444460 -0.578066692942 0.813668612456
3332.000000000000 214.918853759766 231.187164306641 -9.859626770020 0.016227383084 0.058889544797 -0.569504649464 0.819715284590
3332.000000000000 215.067535400391 230.943984985352 -9.899150848389 0.016181881015 0.058509700873 -0.561524346261 0.825230374009
3332.000000000000 215.216247558594 230.694885253906 -9.944209098816 0.015876839628 0.058462701881 -0.554692208181 0.829847330920
3332.000000000000 215.365554809570 230.452545166016 -9.963616371155 0.016254748298 0.058844839458 -0.548008386690 0.834242096843
3332.000000000000 215.514831542969 230.203475952148 -10.003032684326 0.016277864939 0.058849569739 -0.542420109763 0.837885543365
3332.000000000000 215.667129516602 229.954254150391 -10.035052299500 0.016940567417 0.058726801798 -0.537066824819 0.841322414777
3333.000000000000 215.800674438477 229.740875244141 -10.055543899536 0.017507134468 0.058729857840 -0.531796875792 0.844651636439
3333.000000000000 215.948806762695 229.497283935547 -10.079280853271 0.017921424776 0.059008580216 -0.527559761041 0.847276524238
3333.000000000000 216.090774536133 229.258834838867 -10.126177787781 0.018144163633 0.058838783762 -0.524067512133 0.849448073503
3333.000000000000 216.231246948242 229.026733398438 -10.154220581055 0.019157029269 0.058877447899 -0.520694555891 0.851494940574
3333.000000000000 216.377166748047 228.800598144531 -10.158286094666 0.019872160920 0.059582632844 -0.516447138636 0.854012505809
3333.000000000000 216.464508056641 228.669021606445 -10.082252502441 0.020403734653 0.062050586533 -0.512296794936 0.856320854716
3333.000000000000 216.606582641602 228.438247680664 -10.114395141602 0.020442350406 0.062254816716 -0.509687960419 0.857860496298
3333.000000000000 216.761032104492 228.204208374023 -10.154490470886 0.020450112005 0.062641032393 -0.505956887927 0.860038093075
3333.000000000000 216.925933837891 227.967697143555 -10.198643684387 0.020711087860 0.062486227434 -0.501524215758 0.862635486883
3333.000000000000 217.047241210938 227.802185058594 -10.176082611084 0.021020563929 0.063488072706 -0.496595033881 0.865402087380
3333.000000000000 217.132614135742 227.684173583984 -10.148756027222 0.021473161129 0.064332488674 -0.492491515064 0.867670641339
3333.000000000000 217.255554199219 227.518493652344 -10.098666191101 0.021693213779 0.065932608850 -0.488229642939 0.869950637290
3333.000000000000 217.566925048828 227.061782836914 -10.150649070740 0.022669455784 0.066199434337 -0.483806525339 0.872373186605
3333.000000000000 217.737960815430 226.814865112305 -10.192778587341 0.022550642625 0.066302368453 -0.481647904690 0.873562110191
3333.000000000000 217.951095581055 226.488967895508 -10.056149482727 0.025337484231 0.069171040105 -0.481084516608 0.873573732998
3333.000000000000 218.073318481445 226.316955566406 -10.047356605530 0.025858410419 0.069833744756 -0.478785664786 0.874767899445
3333.000000000000 218.225418090820 226.092315673828 -10.086104393005 0.026196363752 0.069793323185 -0.477609083191 0.875404024562
3333.000000000000 218.390380859375 225.853866577148 -10.127627372742 0.026647920746 0.069621861935 -0.476125828963 0.876211663729
3334.000000000000 218.546051025391 225.628738403320 -10.163293838501 0.026664623548 0.069684025662 -0.474777414204 0.876937592637
3334.000000000000 218.702224731445 225.405761718750 -10.199767112732 0.026617021753 0.069941042735 -0.473283909384 0.877725541278
3334.000000000000 218.868957519531 225.159362792969 -10.257829666138 0.026596449652 0.069500242032 -0.472635685940 0.878110388049
3334.000000000000 219.024337768555 224.949600219727 -10.282752037048 0.027302034305 0.070025862031 -0.470230904055 0.879337179040
3334.000000000000 219.182937622070 224.723999023438 -10.316594123840 0.027198833081 0.070207718595 -0.469119878427 0.879919109574
3334.000000000000 219.333297729492 224.507766723633 -10.357224464417 0.027330796646 0.070117336540 -0.468350767741 0.880331838017
3334.000000000000 219.499557495117 224.263275146484 -10.402581214905 0.027222550003 0.070102809051 -0.468099530105 0.880469964763
3334.000000000000 219.656524658203 224.036361694336 -10.439609527588 0.027542767974 0.070309811673 -0.467545526343 0.880737819735
3334.000000000000 219.823043823242 223.800186157227 -10.477352142334 0.027792913399 0.070206322093 -0.466670422079 0.881202214852
3334.000000000000 219.970703125000 223.590805053711 -10.499954223633 0.027903178061 0.070648102704 -0.465867425916 0.881588225709
3334.000000000000 220.126846313477 223.365112304688 -10.539551734924 0.027983787554 0.070614857906 -0.465528733169 0.881767230096
3334.000000000000 220.286712646484 223.133728027344 -10.578655242920 0.028427914227 0.070669703776 -0.465268873193 0.881885776220
3334.000000000000 220.484451293945 222.853378295898 -10.632845878601 0.028591776101 0.070513156310 -0.464597489162 0.882246891857
3334.000000000000 220.965255737305 222.158630371094 -10.747126579285 0.028715447874 0.070749023898 -0.463945641268 0.882566960983
3334.000000000000 221.123443603516 221.932266235352 -10.777941703796 0.028806166995 0.070883332807 -0.463604787080 0.882732325946
3334.000000000000 221.290512084961 221.709838867188 -10.820270538330 0.029459640159 0.070601673889 -0.461820527831 0.883668112653
3334.000000000000 221.466888427734 221.480499267578 -10.857235908508 0.029651210589 0.070472485691 -0.459691615584 0.884781358886
3334.000000000000 221.632019042969 221.254882812500 -10.907088279724 0.029563858700 0.070539019523 -0.458780499266 0.885251759940
3335.000000000000 221.795898437500 221.025451660156 -10.968169212341 0.029497699964 0.070225185005 -0.458469573878 0.885439980414
3335.000000000000 221.960708618164 220.798233032227 -11.014169692993 0.029625987473 0.070025431221 -0.457899834105 0.885746285217
3335.000000000000 222.297500610352 220.331298828125 -11.097282409668 0.029544253777 0.069946278038 -0.457095657595 0.886170533850
3335.000000000000 222.458633422852 220.108428955078 -11.140110015869 0.029917361956 0.069821198265 -0.456743158121 0.886349614563
3335.000000000000 222.626098632812 219.880523681641 -11.190974235535 0.029629371205 0.069898621593 -0.456036768271 0.886716837015
3335.000000000000 222.786712646484 219.658218383789 -11.228985786438 0.029674557980 0.069807722260 -0.455796429276 0.886846050665
3335.000000000000 222.944564819336 219.441772460938 -11.278987884521 0.029821681980 0.069543577772 -0.455379309036 0.887076120171
3335.000000000000 223.107772827148 219.216201782227 -11.306118011475 0.029956637752 0.070011800466 -0.455167422478 0.887143486233
3335.000000000000 223.270294189453 218.989608764648 -11.347872734070 0.030076245188 0.069931494650 -0.455165645792 0.887146684840
3335.000000000000 223.550720214844 218.606887817383 -11.395786285400 0.029978919370 0.070282793757 -0.454259289928 0.887586666647
3335.000000000000 223.717132568359 218.378204345703 -11.434447288513 0.030048991833 0.070280766969 -0.454042450411 0.887695401086
3335.000000000000 224.035491943359 217.920211791992 -11.518677711487 0.029457639130 0.070684578003 -0.455487931377 0.886942321856
3335.000000000000 224.351501464844 217.435577392578 -11.604560852051 0.029669842607 0.070525281840 -0.459318625070 0.884970217422
3335.000000000000 224.502944946289 217.208999633789 -11.645621299744 0.029593391961 0.070421397576 -0.460341697187 0.884449308749
3335.000000000000 224.823379516602 216.731857299805 -11.746997833252 0.029325981173 0.070366078916 -0.461939782978 0.883629016425
3336.000000000000 225.095993041992 216.322692871094 -11.850381851196 0.029071989275 0.070242611976 -0.463492104226 0.882833995847
3336.000000000000 225.239974975586 216.105545043945 -11.899953842163 0.028958677232 0.070187942237 -0.464223120401 0.882457898295
3336.000000000000 225.396697998047 215.872299194336 -11.941391944885 0.028913132860 0.070072706430 -0.464649060162 0.882244352462
3336.000000000000 225.547012329102 215.633666992188 -11.985082626343 0.028260812629 0.070563419570 -0.466255433631 0.881378466323
3336.000000000000 225.683044433594 215.388961791992 -12.025096893311 0.027910233009 0.070884714405 -0.470128398394 0.879304080043
3336.000000000000 225.962432861328 214.879486083984 -12.111258506775 0.027433460736 0.071091857259 -0.477591441069 0.875271254230
3336.000000000000 226.104751586914 214.626861572266 -12.158849716187 0.027346756454 0.070973070855 -0.480069006576 0.873927186355
3336.000000000000 226.239196777344 214.383712768555 -12.195602416992 0.027072164389 0.071162131142 -0.482652313202 0.872496300031
3336.000000000000 226.374099731445 214.138946533203 -12.237128257751 0.026979304587 0.071071580712 -0.485034341920 0.871184615737
3336.000000000000 226.498199462891 213.911544799805 -12.274162292480 0.026716907692 0.071381807667 -0.487329995146 0.869885233929
3336.000000000000 226.635726928711 213.662094116211 -12.318953514099 0.026710469563 0.071296898855 -0.489223096251 0.868829134597
3336.000000000000 226.777725219727 213.403152465820 -12.362976074219 0.026550055135 0.071172345806 -0.491027141100 0.867825983978
3336.000000000000 226.911834716797 213.154693603516 -12.400820732117 0.026535248309 0.071382265353 -0.492943913527 0.866721841716
3336.000000000000 227.044998168945 212.909973144531 -12.437771797180 0.026491079899 0.071493382552 -0.494523816936 0.865813555808
3336.000000000000 227.178756713867 212.664230346680 -12.468117713928 0.026385437511 0.071781979626 -0.495956819305 0.864972825858
3336.000000000000 227.306030273438 212.429458618164 -12.517550468445 0.026085382023 0.071654068141 -0.497233294804 0.864259392718
3336.000000000000 227.440261840820 212.182708740234 -12.560673713684 0.026216398783 0.071442867983 -0.498383421507 0.863610202705
3336.000000000000 227.577667236328 211.930206298828 -12.606832504272 0.025960234457 0.071558475573 -0.499367651914 0.863039627724
3337.000000000000 227.710205078125 211.684112548828 -12.645197868347 0.025888145653 0.071966133285 -0.500457411968 0.862376401800
3337.000000000000 227.805892944336 211.487731933594 -12.664905548096 0.025627836248 0.072434242348 -0.503241370863 0.860723310476
3337.000000000000 227.912948608398 211.228622436523 -12.705712318420 0.025019823581 0.072838585296 -0.508265934786 0.857749548794
3337.000000000000 228.015808105469 210.961853027344 -12.738440513611 0.024549117291 0.073201957455 -0.513854920280 0.854395654933
3337.000000000000 228.230255126953 210.442382812500 -12.808890342712 0.023983957268 0.073749252363 -0.521842894378 0.849509158960
3337.000000000000 228.338592529297 210.173980712891 -12.854712486267 0.023726752223 0.073616336142 -0.525310707459 0.847387949472
3337.000000000000 228.443725585938 209.914337158203 -12.899790763855 0.023695498216 0.073306411997 -0.528393988269 0.845496591647
3337.000000000000 228.765335083008 209.124740600586 -13.031013488770 0.022732670667 0.074086336010 -0.536329681862 0.840443283544
3337.000000000000 228.971740722656 208.612792968750 -13.102396965027 0.022361849522 0.074235529602 -0.540427915385 0.837810660056
3337.000000000000 229.082504272461 208.343215942383 -13.132315635681 0.022118487348 0.074749169075 -0.541809909962 0.836878339848
3337.000000000000 229.290267944336 207.833480834961 -13.204412460327 0.021872709151 0.074874268452 -0.544471125464 0.835144671332
3338.000000000000 230.016235351562 205.703689575195 -13.522356987000 0.019483793683 0.075754870073 -0.571843722617 0.816624967992
3338.000000000000 230.087036132812 205.434722900391 -13.560323715210 0.018971973983 0.076189259706 -0.575366621366 0.814118241981
3338.000000000000 230.157608032227 205.169815063477 -13.598163604736 0.018747166354 0.076167247498 -0.578442581925 0.811942900442
3338.000000000000 230.227111816406 204.908523559570 -13.641522407532 0.018539115883 0.076253801264 -0.581151383782 0.810002918577
3338.000000000000 230.363052368164 204.403854370117 -13.710737228394 0.018122762173 0.076451300620 -0.585905581027 0.806561475801
3338.000000000000 230.440826416016 204.113876342773 -13.752718925476 0.018076867456 0.076543456304 -0.587829796030 0.805152443367
3338.000000000000 230.517639160156 203.834976196289 -13.784365653992 0.018060061918 0.076586175266 -0.589374629665 0.804018617837
3338.000000000000 230.592300415039 203.573471069336 -13.803027153015 0.018080663503 0.076941080035 -0.590477716088 0.803174468353
3338.000000000000 230.735626220703 203.051055908203 -13.833147048950 0.017882532756 0.077714556234 -0.593344248070 0.800988930044
3338.000000000000 230.806182861328 202.780792236328 -13.867897033691 0.017687918251 0.077880835158 -0.594800840560 0.799896038953
3338.000000000000 230.869842529297 202.505798339844 -13.908475875854 0.017283247723 0.078045385166 -0.597151242804 0.798135703010
3338.000000000000 230.909347534180 202.244522094727 -13.938879013062 0.016688539997 0.078654268304 -0.602374575687 0.794153555225
3338.000000000000 230.945449829102 201.960876464844 -13.975847244263 0.015938176738 0.079070961265 -0.607924089543 0.789887371060
3338.000000000000 230.979598999023 201.709182739258 -14.006120681763 0.015564442646 0.079122643012 -0.612641769460 0.786236235365
3338.000000000000 231.019134521484 201.421707153320 -14.042287826538 0.015270120297 0.079324626920 -0.616772122316 0.782985680663
3339.000000000000 231.058456420898 201.152877807617 -14.074131011963 0.014954941777 0.079706109792 -0.620152428429 0.780278316559
3339.000000000000 231.136642456055 200.642974853516 -14.105938911438 0.014387808659 0.080589677882 -0.626031972985 0.775488403254
3339.000000000000 231.257766723633 199.794296264648 -14.244117736816 0.013746693166 0.080186741759 -0.633332591197 0.769591413544
3339.000000000000 231.296524047852 199.522583007812 -14.262156486511 0.013644197931 0.080698745005 -0.635316422487 0.767902722834
3339.000000000000 231.336959838867 199.243179321289 -14.297247886658 0.013494052360 0.081020340445 -0.636828945116 0.766617577184
3339.000000000000 231.377273559570 198.959350585938 -14.346747398376 0.013270588702 0.081077843105 -0.638137017960 0.765526891195
3339.000000000000 231.456756591797 198.324737548828 -14.456789016724 0.012655141071 0.080845773922 -0.641742850438 0.762541751090
3339.000000000000 231.487258911133 198.036834716797 -14.502069473267 0.012402911416 0.080853849107 -0.643945668912 0.760685742184
3339.000000000000 231.496063232422 197.758880615234 -14.540390014648 0.012076751425 0.080502659246 -0.648785122623 0.756605140475
3339.000000000000 231.500350952148 197.485183715820 -14.568873405457 0.011654995190 0.080991630107 -0.653789514177 0.752239182768
3339.000000000000 231.506301879883 197.193496704102 -14.598602294922 0.011359687761 0.081065798178 -0.658128889548 0.748442154480
3339.000000000000 231.512573242188 196.907165527344 -14.626188278198 0.011181970866 0.081187220045 -0.661981331615 0.745026385722
3339.000000000000 231.515930175781 196.619522094727 -14.662412643433 0.010677432588 0.081422996849 -0.665670422098 0.741713675998
3339.000000000000 231.517608642578 196.361221313477 -14.687132835388 0.010311751005 0.081631108978 -0.669289384373 0.738431953401
3339.000000000000 231.524108886719 196.078506469727 -14.722172737122 0.010121364237 0.081555632020 -0.671845002678 0.736118556517
3339.000000000000 231.529251098633 195.785125732422 -14.756274223328 0.009874629331 0.081863481361 -0.674337695183 0.733804834387
3340.000000000000 231.535263061523 195.491729736328 -14.797966957092 0.009733024186 0.081805878054 -0.676393751433 0.731918410466
3340.000000000000 231.543884277344 195.219116210938 -14.815462112427 0.009658392273 0.082319111329 -0.678095094578 0.730285781101
3340.000000000000 231.554138183594 194.680480957031 -14.867454528809 0.009129350479 0.082540754428 -0.681844858791 0.726767684586
3340.000000000000 231.561935424805 194.385589599609 -14.899999618530 0.009539063532 0.082566862213 -0.683058262599 0.725619135240
3340.000000000000 231.567474365234 194.126480102539 -14.932155609131 0.009465838847 0.082597685137 -0.684253269226 0.724489809354
3340.000000000000 231.576858520508 193.834686279297 -14.933435440063 0.009862681952 0.082879351843 -0.685396987621 0.723370382240
3340.000000000000 231.582382202148 193.553085327148 -14.964292526245 0.009964479658 0.083065211962 -0.686472830237 0.722326749507
3340.000000000000 231.576522827148 193.284820556641 -14.989875793457 0.009659145395 0.083618367318 -0.688936189319 0.719917770724
3340.000000000000 231.554397583008 192.954437255859 -14.992624282837 0.009464794623 0.083951990397 -0.693133263396 0.715841295362
3340.000000000000 231.524200439453 192.678680419922 -15.012295722961 0.008836200345 0.084215296169 -0.698108588401 0.710967020512
3340.000000000000 231.494430541992 192.411087036133 -15.039585113525 0.008487095471 0.084583058629 -0.702490139818 0.706598385833
3340.000000000000 231.465240478516 192.130035400391 -15.074904441833 0.008170036654 0.084707691475 -0.706068400899 0.703011572279
3340.000000000000 231.438644409180 191.852645874023 -15.093655586243 0.008041148440 0.084871723976 -0.709245035431 0.699788260917
3340.000000000000 231.410003662109 191.587493896484 -15.117713928223 0.008000292923 0.085148396324 -0.712409219072 0.696533452534
3340.000000000000 231.360687255859 191.040893554688 -15.164333343506 0.007939613635 0.085391985449 -0.716913995851 0.691866673506
3340.000000000000 231.334304809570 190.769775390625 -15.190940856934 0.007915794298 0.085700736236 -0.718882495065 0.689783069014
3340.000000000000 231.293441772461 190.233337402344 -15.148199081421 0.007765287526 0.087641047851 -0.722322777497 0.685936259539
3341.000000000000 231.253295898438 189.699523925781 -15.115402221680 0.007728044895 0.089377755530 -0.724865914949 0.683023644894
3341.000000000000 231.227890014648 189.440872192383 -15.139685630798 0.007870074802 0.089736361255 -0.726050360813 0.681715718576
3341.000000000000 231.199920654297 189.174896240234 -15.172409057617 0.007750920139 0.089937577342 -0.727219938310 0.680442735830
3341.000000000000 231.167968750000 188.879531860352 -15.210207939148 0.007519094130 0.090168301510 -0.728340565698 0.679215106564
3341.000000000000 231.129318237305 188.597137451172 -15.247281074524 0.007293802890 0.090448058548 -0.730278985926 0.677095674081
3341.000000000000 231.071411132812 188.321456909180 -15.279784202576 0.006444694000 0.090969587627 -0.734400930611 0.672560981000
3341.000000000000 230.934875488281 187.739669799805 -15.349575042725 0.005357459931 0.091217543047 -0.743354168491 0.662627525576
3341.000000000000 230.870559692383 187.453536987305 -15.366574287415 0.004933102259 0.091616320944 -0.746843619066 0.658640055645
3341.000000000000 230.804992675781 187.175750732422 -15.403899192810 0.004442457968 0.091880986700 -0.749975205713 0.655038426099
3341.000000000000 230.685195922852 186.639190673828 -15.441665649414 0.004177778723 0.092333278169 -0.755399782277 0.648712787636
3341.000000000000 230.623275756836 186.370544433594 -15.469467163086 0.004092931196 0.092415489038 -0.757635681289 0.646088848176
3341.000000000000 230.499557495117 185.818786621094 -15.500582695007 0.003638793716 0.093027763955 -0.761626262546 0.641294028129
3341.000000000000 230.431762695312 185.538848876953 -15.539459228516 0.003629018810 0.092814655239 -0.763432358297 0.639173923358
3341.000000000000 230.365707397461 185.263244628906 -15.566966056824 0.003350794764 0.093204729078 -0.765093444653 0.637129242463
3341.000000000000 230.301986694336 184.989578247070 -15.597137451172 0.003557979294 0.093272863342 -0.766379359524 0.635570760060
3341.000000000000 230.243179321289 184.735763549805 -15.617263793945 0.003577814165 0.093655156594 -0.767602809196 0.634036148972
3342.000000000000 230.117980957031 184.189544677734 -15.671032905579 0.003474250027 0.094272019964 -0.769478854000 0.631666849759
3342.000000000000 230.047714233398 183.918472290039 -15.694970130920 0.003230304910 0.094792952014 -0.771130776207 0.629572225693
3342.000000000000 229.957000732422 183.660186767578 -15.723617553711 0.002303171187 0.095261844635 -0.775094840726 0.624618174759
3342.000000000000 229.857513427734 183.398193359375 -15.745203971863 0.001784187860 0.095780011475 -0.779555723540 0.618963553023
3342.000000000000 229.758407592773 183.136840820312 -15.773549079895 0.001309105008 0.095665567558 -0.783445498809 0.614051737090
3342.000000000000 229.660369873047 182.873229980469 -15.792239189148 0.001252716239 0.095637790621 -0.786914011910 0.609604938929
3342.000000000000 229.567291259766 182.622009277344 -15.817575454712 0.000919344952 0.095697008649 -0.789816178237 0.605831364272
3342.000000000000 229.460693359375 182.340270996094 -15.847012519836 0.000720348378 0.095651277429 -0.792616320116 0.602170809082
3342.000000000000 229.363311767578 182.073333740234 -15.853808403015 0.000555375906 0.096300753789 -0.795070856967 0.598822334903
3342.000000000000 229.268417358398 181.814834594727 -15.869020462036 0.000512994242 0.096412899422 -0.797222306953 0.595936979016
3342.000000000000 229.074386596680 181.293472290039 -15.925708770752 0.000147929317 0.096668347808 -0.800864106307 0.590992294263
3342.000000000000 228.975463867188 181.031555175781 -15.954134941101 -0.000058028324 0.096706352550 -0.802456556058 0.588822005065
3342.000000000000 228.874938964844 180.767333984375 -15.986557006836 -0.000160389757 0.096848414870 -0.803889762920 0.586840359795
3342.000000000000 228.780685424805 180.509597778320 -16.000732421875 0.000113618322 0.097004529672 -0.805116568676 0.585130258283
3342.000000000000 228.688049316406 180.262207031250 -16.012924194336 0.000055924905 0.097333420873 -0.806434478499 0.583257776580
3342.000000000000 228.587020874023 179.999588012695 -16.046819686890 -0.000074733088 0.097253331451 -0.807550204735 0.581725408392
3342.000000000000 228.485000610352 179.734649658203 -16.082477569580 -0.000370438581 0.097208142934 -0.808525337204 0.580376790388
3342.000000000000 228.382644653320 179.486129760742 -16.106443405151 -0.000557487968 0.097602548203 -0.810204588167 0.577963629569
3343.000000000000 228.125534057617 178.978073120117 -16.122381210327 -0.001567660937 0.098341710569 -0.818171601906 0.566499497118
3343.000000000000 227.985214233398 178.714599609375 -16.123983383179 -0.001645357184 0.098506790921 -0.822040609829 0.560841279449
3343.000000000000 227.850860595703 178.463058471680 -16.145109176636 -0.002070199948 0.098582295153 -0.825169204141 0.556213115533
3343.000000000000 227.596847534180 177.944747924805 -16.088747024536 -0.000212759889 0.098372693649 -0.830668391423 0.548008021262
3343.000000000000 227.319992065430 177.430908203125 -16.146188735962 -0.000871762174 0.098358335063 -0.835080355356 0.541263039615
3343.000000000000 227.180541992188 177.173248291016 -16.177255630493 -0.001147716772 0.098455427198 -0.836834821015 0.538528266611
3343.000000000000 227.053283691406 176.930450439453 -16.169797897339 -0.000896325061 0.098609451877 -0.838695062930 0.535598696804
3343.000000000000 226.917327880859 176.681198120117 -16.199527740479 -0.000926968409 0.098704768436 -0.840177172123 0.533253062683
3343.000000000000 226.781250000000 176.429443359375 -16.211359024048 -0.000911094009 0.098923500227 -0.841687263079 0.530825641978
3343.000000000000 226.655181884766 176.198074340820 -16.233896255493 -0.000929784219 0.098884464181 -0.842944978920 0.528833396031
3343.000000000000 226.527893066406 175.954177856445 -16.201574325562 -0.000326442956 0.099627572462 -0.844506610307 0.526196565352
3343.000000000000 226.256072998047 175.455047607422 -16.239446640015 -0.000568952244 0.100018693705 -0.846541601555 0.522841519048
3343.000000000000 226.108566284180 175.207534790039 -16.260923385620 -0.000935926228 0.100593074968 -0.848267232872 0.519925820618
3343.000000000000 225.775756835938 174.749771118164 -16.294811248779 -0.002674497646 0.101552098801 -0.856051292924 0.506809828411
3344.000000000000 225.283340454102 174.059661865234 -16.379312515259 0.004001156660 -0.100935210985 0.864118039967 -0.493047753196
3344.000000000000 225.122665405273 173.839767456055 -16.393070220947 0.004264405708 -0.100894162347 0.866460780850 -0.488925247965
3344.000000000000 224.957550048828 173.619384765625 -16.413394927979 0.004490708677 -0.100769647146 0.868741525324 -0.484885011036
3344.000000000000 224.799240112305 173.404663085938 -16.436639785767 0.005012150848 -0.101022296943 0.870486795326 -0.481686737441
3344.000000000000 224.631896972656 173.177825927734 -16.453479766846 0.005323205888 -0.101056352002 0.872201972770 -0.478563471125
3344.000000000000 224.465759277344 172.948333740234 -16.456014633179 0.004913521303 -0.100891116845 0.873805130263 -0.475669458949
3344.000000000000 224.297805786133 172.714035034180 -16.470724105835 0.005074335561 -0.101011041100 0.874891163178 -0.473641714049
3344.000000000000 224.133972167969 172.491760253906 -16.492691040039 0.005339303598 -0.100938520416 0.876056855019 -0.471494744094
3344.000000000000 223.968734741211 172.263793945312 -16.507019042969 0.005288569776 -0.100938342133 0.877051355074 -0.469642845874
3344.000000000000 223.807983398438 172.051620483398 -16.533323287964 0.005553362789 -0.100947906866 0.878206728118 -0.467473660167
3344.000000000000 223.634933471680 171.817550659180 -16.553247451782 0.005791733797 -0.101242308749 0.879078882929 -0.465764713484
3344.000000000000 222.913208007812 170.988143920898 -16.640701293945 0.008061949038 -0.101558968149 0.889111532873 -0.446207869808
3344.000000000000 222.723693847656 170.782028198242 -16.649398803711 0.008217516486 -0.101299973822 0.891423966199 -0.441626652515
3344.000000000000 222.134765625000 170.147979736328 -16.717412948608 0.009632585307 -0.101065350223 0.897178056627 -0.429842462993
3345.000000000000 221.932952880859 169.935379028320 -16.743511199951 0.010096342607 -0.101207796622 0.898659169801 -0.426692796167
3345.000000000000 221.743225097656 169.732940673828 -16.751308441162 0.010174672578 -0.100913117982 0.900156969987 -0.423592313482
3345.000000000000 221.520782470703 169.501358032227 -16.778415679932 0.010636261149 -0.100940942342 0.901472232131 -0.420767882334
3345.000000000000 221.324249267578 169.295593261719 -16.800559997559 0.011053295709 -0.101012430358 0.902613713647 -0.418285545415
3345.000000000000 221.122741699219 169.081176757812 -16.811332702637 0.011196390501 -0.100893565945 0.903664488930 -0.416035600204
3345.000000000000 220.935119628906 168.887100219727 -16.841360092163 0.011515664569 -0.100644763496 0.904594215784 -0.414061983066
3345.000000000000 220.542205810547 168.462585449219 -16.829793930054 0.011644982679 -0.101342569896 0.906351704937 -0.410025200278
3345.000000000000 219.972488403320 167.897369384766 -16.857463836670 0.012615678375 -0.101469666180 0.910364737368 -0.400974807763
3345.000000000000 219.764068603516 167.711929321289 -16.852487564087 0.012931135178 -0.101548221773 0.912557664824 -0.395928342973
3345.000000000000 219.547775268555 167.522415161133 -16.861030578613 0.013515514900 -0.101590166144 0.914452945460 -0.391500420868
3345.000000000000 219.320434570312 167.330749511719 -16.888761520386 0.014326235598 -0.101358760261 0.916264306271 -0.387273652274
3345.000000000000 219.119003295898 167.153427124023 -16.896482467651 0.014578815905 -0.101375066685 0.917728453160 -0.383777331589
3345.000000000000 218.902526855469 166.957794189453 -16.877193450928 0.014531037220 -0.101628843728 0.919147946692 -0.380299196911
3345.000000000000 218.683013916016 166.770095825195 -16.892244338989 0.014907871317 -0.101543354797 0.920480618434 -0.377070462324
3345.000000000000 218.473007202148 166.585449218750 -16.899646759033 0.015148963066 -0.101623704183 0.921502859126 -0.374533860002
3345.000000000000 218.236602783203 166.381103515625 -16.908952713013 0.015463591381 -0.101576819214 0.922565352502 -0.371908856445
3345.000000000000 218.025146484375 166.200637817383 -16.927238464355 0.016023438249 -0.101328355099 0.923498880870 -0.369629045006
3346.000000000000 217.816024780273 166.016540527344 -16.924495697021 0.016046646295 -0.101524738356 0.924325488262 -0.367501869918
3346.000000000000 217.594161987305 165.822021484375 -16.936000823975 0.016232270420 -0.101530703711 0.924927153685 -0.365975122074
3346.000000000000 217.379074096680 165.638641357422 -16.963731765747 0.016634254198 -0.101386041699 0.925498105368 -0.364550996564
3346.000000000000 217.157226562500 165.449142456055 -16.977567672729 0.017011030682 -0.101477423955 0.926159157579 -0.362825263860
3346.000000000000 216.954116821289 165.272933959961 -16.993623733521 0.017473943242 -0.101758785715 0.926544651532 -0.361738606668
3346.000000000000 216.734680175781 165.082870483398 -17.006956100464 0.017496257090 -0.101356389861 0.927034439599 -0.360593831089
3346.000000000000 216.514602661133 164.901153564453 -17.010871887207 0.017731169382 -0.101452503554 0.927958690604 -0.358169881045
3346.000000000000 216.287750244141 164.724868774414 -17.017959594727 0.018215010022 -0.101539063172 0.929250420989 -0.354755813416
3346.000000000000 215.847076416016 164.366638183594 -17.041213989258 0.018679910005 -0.101264795515 0.930727846059 -0.350916199003
3346.000000000000 215.623657226562 164.185729980469 -17.052244186401 0.019008221350 -0.101356730061 0.931331514818 -0.349266531891
3346.000000000000 215.410583496094 164.009643554688 -17.056009292603 0.019038548578 -0.101397649689 0.931805611160 -0.347986139547
3346.000000000000 215.194839477539 163.833526611328 -17.064420700073 0.019069549576 -0.101134564622 0.932301555495 -0.346730387678
3346.000000000000 214.741668701172 163.463699340820 -17.082448959351 0.019377242423 -0.101336652080 0.933118661276 -0.344448790679
3346.000000000000 214.524810791016 163.286499023438 -17.089338302612 0.019364392940 -0.101151258057 0.933486362000 -0.343506412224
3346.000000000000 214.307144165039 163.110382080078 -17.097860336304 0.019461553230 -0.101305246926 0.933843413226 -0.342483538971
3346.000000000000 214.081344604492 162.928329467773 -17.111606597900 0.019795819166 -0.101447441021 0.934119711976 -0.341667829847
3346.000000000000 213.863891601562 162.752258300781 -17.117784500122 0.019900594117 -0.101380327959 0.934449062008 -0.340779908401
3346.000000000000 213.650970458984 162.579284667969 -17.130859375000 0.019919846670 -0.101176682016 0.934644790461 -0.340302210378
3347.000000000000 213.436416625977 162.401382446289 -17.136970520020 0.019793896750 -0.100927316779 0.934755018893 -0.340080774279
3347.000000000000 213.217010498047 162.224426269531 -17.150077819824 0.020051154192 -0.100949139226 0.934955410922 -0.339507882225
3347.000000000000 213.004821777344 162.050598144531 -17.151649475098 0.020097919158 -0.101022066497 0.935153418543 -0.338937604160
3347.000000000000 212.780746459961 161.867355346680 -17.162620544434 0.020138138836 -0.101079523364 0.935235813708 -0.338690652482
3347.000000000000 212.559188842773 161.692626953125 -17.160209655762 0.020112020459 -0.101103394113 0.935772912378 -0.337198260363
3347.000000000000 212.337417602539 161.518753051758 -17.163715362549 0.020194347034 -0.101206072928 0.936215757531 -0.335930907333
3347.000000000000 212.120880126953 161.346572875977 -17.167150497437 0.020293268443 -0.101260785282 0.936501372544 -0.335111348424
3347.000000000000 211.900909423828 161.168563842773 -17.167448043823 0.020108125482 -0.101222245117 0.936677601290 -0.334641287987
3347.000000000000 211.682479858398 160.993087768555 -17.171297073364 0.019993603142 -0.101218552663 0.936845530629 -0.334178862544
3347.000000000000 211.463821411133 160.818923950195 -17.178405761719 0.020091441791 -0.101495242962 0.936990183741 -0.333683150901
3347.000000000000 211.242919921875 160.641265869141 -17.187202453613 0.020101805194 -0.101513844053 0.937047608223 -0.333515572075
3347.000000000000 211.024749755859 160.465332031250 -17.195899963379 0.020133793318 -0.101427691345 0.937085798021 -0.333432543317
3347.000000000000 210.583282470703 160.114700317383 -17.213541030884 0.020281462826 -0.101371896632 0.937383602189 -0.332602440140
3347.000000000000 210.122055053711 159.750991821289 -17.247322082520 0.020638170351 -0.101202998507 0.937554435410 -0.332150116153
3347.000000000000 209.894973754883 159.566680908203 -17.255565643311 0.020406157185 -0.101107638357 0.937514236419 -0.332306922479
3347.000000000000 209.680023193359 159.392715454102 -17.254777908325 0.020369328250 -0.101134592559 0.937587924880 -0.332093010728
3347.000000000000 209.220199584961 159.020385742188 -17.266580581665 0.020236069962 -0.100960324205 0.937580154994 -0.332176108971
3348.000000000000 209.000869750977 158.846054077148 -17.276206970215 0.020224540956 -0.100656414319 0.937694892942 -0.331945088758
3348.000000000000 208.558059692383 158.497940063477 -17.289545059204 0.020282179521 -0.100765815567 0.938087700806 -0.330796537473
3348.000000000000 208.105834960938 158.138442993164 -17.313144683838 0.020291403528 -0.100823767257 0.938112144347 -0.330708983137
3348.000000000000 207.876586914062 157.957244873047 -17.324033737183 0.020354861417 -0.100848009172 0.938176514832 -0.330515030944
3348.000000000000 207.218582153320 157.436782836914 -17.357360839844 0.020535873667 -0.100947630574 0.938304210290 -0.330110682537
3348.000000000000 206.990341186523 157.255325317383 -17.367618560791 0.020605189911 -0.101061175591 0.938299401492 -0.330085289123
3348.000000000000 206.102264404297 156.539886474609 -17.369764328003 0.020645267716 -0.101479764348 0.938321683791 -0.329890963920
3348.000000000000 205.883224487305 156.365646362305 -17.378158569336 0.020649698257 -0.101441009806 0.938339653004 -0.329851492481
3348.000000000000 205.000549316406 155.661743164062 -17.412229537964 0.020794524665 -0.101859171212 0.938265120690 -0.329925537478
3348.000000000000 204.772827148438 155.485061645508 -17.428428649902 0.021089247293 -0.101915156025 0.938368456671 -0.329595485628
3349.000000000000 204.554672241211 155.312194824219 -17.438339233398 0.020990341181 -0.101808307725 0.938398534216 -0.329549184547
3349.000000000000 204.107269287109 154.957931518555 -17.446752548218 0.021172144682 -0.101709692630 0.938579509302 -0.329052250308
3349.000000000000 203.872467041016 154.770935058594 -17.453763961792 0.021120591211 -0.101699584514 0.938580755710 -0.329055132383
3349.000000000000 203.652954101562 154.597335815430 -17.458694458008 0.021000790795 -0.101802267132 0.938650809754 -0.328831145941
3349.000000000000 203.438476562500 154.427032470703 -17.464008331299 0.020908511820 -0.101854280251 0.938678468455 -0.328741954408
3349.000000000000 203.220306396484 154.254974365234 -17.466150283813 0.020854797559 -0.102062906731 0.938780416478 -0.328389357510
3349.000000000000 202.759933471680 153.894439697266 -17.480527877808 0.020868509644 -0.102490762306 0.938949571158 -0.327771035585
3349.000000000000 202.539276123047 153.719253540039 -17.474824905396 0.020653463027 -0.102466170664 0.939092112728 -0.327383753639
3349.000000000000 202.334869384766 153.554229736328 -17.472480773926 0.020326857920 -0.102534439088 0.939047640327 -0.327510361432
3349.000000000000 202.118835449219 153.382369995117 -17.485298156738 0.020473255454 -0.102357563487 0.938934120166 -0.327881827791
3349.000000000000 201.894424438477 153.206344604492 -17.502614974976 0.020649558241 -0.102234910734 0.938888539884 -0.328039522689
3349.000000000000 201.664154052734 153.023681640625 -17.500061035156 0.020408365504 -0.102052840460 0.939023210003 -0.327725689330
3349.000000000000 201.437423706055 152.844726562500 -17.513540267944 0.020508281462 -0.101929332551 0.938974942124 -0.327896141515
3349.000000000000 201.215545654297 152.673095703125 -17.532308578491 0.020700302147 -0.101906163459 0.939007707570 -0.327797432058
3349.000000000000 201.025878906250 152.520828247070 -17.518121719360 0.020263948024 -0.102066244955 0.939186144089 -0.327263259170
3349.000000000000 200.804138183594 152.347442626953 -17.525615692139 0.020245826895 -0.102025112238 0.939262563566 -0.327057823097
3349.000000000000 200.583297729492 152.176025390625 -17.538824081421 0.020285394389 -0.102021339798 0.939312543235 -0.326912977904
3350.000000000000 199.697052001953 151.477920532227 -17.561965942383 0.020139247978 -0.101754377030 0.939433058787 -0.326658821255
3350.000000000000 199.257659912109 151.134735107422 -17.577623367310 0.020217012077 -0.101941815516 0.939520837675 -0.326342970273
3350.000000000000 199.029388427734 150.954635620117 -17.584747314453 0.020143144686 -0.101810340471 0.939513278650 -0.326410336134
3350.000000000000 198.810287475586 150.780715942383 -17.589015960693 0.019837574683 -0.101436909275 0.939525025857 -0.326511485030
3350.000000000000 198.575973510742 150.603530883789 -17.625745773315 0.020511045932 -0.101794432163 0.939434331279 -0.326619545940
3350.000000000000 198.352493286133 150.427108764648 -17.628810882568 0.020377924753 -0.101576310734 0.939487913328 -0.326541657359
3350.000000000000 198.122314453125 150.248291015625 -17.638647079468 0.020523269811 -0.101934451130 0.939520039735 -0.326328451112
3350.000000000000 197.898880004883 150.071136474609 -17.648773193359 0.020580898211 -0.101602554318 0.939446042959 -0.326641209822
3350.000000000000 197.208572387695 149.521606445312 -17.647022247314 0.020189701507 -0.102210534953 0.939423538507 -0.326540652595
3350.000000000000 196.986419677734 149.344345092773 -17.649896621704 0.019961032542 -0.102280311487 0.939372863191 -0.326678617241
3350.000000000000 196.776794433594 149.182785034180 -17.664836883545 0.020112029985 -0.102450925334 0.939414104105 -0.326497251376
3350.000000000000 196.365097045898 148.859954833984 -17.673717498779 0.019966112021 -0.101902581211 0.939584684541 -0.326186815935
3350.000000000000 195.907669067383 148.492309570312 -17.663637161255 0.019585412533 -0.101358754790 0.939586785941 -0.326373231328
3351.000000000000 195.689636230469 148.318389892578 -17.671535491943 0.019314554917 -0.101384566583 0.939477677524 -0.326695287785
3351.000000000000 195.464996337891 148.142868041992 -17.687898635864 0.019536493156 -0.101461463729 0.939415580318 -0.326836754771
3351.000000000000 195.236633300781 147.952972412109 -17.663282394409 0.018898440531 -0.101025530552 0.939426950757 -0.326976597501
3351.000000000000 194.992401123047 147.751235961914 -17.659503936768 0.018676109636 -0.101083962533 0.939191898835 -0.327645864632
3351.000000000000 194.748168945312 147.556167602539 -17.663604736328 0.018647518931 -0.101000142537 0.939166936738 -0.327744879722
3351.000000000000 194.278030395508 147.200988769531 -17.734857559204 0.019586898426 -0.102451260362 0.939079369597 -0.327490504072
3351.000000000000 194.044097900391 147.014480590820 -17.739784240723 0.019438177747 -0.102169144805 0.939076435581 -0.327595896239
3351.000000000000 193.602050781250 146.664657592773 -17.761320114136 0.019367936554 -0.102098736504 0.938991528946 -0.327865276609
3351.000000000000 193.394104003906 146.495025634766 -17.755670547485 0.019004153761 -0.102192264139 0.938924774060 -0.328048551203
3351.000000000000 192.958984375000 146.150604248047 -17.770921707153 0.019165615512 -0.102400582153 0.938905741230 -0.328028671067
3351.000000000000 192.735198974609 145.973526000977 -17.780755996704 0.019092531807 -0.102241983807 0.938906278949 -0.328080860957
3351.000000000000 192.512451171875 145.795211791992 -17.783622741699 0.019134425705 -0.102353929825 0.938869153894 -0.328149750372
3351.000000000000 192.286911010742 145.614105224609 -17.785970687866 0.018947331658 -0.102155551452 0.938856744352 -0.328257910056
3351.000000000000 192.037612915039 145.413848876953 -17.799221038818 0.019024867121 -0.101940844439 0.938720277711 -0.328710144171
3351.000000000000 191.809204101562 145.232406616211 -17.813627243042 0.019194811143 -0.102226451636 0.938610478434 -0.328925039463
3351.000000000000 191.572662353516 145.046234130859 -17.827682495117 0.019243881282 -0.102361160666 0.938609829023 -0.328882128858
3351.000000000000 191.357421875000 144.873306274414 -17.832166671753 0.019002507244 -0.102095766794 0.938599836743 -0.329007151269
3352.000000000000 191.132522583008 144.696853637695 -17.846284866333 0.019034870065 -0.101941219146 0.938644983803 -0.328924392439
3352.000000000000 190.908035278320 144.515777587891 -17.850969314575 0.018856809507 -0.102041686769 0.938567975921 -0.329123182823
3352.000000000000 190.687149047852 144.342559814453 -17.866523742676 0.018987567207 -0.101949633816 0.938590869228 -0.329078903393
3352.000000000000 190.458435058594 144.156524658203 -17.867542266846 0.018899303720 -0.102492285497 0.938451533986 -0.329312717779
3352.000000000000 190.237808227539 143.981628417969 -17.871210098267 0.018906193960 -0.102744430026 0.938515150455 -0.329052351907
3352.000000000000 190.020889282227 143.809890747070 -17.879913330078 0.018833608061 -0.102490876386 0.938567300078 -0.328986836651
3352.000000000000 189.803054809570 143.637603759766 -17.890893936157 0.018905217224 -0.102804147196 0.938538434949 -0.328967333035
3352.000000000000 189.574447631836 143.460220336914 -17.913137435913 0.019165873802 -0.102867878549 0.938545761615 -0.328911419989
3352.000000000000 189.330093383789 143.263839721680 -17.912378311157 0.019129510015 -0.102952912947 0.938556834242 -0.328855330593
3352.000000000000 189.109176635742 143.091842651367 -17.926597595215 0.019209820271 -0.102962705895 0.938636029343 -0.328621466765
3352.000000000000 188.894760131836 142.919860839844 -17.931274414062 0.019269196536 -0.102947368554 0.938590692937 -0.328752260075
3352.000000000000 188.682052612305 142.748703002930 -17.934049606323 0.019057774436 -0.102712252676 0.938582312653 -0.328862033015
3352.000000000000 188.454528808594 142.565307617188 -17.931007385254 0.019019390509 -0.102812733906 0.938594096914 -0.328799218018
3352.000000000000 188.232635498047 142.392715454102 -17.938934326172 0.019105561898 -0.102952333176 0.938744520044 -0.328320758840
3352.000000000000 188.009796142578 142.218185424805 -17.953750610352 0.019050589657 -0.102837220609 0.938771829054 -0.328281942948
3352.000000000000 187.798065185547 142.050079345703 -17.958406448364 0.018882964338 -0.102534963390 0.938832856942 -0.328211641577
3352.000000000000 187.583831787109 141.880645751953 -17.971084594727 0.019038442516 -0.102647953748 0.938767796370 -0.328353406860
3352.000000000000 187.363281250000 141.701309204102 -17.956441879272 0.018733242242 -0.102858017191 0.938836217983 -0.328109508760
3352.000000000000 187.140701293945 141.519882202148 -17.963939666748 0.018498544608 -0.102776566509 0.938636130416 -0.328720239569
3352.000000000000 186.923889160156 141.352035522461 -17.987901687622 0.018536877424 -0.102700491392 0.938642505285 -0.328723653720
3353.000000000000 186.697128295898 141.177902221680 -18.012912750244 0.018670368648 -0.102624516713 0.938707005898 -0.328555601051
3353.000000000000 186.467773437500 140.996612548828 -18.017416000366 0.018760154183 -0.102615613877 0.938779608521 -0.328345761400
3353.000000000000 186.238006591797 140.816543579102 -18.031391143799 0.019014239347 -0.102841991017 0.938771350248 -0.328283925191
3353.000000000000 185.783584594727 140.454971313477 -18.046159744263 0.018945319395 -0.103387607952 0.938684262925 -0.328365546200
3353.000000000000 185.542938232422 140.257217407227 -18.046123504639 0.018628612091 -0.103241152946 0.938529204545 -0.328872576185
3353.000000000000 185.127380371094 139.928634643555 -18.053873062134 0.018846542851 -0.103151814980 0.938703686210 -0.328389860357
3353.000000000000 184.897399902344 139.744537353516 -18.065324783325 0.018609802134 -0.103287633012 0.938594473815 -0.328672715411
3353.000000000000 184.677658081055 139.567443847656 -18.064702987671 0.018527659826 -0.103380497758 0.938578920096 -0.328692575601
3353.000000000000 184.045532226562 139.068191528320 -18.102659225464 0.018656125626 -0.103283399904 0.938523728390 -0.328873379174
3353.000000000000 183.825119018555 138.893661499023 -18.114173889160 0.018678902344 -0.103356713111 0.938503600535 -0.328906491642
3353.000000000000 183.598037719727 138.712112426758 -18.115846633911 0.018666387196 -0.103383006482 0.938534558344 -0.328810587958
3353.000000000000 183.390075683594 138.544647216797 -18.114936828613 0.018573267369 -0.103492684993 0.938533516637 -0.328784330591
3353.000000000000 183.165161132812 138.367233276367 -18.133781433105 0.018712327989 -0.103805310003 0.938427187044 -0.328981338397
3353.000000000000 182.713607788086 138.011627197266 -18.162021636963 0.018807494598 -0.103566266225 0.938458054900 -0.328963198306
3353.000000000000 182.484115600586 137.825363159180 -18.165056228638 0.018728345625 -0.103547926747 0.938363299427 -0.329243669985
3354.000000000000 182.250015258789 137.641479492188 -18.173406600952 0.018984790598 -0.104052490002 0.938411838967 -0.328931417678
3354.000000000000 182.035339355469 137.473327636719 -18.191257476807 0.018960481603 -0.104146800538 0.938395557504 -0.328949421237
3354.000000000000 181.801177978516 137.286712646484 -18.200489044189 0.019053799252 -0.104224119457 0.938358456096 -0.329025369129
3354.000000000000 181.357833862305 136.936080932617 -18.218429565430 0.018994926672 -0.104057111979 0.938445277546 -0.328833956974
3354.000000000000 181.159957885742 136.778778076172 -18.218603134155 0.018969811772 -0.103576712186 0.938585505472 -0.328586761527
3354.000000000000 180.942947387695 136.608993530273 -18.228757858276 0.019163013296 -0.103806470473 0.938639832291 -0.328347774236
3354.000000000000 180.687423706055 136.401321411133 -18.237775802612 0.019316844512 -0.104045509453 0.938418360066 -0.328895687069
3354.000000000000 180.431030273438 136.191497802734 -18.238756179810 0.019095139120 -0.103868537696 0.938303116554 -0.329293127782
3354.000000000000 179.914306640625 135.787826538086 -18.268457412720 0.019578795591 -0.104131725460 0.938440124991 -0.328790794158
3354.000000000000 179.455780029297 135.421112060547 -18.266376495361 0.019291208749 -0.103552329546 0.938624889228 -0.328463211993
3354.000000000000 179.235092163086 135.247314453125 -18.277429580688 0.019339134502 -0.103660644221 0.938632451264 -0.328404613474
3354.000000000000 179.034088134766 135.089401245117 -18.287958145142 0.019361297899 -0.103482267313 0.938678353730 -0.328328355058
3354.000000000000 178.839492797852 134.930694580078 -18.276502609253 0.019187498568 -0.102969469396 0.938764118461 -0.328254563047
3354.000000000000 178.617767333984 134.757675170898 -18.289243698120 0.019302251832 -0.102971452871 0.938821580073 -0.328082830635
3354.000000000000 178.125900268555 134.371047973633 -18.309488296509 0.019150371693 -0.102537244293 0.938958357357 -0.327836209023
3354.000000000000 177.875808715820 134.176208496094 -18.311719894409 0.019158754105 -0.102434919849 0.939158648387 -0.327293541789
3355.000000000000 177.645126342773 133.992309570312 -18.315761566162 0.019030694868 -0.102374987435 0.939139647596 -0.327374276499
3355.000000000000 177.157592773438 133.612884521484 -18.357202529907 0.019451315802 -0.102840634596 0.939035876409 -0.327501256495
3355.000000000000 176.913894653320 133.419555664062 -18.353790283203 0.019543670258 -0.102855939523 0.939128162946 -0.327226212609
3355.000000000000 176.689453125000 133.242019653320 -18.364717483521 0.019765108175 -0.103125270599 0.939035889256 -0.327392910358
3355.000000000000 176.473083496094 133.071746826172 -18.365932464600 0.019624054616 -0.103245373247 0.939137890487 -0.327070805843
3355.000000000000 176.249923706055 132.891204833984 -18.357601165771 0.019282603030 -0.102693055364 0.939197746975 -0.327093120803
3355.000000000000 176.040130615234 132.727615356445 -18.354612350464 0.019294040408 -0.103102672685 0.939380403715 -0.326438410741
3355.000000000000 175.808212280273 132.545806884766 -18.352207183838 0.019089364212 -0.103263223434 0.939523066878 -0.325988818311
3355.000000000000 175.594238281250 132.383850097656 -18.366979598999 0.019406943632 -0.103322506178 0.939691110887 -0.325466505768
3355.000000000000 175.353759765625 132.180953979492 -18.346363067627 0.018595491016 -0.103295021575 0.939463865299 -0.326177853369
3355.000000000000 175.126434326172 132.002487182617 -18.355867385864 0.018707360767 -0.103522645563 0.939426270261 -0.326207570808
3355.000000000000 174.905868530273 131.833450317383 -18.366729736328 0.018944553443 -0.103598451131 0.939563650361 -0.325773865955
3355.000000000000 174.659530639648 131.643173217773 -18.394332885742 0.019137444518 -0.103683193344 0.939456654429 -0.326044089173
3355.000000000000 174.453964233398 131.480239868164 -18.379692077637 0.018721803219 -0.103452308197 0.939711108208 -0.325407662975
3355.000000000000 174.195358276367 131.279510498047 -18.361648559570 0.018689177171 -0.103627180243 0.940047036918 -0.324382013302
3355.000000000000 173.957748413086 131.096771240234 -18.383081436157 0.018823570151 -0.103507652835 0.940007650528 -0.324526510412
3355.000000000000 173.738815307617 130.931442260742 -18.392160415649 0.018767833654 -0.103305096481 0.940260940213 -0.323859830436
3355.000000000000 173.513809204102 130.745330810547 -18.378509521484 0.018096914553 -0.103338510142 0.940060391487 -0.324468972880
3355.000000000000 173.283706665039 130.563629150391 -18.389406204224 0.018056581441 -0.103121895085 0.939954294829 -0.324847284510
3356.000000000000 173.081588745117 130.405624389648 -18.392608642578 0.017864716359 -0.102957159535 0.940025996381 -0.324702635249
3356.000000000000 172.844116210938 130.225601196289 -18.421493530273 0.017973503103 -0.103114876799 0.940001680152 -0.324716979352
3356.000000000000 172.607666015625 130.036834716797 -18.420431137085 0.018041499053 -0.103244183705 0.939917614846 -0.324915404600
3356.000000000000 172.360717773438 129.842437744141 -18.432685852051 0.018055084259 -0.103053490103 0.939839258523 -0.325201722394
3356.000000000000 172.136199951172 129.672180175781 -18.460784912109 0.018132641568 -0.103099382412 0.939831389394 -0.325205602914
3356.000000000000 171.667877197266 129.304656982422 -18.462038040161 0.017981669853 -0.102561357142 0.940015143732 -0.324852823792
3356.000000000000 171.439636230469 129.125915527344 -18.467082977295 0.017888017631 -0.102388660025 0.940050418830 -0.324810392662
3356.000000000000 171.203826904297 128.927246093750 -18.441711425781 0.017601014257 -0.102774193905 0.939801549881 -0.325423902328
3356.000000000000 170.987258911133 128.760070800781 -18.459978103638 0.017782410652 -0.102734317825 0.939778425254 -0.325493405832
3356.000000000000 170.756011962891 128.581558227539 -18.472398757935 0.018009970845 -0.102643945594 0.939840607254 -0.325329823931
3356.000000000000 170.523941040039 128.400360107422 -18.479915618896 0.017975411935 -0.102691375394 0.939866101439 -0.325243105003
3356.000000000000 170.280303955078 128.210937500000 -18.492660522461 0.018035342092 -0.102913274738 0.939847314643 -0.325223937429
3356.000000000000 170.071701049805 128.048065185547 -18.492876052856 0.017983149503 -0.102959679124 0.939953510641 -0.324905076358
3356.000000000000 169.861801147461 127.885421752930 -18.501134872437 0.018042872237 -0.103140941917 0.939987985181 -0.324744497377
3356.000000000000 169.404891967773 127.526885986328 -18.517539978027 0.018141711545 -0.102973115547 0.939918591698 -0.324993010320
3356.000000000000 169.187942504883 127.354621887207 -18.526590347290 0.018099353282 -0.102963556532 0.939782124331 -0.325392806044
3356.000000000000 168.983901977539 127.195129394531 -18.515773773193 0.017860445417 -0.102734015984 0.940064023812 -0.324663452799
3356.000000000000 168.739379882812 127.002143859863 -18.507007598877 0.017581108193 -0.102845789862 0.940169533271 -0.324337627868
3357.000000000000 168.511123657227 126.823509216309 -18.518323898315 0.017500186502 -0.102817208616 0.940107930737 -0.324529572843
3357.000000000000 168.284210205078 126.647369384766 -18.527915954590 0.017547458746 -0.102527292905 0.940153319253 -0.324487252754
3357.000000000000 168.051361083984 126.470382690430 -18.548501968384 0.017654284170 -0.102417123276 0.940216044216 -0.324334471354
3357.000000000000 167.608535766602 126.126495361328 -18.562213897705 0.017665480161 -0.102331583463 0.940302447717 -0.324110297049
3357.000000000000 167.386795043945 125.954734802246 -18.576017379761 0.017618149951 -0.102396815472 0.940267661611 -0.324193179297
3357.000000000000 167.161422729492 125.774673461914 -18.576078414917 0.017544728374 -0.102478081205 0.940157807002 -0.324489943313
3357.000000000000 166.923049926758 125.592277526855 -18.571905136108 0.017425882830 -0.102592603106 0.940441772035 -0.323636168881
3357.000000000000 166.691970825195 125.416152954102 -18.589529037476 0.017423380024 -0.102543424958 0.940486651784 -0.323521451594
3357.000000000000 166.474121093750 125.244972229004 -18.590671539307 0.017460789675 -0.102712524851 0.940458129281 -0.323548705966
3357.000000000000 166.234054565430 125.060607910156 -18.604219436646 0.017393155008 -0.102529117728 0.940510287649 -0.323458895384
3357.000000000000 166.015106201172 124.890808105469 -18.611063003540 0.017541274314 -0.102544014656 0.940521559009 -0.323413397672
3357.000000000000 165.781494140625 124.705360412598 -18.590566635132 0.017578923014 -0.102951915510 0.940631072660 -0.322962954074
3357.000000000000 165.563598632812 124.537910461426 -18.606409072876 0.017591444071 -0.103058476357 0.940584199462 -0.323064784941
3357.000000000000 165.334503173828 124.361106872559 -18.615148544312 0.017601354253 -0.102780790900 0.940635696136 -0.323002768571
3357.000000000000 165.107055664062 124.182731628418 -18.618890762329 0.017569996772 -0.102765648423 0.940595164060 -0.323127303186
3357.000000000000 164.883819580078 124.008018493652 -18.620889663696 0.017501353984 -0.102681643419 0.940603154566 -0.323134474072
3357.000000000000 164.217727661133 123.489067077637 -18.634954452515 0.018003509886 -0.103706472218 0.940483207854 -0.323128731308
3358.000000000000 163.979049682617 123.301406860352 -18.634605407715 0.018059475463 -0.103915299304 0.940450978971 -0.323152320228
3358.000000000000 163.746292114258 123.127403259277 -18.650302886963 0.018237333630 -0.103997276543 0.940627411231 -0.322601982907
3358.000000000000 163.518890380859 122.952072143555 -18.662368774414 0.018396303154 -0.104017802984 0.940594756854 -0.322681539714
3358.000000000000 162.855804443359 122.431419372559 -18.679271697998 0.018260596717 -0.103949170581 0.940346507601 -0.323434021379
3358.000000000000 162.630599975586 122.261955261230 -18.693754196167 0.018270065902 -0.104089176098 0.940494111236 -0.322958936772
3358.000000000000 162.404129028320 122.086914062500 -18.705509185791 0.018321034240 -0.104009885799 0.940472780888 -0.323043699473
3358.000000000000 162.174713134766 121.908714294434 -18.707487106323 0.018329254789 -0.104001399354 0.940527387242 -0.322886948017
3358.000000000000 161.943634033203 121.731819152832 -18.725839614868 0.018209246974 -0.103624234618 0.940539312605 -0.322980251362
3358.000000000000 161.719345092773 121.553283691406 -18.729715347290 0.018193741062 -0.103794448436 0.940362635489 -0.323440588110
3358.000000000000 161.500137329102 121.383415222168 -18.739278793335 0.018262366983 -0.104040455148 0.940329008820 -0.323455444872
3358.000000000000 161.282562255859 121.216819763184 -18.759916305542 0.018286710941 -0.103873597238 0.940290513718 -0.323619563395
3358.000000000000 161.057144165039 121.040451049805 -18.768804550171 0.018226467252 -0.103839285271 0.940232233157 -0.323803252699
3358.000000000000 160.837631225586 120.872032165527 -18.782186508179 0.018270772706 -0.103854369285 0.940263528790 -0.323705028185
3358.000000000000 160.610336303711 120.695365905762 -18.791696548462 0.018229564345 -0.103840106148 0.940250107414 -0.323750908642
3358.000000000000 160.148117065430 120.334922790527 -18.808767318726 0.018142963678 -0.103841134977 0.940199502411 -0.323902372979
3358.000000000000 159.919052124023 120.151176452637 -18.789808273315 0.017894907854 -0.104078512379 0.940265548655 -0.323648163207
3358.000000000000 159.681838989258 119.967277526855 -18.794721603394 0.017890119357 -0.104331108110 0.940301440573 -0.323462771221
3359.000000000000 159.456375122070 119.790283203125 -18.804613113403 0.017725386219 -0.104222999057 0.940214483400 -0.323759327828
3359.000000000000 159.007583618164 119.435096740723 -18.788490295410 0.017507408118 -0.104507477418 0.940307982629 -0.323407754434
3359.000000000000 158.781341552734 119.260139465332 -18.804395675659 0.017654759881 -0.104535015638 0.940236701294 -0.323598030739
3359.000000000000 158.557693481445 119.086830139160 -18.818279266357 0.017623720924 -0.104391446250 0.940202735092 -0.323744725573
3359.000000000000 158.324172973633 118.905662536621 -18.829345703125 0.017650361933 -0.104205657425 0.940205704212 -0.323794501887
3359.000000000000 158.100585937500 118.732719421387 -18.837932586670 0.017583120701 -0.104035629037 0.940260048362 -0.323695015736
3359.000000000000 157.869750976562 118.551345825195 -18.839422225952 0.017474203812 -0.103914623829 0.940272325774 -0.323704118817
3359.000000000000 157.191497802734 118.018898010254 -18.844919204712 0.016995626910 -0.103926731600 0.940290495893 -0.323672931302
3359.000000000000 156.962951660156 117.841781616211 -18.857658386230 0.016964623095 -0.103762204698 0.940278793074 -0.323761328351
3359.000000000000 156.741561889648 117.670005798340 -18.865951538086 0.016923763571 -0.103603367560 0.940309508495 -0.323725125207
3359.000000000000 156.521179199219 117.495513916016 -18.866544723511 0.016828676737 -0.103793076340 0.940244252862 -0.323858824031
3359.000000000000 156.080993652344 117.154525756836 -18.882411956787 0.016766839972 -0.103939580383 0.940301588437 -0.323648512263
3359.000000000000 155.860076904297 116.981437683105 -18.890115737915 0.016753757050 -0.103880632162 0.940250011321 -0.323817915035
3359.000000000000 155.629531860352 116.802383422852 -18.908603668213 0.016915920359 -0.103876489951 0.940137573464 -0.324137115176
3359.000000000000 155.399032592773 116.621673583984 -18.920295715332 0.016911289567 -0.103815393945 0.940055261123 -0.324395558387
3360.000000000000 154.511032104492 115.930404663086 -18.959564208984 0.016941295671 -0.103673800863 0.940037615980 -0.324490394401
3360.000000000000 154.070877075195 115.581428527832 -18.965412139893 0.016692832789 -0.103987072498 0.939891986015 -0.324824710747
3360.000000000000 153.846343994141 115.407524108887 -18.984693527222 0.016931657514 -0.103894901317 0.939825240449 -0.325034899463
3360.000000000000 153.602539062500 115.208381652832 -18.971914291382 0.016605446735 -0.103956071273 0.939729092052 -0.325310048932
